GDS1319 CPB
4 17 56 85 102 162 192 249 295 895 1018 1232 1314 1394 1415 1421 1609 1683 1723 1822 1828 1849 1918 1990 1999 2025 2041 2073 2084 2090 2232 2233 2263 2265 2328 2333 2342 2362 2411 2429 2513 2567 2629 2766 2767 2791 2792 2863 2877 2882 2946 2995 3049 3052 3062 3069 3157 3244 3245 3287 3294 3297 3298 3302 3336 3354 3372 3442 3511 3576 3584 3603 3615 3618 3661 3682 3697 3719 3751 3845 3853 3864 3881 3905 3942 4090 4092 4132 4189 4261 4323 4538 4710 4779 4849 4872 4950 5036 5682 6090 6199 6230 6291 6339 6815 6905 6928 7012 7110 7113 7175 7212 7231 7312 7341 7342 7426 7765 7795 7981 8308 8353 8371 8381 8511 8526 8607 8649 8703 8713 8783 8831 8906 8976 9015 9284 9529 9582 9644 9803 9858 9901 9924 9927 10049 10065 10092 10093 10220 10238 10491 10597 10702 10750 10765 10794 10820 10828 10960 11068 11149 11156 11202 11474 11571 11681 11737 11900 11914 11968 12205 12528 12549 12712 12982 13056 13599 13901 14006 14136 14314 14428 14483 14600 14740 14746 14913 14964 14997 15047 15147 15154 15170 15232 15255 15290 15492 15509 15556 15572 15795 15821 16382 16453 16548 16569 16635 16857 16930 16959 17041 17299 17350 17485 17549 18035 18156 18325 18332 18387 18439 18509 18531 18621 18624 19045 19100 19195 19535 19624 19734 19775 19828 19844 19963 20166 20282 20359 20483 20577 20615 20631 20670 20751 20816 20869 20991 21058 21110 21127 21128 21130 21142 21312 21319 21439 21454 21471 21496 21505 21581 21687 21718 21736 21892 22140 22186 22239 22287 22297 22360 22456 22493 22495 22543 | 0 1 2 3 4 5 6 7 8 9 10 11 12 13 14 15 16 17 18 19 20 21 22 23 24 25 26 27 28 29 30 31 32 33 34 35 36 37 38 39 40 41 42 43 44 45 46 47 48 49 50 51 52 53 54 55 56 57 58 59 60 61 62 63 64 65 66 67 68 69 70 71 72 73 74 75 76 77 78 79 80 81 82 83 84 85 86 87 88 89 90 91 92 93 94 95 96 97 98 99 100 101 102 103 104 105 106 107 108 109 110 111 112 113 114 115 116 118 119 120 121 122
GDS1319 CPB
1136 1338 2084 2251 2342 3354 3854 3885 4261 4385 5178 5361 6633 7110 7175 7981 8353 8367 8381 8511 8607 8649 9803 10049 10065 10491 10592 10709 10794 11156 11304 11571 11900 12766 13147 13223 13459 14740 14967 15042 15232 15319 15457 15526 15821 16050 16254 16304 16382 16449 16453 16516 17166 17698 17789 18268 18387 18392 18400 18504 19223 19535 19824 19844 19963 20128 20316 20319 20670 20991 21004 21110 21500 22239 22287 22356 22360 22362 22456 | 10 11 12 13 14 15 16 17 18 19 20 21 22 23 24 27 29 30 32 33 44 45 47 48 49 50 51 52 53 54 55 56 59 60 72 75 76 77 78 79 80 81 82 83 84 85 86 87 88 89 90 91 92 93 94 112 114 116 118 119 120 121 122
GDS1319 CPB
1052 1061 1468 2821 3233 3467 4766 4898 4911 4920 5228 5509 5596 5697 5855 5985 6319 6346 6838 6840 6945 7028 7073 7262 7582 8113 8175 8190 8201 8204 8247 8493 8795 8929 9956 9979 10287 10422 10729 11324 12077 12116 12173 12200 12215 12644 12699 12824 12850 13176 13194 13208 13395 13727 13995 14020 14093 14410 14738 15281 15449 16698 17120 17469 20485 21143 21514 21894 | 3 4 5 6 7 8 9 10 14 15 16 18 19 20 21 23 24 27 35 37 38 39 42 43 45 47 48 49 50 51 52 53 55 63 65 66 67 70 77 78 79 80 81 82 83 84 85 86 101 102 104 108 110 112
GDS1319 CPB
22548 22549 22550 22551 22552 22553 22570 22571 22573 22574 22594 22595 22605 22606 22607 22608 22609 22610 22612 22613 | 0 1 5 7 8 10 11 14 16 18 19 20 21 22 28 29 32 33 38 40 49 50 59 60 65 68 76 88 90 91 98 99 103 106 107 109 116
GDS1319 CPB
979 3480 4541 4932 18024 21073 22548 22549 22550 22551 22553 22570 22571 22605 22606 22607 22608 22610 22612 22613 | 6 7 21 28 29 34 38 45 50 52 53 55 56 60 65 68 69 72 73 75 79 84 86 89 91 98 99 103 105 107 111 114 116 118
GDS1319 CPB
1478 2026 2375 4274 4464 4726 4839 6814 7022 7027 7345 7497 7570 7774 8304 9774 11244 11309 12238 13486 14336 14537 15380 15596 16542 16785 17049 17057 18062 18122 18274 18700 19013 19194 19422 20133 20329 20906 21170 22065 22203 22305 22322 | 3 4 5 6 10 11 12 39 52 87
GDS1319 CPB
647 1168 4574 5937 6682 6827 7822 8250 8738 9306 10487 11193 11361 16125 18186 20266 20408 | 3 5 7 8 11 12 26 35 36 37 39 41 46 47 53 67 70 95 110 116 120 121
GDS1319 CPB
5126 22549 22551 22552 22570 22571 22572 22593 22606 22608 22609 22612 22613 | 1 8 14 16 19 20 22 24 25 28 30 32 33 34 43 48 75 90 109 114
GDS1319 CPB
1639 1936 2387 3888 5460 5985 7115 8348 8909 12008 12344 14151 14174 14245 16896 18290 18722 19546 21402 22392 | 49 55 79 80 84 87 105 107 109 120 122
GDS1319 CPB
1339 3153 3935 4060 5660 6755 7468 7481 9311 10681 10865 13790 15332 15754 18027 18441 20616 20716 | 6 8 16 32 33 34 83 85 88 92 107 122
GDS1319 CPB
204 2288 4941 5159 6370 8435 9028 9771 11665 12495 14137 17706 18193 18549 19805 20517 21151 | 3 9 14 34 62 66 86 94 96 97 102 120
GDS1319 CPB
1009 1021 1079 1425 2667 6200 6315 7486 11878 13811 14268 17815 18300 21146 21665 | 21 23 28 30 37 38 52 82 89 104 107 110 116
GDS1319 CPB
294 509 5616 7261 7770 8602 9060 9447 9736 10955 14624 17325 17974 20129 21298 | 5 10 11 12 28 67 86 91 99 112 113 121
GDS1319 CPB
99 5256 6978 8950 11199 11371 12572 12810 13751 14675 19207 19591 21960 | 11 12 14 16 17 48 52 64 75 93 111 120 122
GDS1319 CPB
304 527 1339 2234 3462 3838 5936 7074 11578 13454 14288 19728 | 1 7 22 24 26 40 58 67 68 91 96 109 110
GDS1319 CPB
4518 7358 7877 7918 8872 9618 11606 12845 14295 15323 16478 18489 22565 | 11 27 28 29 56 59 83 96 101 105 109 121
GDS1319 CPB
455 1905 2446 4526 9526 9626 10905 11337 11728 19479 21015 | 11 12 13 19 28 52 55 56 68 96 101 107 118
GDS1319 CPB
6003 6226 9451 10951 11349 11951 12886 15658 17791 18475 19877 20725 22251 | 18 19 21 22 23 30 31 51 60 72
GDS1319 CPB
1082 4793 4831 6168 6946 9200 12683 13990 16840 17379 18327 20167 22294 | 10 15 18 23 35 68 80 86 109
GDS1319 CPB
7365 10904 22415 | 0 1 2 4 6 9 21 25 26 32 33 37 49 59 62 65 66 70 71 80 83 85 89 93 94 96 97 101 107 111 112 114 116 117 119 120 121 122
GDS1319 CPB
2269 7881 15708 | 0 1 2 4 6 11 13 15 17 21 22 27 30 39 45 47 48 49 50 56 62 66 68 72 74 76 77 79 80 81 86 93 102 106 108 114 121 122
GDS1319 CPB
692 17385 22622 | 1 2 4 8 11 12 13 15 18 19 22 24 34 40 41 43 49 50 51 53 55 56 57 63 64 83 84 86 88 90 91 92 97 101 103 107 111 117
GDS1319 CPB
10265 12498 14737 | 0 1 2 4 8 14 15 16 18 20 21 24 27 31 36 40 42 46 48 50 55 66 67 68 70 72 76 78 87 93 94 96 98 103 105 107 111 112
GDS1319 CPB
1021 5857 11039 | 0 2 4 5 7 13 14 16 20 22 25 26 32 33 35 36 39 43 44 46 48 50 62 63 64 69 71 76 93 94 96 97 100 101 111 116 118
GDS1319 CPB
3773 4647 4923 8352 11078 12877 14555 16223 17345 21244 21299 | 3 7 9 19 55 80 95 110 112 118
GDS1319 CPB
6068 10898 12721 | 0 1 4 5 6 7 11 12 14 16 17 20 21 22 25 30 33 37 38 39 53 58 62 63 64 71 76 77 78 80 85 86 89 96 107 117
GDS1319 CPB
955 9909 14771 | 2 6 7 10 12 13 15 18 20 21 22 32 36 38 39 40 43 44 48 50 51 54 57 66 68 73 76 80 90 92 96 110 112 116 119 120
GDS1319 CPB
10966 12225 17446 | 0 3 4 13 14 16 23 26 33 36 37 38 45 47 51 59 60 67 75 80 82 84 85 90 91 96 102 105 109 110 115 116 117 118 119 121
GDS1319 CPB
521 7738 8588 | 1 3 5 10 14 16 21 22 23 25 27 28 31 32 42 51 53 56 61 63 66 67 72 81 82 86 87 92 94 95 98 101 119 121 122
GDS1319 CPB
4482 17746 20309 | 4 8 15 20 22 23 26 31 32 35 37 38 39 40 41 46 47 48 55 56 59 60 66 67 72 86 88 91 93 98 103 104 110 120 122
GDS1319 CPB
9951 13382 14011 | 0 1 4 6 13 18 19 20 21 22 23 24 29 33 37 52 53 55 63 64 66 67 70 72 75 80 84 86 92 97 101 103 113 118
GDS1319 CPB
4428 6009 19128 | 3 5 6 7 10 13 14 16 17 25 27 29 31 32 33 37 39 45 46 48 50 59 66 67 73 77 81 90 92 94 103 105 114 118
GDS1319 CPB
758 5795 6822 8393 14611 14639 15722 17119 20859 22254 | 0 26 27 52 60 82 85 87 88 97
GDS1319 CPB
1065 1322 8635 11705 13222 13416 13998 14249 16543 19651 21067 | 14 15 16 19 21 31 33 37 95
GDS1319 CPB
6553 13226 19108 | 0 1 5 6 7 9 12 15 18 27 28 32 33 41 51 52 56 60 61 62 63 69 72 85 90 91 102 107 116 119 120 121 122
GDS1319 CPB
4943 8971 9021 | 0 7 8 9 10 11 13 18 19 20 22 25 33 48 52 59 63 72 79 85 86 88 97 98 99 103 104 107 112 116 118 119
GDS1319 CPB
837 4800 7856 15513 16270 20092 20695 21165 | 12 20 24 41 52 61 63 77 95 97 104 116
GDS1319 CPB
10856 12121 20742 | 0 9 10 11 12 15 20 21 23 30 33 35 42 47 49 52 60 65 72 76 78 81 87 95 100 103 105 110 114 119 120 122
GDS1319 CPB
7305 9204 14141 | 0 4 5 9 10 14 18 19 28 29 30 32 33 34 35 38 41 42 54 61 63 64 67 70 73 85 86 87 91 95 121 122
GDS1319 CPB
1418 10194 13535 | 7 8 13 15 16 24 25 26 29 31 32 40 44 45 47 54 57 61 63 67 71 73 76 79 86 90 98 108 112 118 120 122
GDS1319 CPB
4164 6096 11983 | 2 3 5 7 10 13 16 26 28 30 33 39 42 51 57 60 62 66 67 68 69 74 79 80 82 91 92 93 94 108 115
GDS1319 CPB
4396 17912 21145 | 0 1 2 11 12 14 20 21 25 28 32 33 37 38 45 46 48 49 50 56 58 64 70 82 84 91 92 104 105 112 113
GDS1319 CPB
413 414 976 | 2 4 6 7 9 11 13 18 21 23 24 37 38 41 44 46 48 56 66 70 81 82 86 87 92 97 104 112 113 120 122
GDS1319 CPB
6574 14701 15181 | 1 4 6 7 9 11 16 21 22 25 45 49 55 63 66 68 70 73 74 79 82 93 96 98 102 103 104 107 113 117 122
GDS1319 CPB
4693 8557 13135 | 3 5 9 11 14 15 16 18 19 21 23 24 26 31 33 39 46 63 67 74 77 78 80 83 86 88 96 97 110 122
GDS1319 CPB
7427 17780 19034 | 3 10 11 16 19 20 25 26 28 29 35 43 54 64 66 67 68 69 70 80 82 84 86 87 88 94 104 105 106 122
GDS1319 CPB
12647 18452 19795 | 7 8 10 18 24 27 30 31 37 41 43 44 46 52 54 61 63 66 71 83 85 87 88 95 102 105 106 113 117 119
GDS1319 CPB
1177 14971 18324 | 1 3 4 5 6 11 12 13 14 21 31 39 41 44 46 62 65 66 81 83 85 87 90 98 99 100 101 102 114 122
GDS1319 CPB
662 14237 19673 | 4 7 10 12 17 18 19 22 27 28 32 38 39 52 55 66 67 72 73 79 89 90 93 100 103 104 113 119 120
GDS1319 CPB
6976 7041 17272 | 1 2 4 12 13 14 20 21 23 31 32 36 37 42 49 50 51 53 61 63 64 66 68 73 93 95 97 112 113
GDS1319 CPB
2391 19660 21950 | 0 3 7 8 9 13 15 17 27 30 32 36 38 41 48 52 60 64 66 67 77 80 86 93 95 103 107 119 122
GDS1319 CPB
14539 16063 16626 | 0 2 3 6 11 12 14 19 21 22 24 25 26 28 29 30 33 44 46 51 54 56 69 78 85 92 107 112 121
GDS1319 CPB
5973 11863 20354 | 1 4 7 18 19 21 23 24 30 39 40 51 56 61 67 70 76 80 87 90 91 100 104 108 119 120 121 122
GDS1319 CPB
1284 5380 8520 | 6 8 10 12 16 17 18 22 23 26 49 53 59 63 65 71 72 76 79 80 82 89 94 106 113 118 120 122
GDS1319 CPB
4728 7172 8695 | 0 5 6 9 13 23 25 26 29 33 40 52 53 60 62 63 65 66 67 82 87 89 93 102 103 108 115 120
GDS1319 CPB
5011 15389 20849 | 1 10 14 15 16 26 27 29 34 36 37 38 39 40 42 43 45 47 55 62 63 65 66 70 72 76 90 93
GDS1319 CPB
13201 13243 21008 | 1 2 4 15 18 19 21 33 35 39 41 54 55 57 66 67 68 71 79 84 94 96 98 99 115 117 122
GDS1319 CPB
9345 16473 18242 | 3 6 7 8 11 13 22 24 26 38 45 52 56 61 64 65 66 70 74 83 86 87 97 104 114 119 122
GDS1319 CPB
735 9826 17738 | 1 2 5 17 22 24 30 40 48 51 53 62 66 69 77 79 82 84 96 98 104 106 107 111 112 118 121
GDS1319 CPB
7841 14171 17635 | 0 2 3 4 9 20 26 27 28 29 30 32 34 41 42 50 52 55 62 70 95 104 107 109 114 117 119
GDS1319 CPB
8890 14163 22043 | 9 11 14 21 23 25 28 31 33 44 46 49 52 77 79 88 90 99 102 106 109 111 113 114 116 121 122
GDS1319 CPB
2103 2236 6628 | 8 10 11 15 17 21 25 35 36 40 41 50 51 55 64 66 74 78 79 87 88 89 96 105 108 109
GDS1319 CPB
221 17367 19238 | 0 5 8 9 14 35 37 55 59 67 73 79 86 93 94 96 103 105 108 109 110 112 113 115 120 122
GDS1319 CPB
2215 8865 16373 | 3 4 5 9 14 20 22 27 33 42 43 44 68 70 78 82 83 87 88 94 102 103 109 110 115 121
GDS1319 CPB
8483 10700 11111 | 1 8 9 11 16 23 27 32 39 40 47 57 62 70 71 72 78 81 84 93 96 105 114 119 120 121
GDS1319 CPB
1859 11422 20929 | 3 5 8 11 12 13 16 23 24 28 29 30 52 62 66 67 77 82 85 88 99 103 105 106 110 119
GDS1319 CPB
8250 15188 16125 | 0 2 4 5 6 7 8 9 10 12 19 21 23 30 39 44 48 50 62 85 86 92 93 97 108 120
GDS1319 CPB
10241 15850 22284 | 1 2 9 13 14 15 17 19 21 28 29 35 40 43 49 52 57 59 61 71 73 74 83 120 121 122
GDS1319 CPB
4607 5949 19657 | 0 2 4 8 10 12 15 16 21 23 27 33 34 35 42 52 55 58 70 74 77 96 97 108 109 112
GDS1319 CPB
7280 9134 9744 | 0 5 6 8 15 16 20 25 27 29 30 38 39 43 45 62 64 70 72 73 83 94 96 103 112 119
GDS1319 CPB
14305 17506 19313 | 1 5 8 12 17 28 29 33 35 36 48 62 66 67 78 81 82 83 92 93 94 98 105 108 109 118
GDS1319 CPB
12942 14348 18015 | 0 8 17 20 25 31 32 38 39 44 48 56 57 63 64 66 79 84 89 93 94 105 106 110 119 121
GDS1319 CPB
4156 13334 17955 | 1 10 13 15 17 19 20 25 32 36 39 55 61 63 64 66 70 76 82 83 85 90 99 110 113
GDS1319 CPB
753 16361 21903 | 9 13 15 19 21 24 25 26 32 34 37 41 52 63 65 67 75 77 81 95 105 110 114 119 120
GDS1319 CPB
11970 17777 19017 | 4 6 8 10 11 14 16 23 26 30 36 39 51 55 64 66 69 70 74 80 81 85 86 103 120
GDS1319 CPB
775 5810 8893 | 1 4 6 12 14 18 23 25 33 35 48 50 52 62 74 77 84 86 97 103 104 111 116 119 120
GDS1319 CPB
6353 10364 11834 | 11 12 15 17 18 23 26 35 37 42 47 49 54 67 73 85 98 101 107 113 116 117 120 121 122
GDS1319 CPB
5095 11434 12160 | 6 12 13 21 22 23 28 29 35 52 57 58 64 68 70 73 77 87 92 93 95 104 109 110 122
GDS1319 CPB
906 12869 14606 | 2 4 5 9 10 14 16 18 20 23 27 28 29 32 52 53 58 64 70 71 75 86 105 110 111
GDS1319 CPB
12429 15614 18568 | 2 10 12 14 21 27 30 31 33 35 41 47 53 55 66 70 74 81 82 87 88 92 108 110 114
GDS1319 CPB
7536 15947 21791 | 0 2 5 10 14 28 32 35 43 54 58 60 62 66 73 74 85 87 92 93 94 102 103 121 122
GDS1319 CPB
5759 11935 20046 | 3 4 7 10 14 17 18 20 26 28 32 38 42 47 52 67 68 73 79 88 109 119 121 122
GDS1319 CPB
11583 17304 19845 | 3 4 14 20 24 30 38 50 66 67 82 85 86 87 91 93 96 100 102 107 108 110 113 119
GDS1319 CPB
87 10987 12726 | 7 8 10 17 18 19 24 27 30 38 39 40 52 54 55 61 64 72 73 80 82 86 110 114
GDS1319 CPB
16726 18551 20761 | 0 8 9 12 17 21 23 27 31 33 40 52 70 71 75 82 94 95 103 104 110 113 114 120
GDS1319 CPB
5099 8023 14440 | 8 9 12 15 18 27 28 42 46 51 55 60 61 63 67 68 73 90 91 93 97 102 118 120
GDS1319 CPB
12979 14686 20596 | 2 3 13 14 17 18 21 24 26 35 41 42 48 61 64 66 67 70 90 92 96 97 120 122
GDS1319 CPB
605 1856 14989 | 3 4 6 10 15 23 26 31 32 35 45 46 66 69 70 72 74 85 92 95 105 108 120 121
GDS1319 CPB
5507 7053 13327 | 2 10 16 17 19 22 30 45 48 49 53 60 61 63 65 70 79 86 87 99 100 104 116 117
GDS1319 CPB
8586 8659 13144 | 3 7 8 9 13 18 22 23 27 32 38 41 42 50 71 74 77 84 85 88 93 104 105 116
GDS1319 CPB
4899 7457 17880 | 0 4 6 7 8 9 19 37 42 50 61 64 72 76 79 83 85 86 90 91 93 107 112 120
GDS1319 CPB
340 10442 14939 | 4 12 14 17 18 19 21 31 32 38 48 51 66 68 83 86 90 92 93 102 110 113 116 122
GDS1319 CPB
4139 12315 22346 | 2 3 6 11 12 13 21 24 32 47 50 60 63 65 66 78 79 82 87 95 104 107 113
GDS1319 CPB
7435 13638 19058 | 3 4 14 16 18 19 24 32 35 38 42 47 51 65 77 89 90 96 103 104 116 120 121
GDS1319 CPB
12880 17036 18872 | 7 12 13 16 17 19 22 31 33 34 38 52 55 60 73 76 77 100 102 106 110 118 119
GDS1319 CPB
9402 10306 12633 | 5 10 12 14 19 21 26 29 31 32 35 36 38 44 48 55 58 77 89 93 95 103 118
GDS1319 CPB
2508 10372 19822 | 8 25 30 37 42 43 52 63 74 77 84 86 87 89 92 93 95 110 111 112 115 117 118
GDS1319 CPB
5342 15932 20436 | 1 2 7 11 25 26 31 32 33 36 39 45 47 50 63 73 82 105 107 108 111 114 119
GDS1319 CPB
3394 9126 21584 | 9 12 13 19 25 27 29 30 31 43 44 45 49 53 54 60 67 92 98 101 112 113 116
GDS1319 CPB
4325 8784 13728 | 4 6 7 18 31 33 35 39 40 43 48 62 63 65 66 69 72 75 83 90 94 96 121
GDS1319 CPB
5769 8170 16577 | 6 10 11 13 20 29 39 47 54 58 61 66 72 75 78 82 85 93 94 103 107 110 119
GDS1319 CPB
6058 9453 16557 | 16 23 28 35 40 51 52 55 56 57 70 72 80 83 95 102 104 105 108 109 111 116
GDS1319 CPB
3006 3335 3517 | 3 4 14 23 31 32 33 34 36 39 40 48 50 52 55 56 72 78 79 85 86 91
GDS1319 CPB
2635 7077 12454 | 4 7 12 16 17 28 29 39 45 48 62 68 78 79 83 84 95 97 103 105 108 111
GDS1319 CPB
3921 4057 21452 | 0 6 7 16 19 35 39 46 60 76 78 80 87 93 94 96 102 108 116 119 121 122
GDS1319 CPB
1772 10023 22345 | 9 14 15 21 25 27 35 37 39 46 48 49 64 72 73 74 76 77 85 102 103 122
GDS1319 CPB
5849 6597 19336 | 4 8 10 12 14 15 18 21 25 36 38 39 42 44 61 62 66 77 82 85 87 103
GDS1319 CPB
6160 7802 19115 | 7 10 13 18 28 33 45 46 47 53 56 66 70 72 74 77 83 100 102 103 121 122
GDS1319 CPB
9935 13190 16802 | 1 4 5 6 11 16 18 19 21 26 43 48 51 64 81 82 84 93 94 101 108 121
GDS1319 CPB
4572 6360 8704 | 3 4 5 7 20 26 31 36 38 43 50 71 76 77 82 84 88 94 103 108 119 122
GDS1319 CPB
9051 13888 21941 | 2 6 7 11 12 16 29 36 50 55 75 77 82 84 88 96 100 110 111 115 119 122
GDS1319 CPB
9326 18360 21848 | 1 2 10 12 13 16 22 23 25 27 32 43 52 55 75 88 94 97 99 105 110 120
GDS1319 CPB
5527 18249 20533 | 4 9 21 22 24 37 40 44 45 46 52 62 64 77 80 84 85 89 102 110 113 120
GDS1319 CPB
4977 18452 21331 | 0 6 7 10 23 30 32 39 62 65 74 83 88 92 103 109 110 114 120 121 122
GDS1319 CPB
16184 18096 19503 | 3 7 9 12 36 39 44 45 48 66 72 74 76 83 84 89 96 98 109 111 118
GDS1319 CPB
645 12285 16527 | 7 10 16 17 18 22 29 30 31 52 59 61 68 77 85 86 93 104 106 121 122
GDS1319 CPB
18344 21601 21641 | 8 12 16 18 19 20 27 36 38 60 62 73 82 87 89 91 100 101 103 107 122
GDS1319 CPB
9069 15745 20130 | 3 5 6 7 15 23 26 33 38 60 67 76 82 83 87 94 100 102 104 119 122
GDS1319 CPB
9038 12643 14309 | 3 4 9 13 28 33 46 53 55 56 63 66 67 70 74 85 92 96 111 119 120
GDS1319 CPB
7935 8234 12456 | 5 15 19 20 21 25 28 34 40 52 65 67 69 72 75 76 82 83 94 109 110
GDS1319 CPB
6122 8971 13219 | 3 10 11 13 14 20 23 33 43 61 65 66 67 69 72 79 96 109 110 111 112
GDS1319 CPB
7772 14630 17688 | 2 7 10 11 12 13 15 19 30 32 62 63 76 84 86 88 94 103 107 120 121
GDS1319 CPB
1301 8163 15945 | 6 14 18 19 27 32 34 35 39 49 55 59 71 79 83 84 94 99 106 115 118
GDS1319 CPB
8073 11437 18197 | 1 6 8 19 20 21 26 27 42 43 46 55 58 65 78 81 85 87 90 103 121
GDS1319 CPB
4946 12772 13936 | 0 3 7 11 16 18 25 27 28 30 31 40 53 63 83 84 86 94 102 103 107
GDS1319 CPB
7675 10672 10843 | 0 6 17 21 23 26 29 31 41 44 47 51 57 59 63 82 83 84 85 93 122
GDS1319 CPB
2685 13291 20620 | 2 4 5 7 8 22 24 30 39 40 42 45 52 63 66 90 93 95 104 119 121
GDS1319 CPB
6142 18716 19228 | 2 3 7 9 14 15 18 19 21 24 35 39 55 57 67 79 85 89 91 100 119
GDS1319 CPB
15512 17755 19411 | 0 3 4 9 10 12 15 17 33 54 61 70 71 75 77 82 97 101 103 107 109
GDS1319 CPB
307 12939 15389 | 1 2 4 5 20 25 27 35 38 45 62 63 66 67 74 77 90 93 107 118 120
GDS1319 CPB
5128 8414 15818 | 2 6 8 12 16 25 28 35 42 48 50 72 86 90 91 97 103 111 112 114 120
GDS1319 CPB
3990 9806 19138 | 0 3 4 16 17 25 33 36 42 55 66 67 72 78 81 86 93 103 112 119 120
GDS1319 CPB
12685 13976 17844 | 0 5 24 25 32 35 38 42 45 62 77 78 84 86 88 89 94 98 99 119
GDS1319 CPB
8989 15140 19783 | 7 13 19 21 27 35 44 45 63 66 67 70 71 77 83 98 102 110 112 115
GDS1319 CPB
11221 17908 21418 | 0 4 9 14 16 18 19 21 30 37 41 56 70 71 82 84 104 111 121 122
GDS1319 CPB
2188 4477 8279 | 2 5 6 8 9 15 18 24 31 32 33 34 45 51 67 70 74 104 107 122
GDS1319 CPB
10805 13171 22254 | 0 3 4 6 10 12 14 25 29 31 40 42 49 52 53 61 90 97 110 111
GDS1319 CPB
370 6079 8170 | 3 10 11 16 18 19 23 35 47 48 58 66 74 77 85 89 96 101 114 117
GDS1319 CPB
5499 9443 12758 | 3 8 10 11 16 17 20 26 28 35 42 45 47 66 72 78 81 88 101 110
GDS1319 CPB
9442 18203 21156 | 0 8 9 11 14 15 18 21 26 33 39 40 43 44 58 60 68 69 85 98
GDS1319 CPB
4211 6253 11126 | 15 24 25 27 41 46 57 62 68 78 81 83 86 89 97 101 106 110 120 122
GDS1319 CPB
6126 8924 21694 | 0 2 4 5 6 7 10 13 15 23 43 47 55 71 72 86 88 91 94 104
GDS1319 CPB
6743 7487 14014 | 0 1 5 6 7 11 12 20 25 29 38 40 42 68 72 82 86 99 107 120
GDS1319 CPB
8140 20145 21420 | 1 12 14 18 24 25 40 45 48 49 51 52 54 55 64 76 93 110 113 122
GDS1319 CPB
87 5427 21763 | 2 3 7 8 13 14 34 36 39 43 46 48 49 86 98 99 102 106 107 121
GDS1319 CPB
5672 13404 15870 | 1 2 4 5 6 10 20 21 22 27 32 36 43 46 56 67 74 87 105 115
GDS1319 CPB
11147 13607 15244 | 0 1 2 4 6 19 24 34 47 48 49 51 58 67 85 113 114 118 121 122
GDS1319 CPB
612 8898 20719 | 1 5 6 9 14 20 23 24 38 39 41 48 49 63 70 96 107 110 116 120
GDS1319 CPB
5133 16452 18810 | 9 16 18 26 32 41 43 47 50 51 66 84 87 96 100 104 108 110 115 121
GDS1319 CPB
1146 12781 21616 | 2 7 9 10 14 15 23 27 43 64 66 72 84 97 104 110 114 120 121
GDS1319 CPB
548 1239 8586 | 1 11 20 22 32 36 39 42 44 60 61 71 76 82 85 93 96 105 121
GDS1319 CPB
17517 18607 19267 | 1 4 6 13 28 31 36 41 42 46 52 53 63 81 83 97 100 113 118
GDS1319 CPB
4899 15110 17671 | 0 4 13 18 19 28 33 36 48 52 58 63 74 77 82 84 93 102 120
GDS1319 CPB
10402 14294 22248 | 1 20 27 30 31 38 47 55 63 67 73 87 90 91 93 102 110 111 122
GDS1319 CPB
14352 18735 20152 | 0 1 3 6 15 16 22 23 25 27 35 57 65 66 82 83 91 106 118
GDS1319 CPB
1213 1215 10270 | 0 1 2 9 14 15 16 19 23 24 33 37 41 46 74 81 92 93 105
GDS1319 CPB
6229 16279 16997 | 1 4 6 9 11 14 15 34 39 40 51 52 75 85 93 107 108 120 121
GDS1319 CPB
1829 6250 10203 | 5 9 18 23 25 27 33 34 39 42 44 54 56 77 102 103 107 113 116
GDS1319 CPB
11076 12728 21865 | 2 6 8 14 18 25 27 28 30 39 43 66 87 88 90 94 95 96 111
GDS1319 CPB
5813 10581 12230 | 2 4 9 22 34 39 44 57 64 65 67 79 88 90 93 97 103 104 105
GDS1319 CPB
6027 10464 12050 | 1 5 8 14 16 31 33 40 63 74 77 78 79 82 102 103 110 117 121
GDS1319 CPB
784 857 20992 | 5 8 18 20 26 27 29 38 42 43 48 52 54 76 79 82 86 91 114
GDS1319 CPB
5887 6778 9077 | 7 8 11 14 20 21 22 28 33 59 60 62 65 70 74 82 98 103 104
GDS1319 CPB
8637 9054 22498 | 0 16 19 22 23 24 27 33 36 37 38 41 60 68 89 95 96 102 110
GDS1319 CPB
6598 7933 22301 | 3 6 8 12 16 18 20 29 35 52 65 69 71 78 96 99 101 104 109
GDS1319 CPB
11371 12183 13745 | 2 12 13 15 16 22 31 32 39 55 63 76 83 85 86 94 95 102 120
GDS1319 CPB
12083 14279 18416 | 0 13 18 20 23 25 34 36 53 55 75 80 83 84 86 90 101 102 112
GDS1319 CPB
4190 5395 8957 | 2 4 5 16 20 21 22 35 47 48 61 66 73 76 79 80 86 87 96
GDS1319 CPB
8408 13326 17955 | 1 4 5 6 7 12 13 28 33 34 54 55 58 72 82 97 112 114 120
GDS1319 CPB
396 4513 6383 6857 14772 14917 15488 | 14 26 47 65 90 96 104 105
GDS1319 CPB
9279 17188 21523 | 3 7 18 26 29 31 48 51 63 65 67 76 78 87 91 104 105 122
GDS1319 CPB
4285 7658 14308 | 3 7 13 14 20 23 35 46 53 55 67 72 76 94 97 103 110 122
GDS1319 CPB
10464 11471 19311 | 0 2 4 5 11 18 19 22 26 41 46 56 63 67 84 90 110 121
GDS1319 CPB
4594 10538 12151 | 0 2 8 9 14 16 19 63 66 73 74 80 87 92 95 96 104 122
GDS1319 CPB
7496 9620 19186 | 2 4 6 7 9 10 11 15 31 36 50 52 67 69 86 93 110 121
GDS1319 CPB
1388 5105 5258 8058 10393 15963 | 12 23 77 88 95 110 111 116 119
GDS1319 CPB
13046 13075 18366 | 0 5 7 19 23 24 28 35 38 58 60 70 77 86 95 96 100 110
GDS1319 CPB
8137 9196 19742 | 2 3 8 9 13 16 31 40 69 71 75 81 86 89 92 93 105 107
GDS1319 CPB
5887 7085 16160 | 1 3 12 14 17 20 22 24 31 38 53 58 60 76 86 97 111 118
GDS1319 CPB
3547 19578 20586 | 0 5 7 9 10 11 44 46 57 62 77 88 91 95 103 105 111 121
GDS1319 CPB
10897 14316 17014 | 4 8 9 12 25 27 28 29 30 36 44 48 64 89 96 97 102 103
GDS1319 CPB
5243 11355 13015 | 16 17 27 39 47 65 67 69 72 75 81 82 86 89 92 95 102 108
GDS1319 CPB
10016 14530 20084 | 8 10 16 26 28 35 49 50 55 60 67 87 93 108 110 111 115 120
GDS1319 CPB
8433 13449 14120 14372 21518 21697 | 2 8 20 36 48 56 64 104 121
GDS1319 CPB
6610 11923 17338 | 5 16 19 29 35 36 38 42 50 60 63 66 67 82 83 89 96 114
GDS1319 CPB
4194 12381 16066 | 6 11 22 23 24 28 34 49 63 65 66 67 70 76 82 93 96 100
GDS1319 CPB
10500 15992 21903 | 10 23 27 35 37 40 42 63 65 66 69 70 85 86 87 92 102 108
GDS1319 CPB
492 2443 8480 | 0 1 8 19 25 26 27 32 41 59 63 69 72 94 96 104 108 120
GDS1319 CPB
2523 3506 15665 | 14 15 23 28 41 60 69 70 72 75 77 78 85 88 100 101 106 112
GDS1319 CPB
10270 12279 19671 | 2 13 15 17 36 43 54 60 63 66 77 85 86 88 90 108 112 121
GDS1319 CPB
5129 5599 9776 | 13 29 35 41 42 56 57 58 69 75 88 89 93 96 100 111 115 118
GDS1319 CPB
5834 6788 7627 | 1 11 15 23 28 33 40 48 52 67 72 78 91 96 103 111 113 121
GDS1319 CPB
1774 3531 9275 | 1 2 4 7 10 11 15 16 20 43 50 62 79 87 90 100 102 110
GDS1319 CPB
6040 8440 19138 | 3 12 18 22 23 30 34 35 40 51 67 68 78 81 105 108 110 120
GDS1319 CPB
13365 19329 20973 | 0 3 6 9 12 13 14 15 24 25 29 37 40 60 61 71 78
GDS1319 CPB
14539 16615 19386 | 9 11 23 27 28 39 49 52 65 69 71 76 86 89 97 119 120
GDS1319 CPB
2606 9694 14739 | 13 18 19 21 22 24 39 40 53 55 68 71 80 89 105 112 120
GDS1319 CPB
10066 14182 14686 | 2 6 11 12 17 21 23 30 43 50 52 66 83 88 97 106 119
GDS1319 CPB
1717 11484 17612 | 0 8 9 11 19 29 33 34 48 59 65 73 74 77 93 96 114
GDS1319 CPB
11757 12245 17224 | 0 5 6 23 26 55 57 61 66 70 72 75 96 108 113 120 122
GDS1319 CPB
1284 11510 20119 | 2 3 6 12 23 47 53 61 63 70 85 86 96 100 104 109 110
GDS1319 CPB
4723 7284 20190 | 3 7 10 12 19 21 28 30 37 43 49 52 65 66 68 86 88
GDS1319 CPB
8311 8377 14054 | 4 16 32 33 46 49 50 51 52 77 82 83 86 92 96 121 122
GDS1319 CPB
3493 8173 14733 | 2 4 5 12 24 25 28 37 43 63 66 67 75 76 88 91 101
GDS1319 CPB
512 12082 21290 | 0 5 7 13 17 18 19 22 34 43 50 65 77 86 113 117 118
GDS1319 CPB
2981 15660 22159 | 8 9 13 20 33 37 38 48 55 75 76 83 86 95 106 110 111
GDS1319 CPB
26 11265 22485 | 4 6 12 13 14 24 29 35 36 38 39 43 66 80 82 84 93
GDS1319 CPB
3991 4862 10368 | 13 17 18 29 39 48 58 60 61 63 68 73 86 102 107 114 119
GDS1319 CPB
9253 11629 13773 | 14 31 34 37 38 42 55 62 63 68 78 82 85 86 94 105 119
GDS1319 CPB
6931 7607 11550 | 0 15 16 21 23 28 40 50 64 76 78 84 86 88 91 113 118
GDS1319 CPB
2523 18676 18765 | 10 17 18 43 45 52 55 62 67 70 83 87 94 97 100 107 120
GDS1319 CPB
2530 4319 11880 | 5 9 14 16 17 18 43 47 49 52 55 63 83 87 105 120 121
GDS1319 CPB
3108 3533 9959 | 15 25 37 47 55 60 68 70 71 74 77 82 83 87 90 97 109
GDS1319 CPB
4304 12106 20555 | 9 16 19 21 25 29 36 45 46 60 67 84 85 89 97 114 120
GDS1319 CPB
8568 10409 13493 | 4 11 12 14 15 25 35 46 57 62 65 66 75 76 85 112 122
GDS1319 CPB
10708 12673 16774 | 2 4 5 7 9 13 23 26 30 36 42 45 64 69 85 120 121
GDS1319 CPB
11533 11709 15442 | 0 5 7 12 15 16 36 38 70 74 80 83 85 106 110 119 120
GDS1319 CPB
17959 19000 22577 | 3 12 15 17 18 20 22 27 63 67 77 78 80 87 118 119 122
GDS1319 CPB
3479 8615 10384 | 1 4 11 16 18 25 30 36 41 47 68 82 96 102 112 115 121
GDS1319 CPB
5089 7214 16585 | 3 7 11 14 22 23 31 33 38 62 64 76 87 90 93 121
GDS1319 CPB
7429 21571 22059 | 1 11 12 16 22 31 41 47 67 79 86 87 98 110 111 114
GDS1319 CPB
4411 5303 21884 | 1 9 10 18 19 22 29 33 35 72 74 76 112 115 119 121
GDS1319 CPB
2972 9231 16282 | 4 6 13 29 36 40 54 62 67 73 79 84 93 104 115 120
GDS1319 CPB
1711 4839 6736 16740 17178 20317 | 23 29 42 47 55 74 75 119
GDS1319 CPB
18344 18705 21506 | 3 5 6 21 23 37 46 56 72 77 81 88 90 91 103 121
GDS1319 CPB
16781 16982 18808 | 7 12 18 20 22 47 59 63 64 67 85 91 96 102 110 116
GDS1319 CPB
1938 2754 8029 | 1 2 11 21 26 30 38 44 51 55 62 79 82 85 101 118
GDS1319 CPB
6576 13329 13645 | 2 3 8 14 18 22 23 35 37 40 66 82 90 92 95 98
GDS1319 CPB
463 4690 7882 | 1 7 21 28 31 32 48 52 54 76 78 84 91 95 103 112
GDS1319 CPB
2022 3841 15208 | 18 32 33 38 45 50 60 74 75 80 85 87 89 102 104 109
GDS1319 CPB
10761 20849 21683 | 0 7 26 27 37 42 55 66 68 72 76 80 86 100 119 120
GDS1319 CPB
5230 9539 15020 | 9 14 17 20 23 27 30 32 34 35 45 60 64 65 70 121
GDS1319 CPB
12305 12827 15985 | 7 10 14 18 20 39 40 69 75 76 80 83 84 90 92 117
GDS1319 CPB
12811 13101 17565 | 0 10 29 31 45 54 62 63 67 76 84 87 108 110 111 122
GDS1319 CPB
13936 15918 16933 | 13 14 15 38 39 43 51 59 70 76 79 88 89 91 102 117
GDS1319 CPB
6778 10113 12727 | 4 13 14 18 25 34 42 47 54 62 67 69 80 94 110 113
GDS1319 CPB
5294 10000 22200 | 0 3 5 6 7 10 11 14 18 42 55 61 63 87 112 117
GDS1319 CPB
3155 13532 21502 | 0 4 6 9 12 15 45 52 65 66 67 85 86 92 94 109
GDS1319 CPB
970 7390 21971 | 6 7 9 10 11 14 16 18 43 49 63 65 66 80 96 104
GDS1319 CPB
9101 16151 19917 | 9 14 20 25 28 30 32 33 34 39 60 62 64 85 87 99
GDS1319 CPB
8878 19426 21555 | 2 7 8 9 16 21 33 45 50 54 60 63 66 70 79
GDS1319 CPB
780 6941 14510 | 1 9 11 16 20 21 26 27 39 46 50 56 67 70 86
GDS1319 CPB
6659 12002 13467 | 3 8 14 23 27 45 54 55 60 61 87 100 106 110 120
GDS1319 CPB
5575 7255 17578 | 10 15 25 27 28 47 57 72 74 79 82 83 86 103 119
GDS1319 CPB
9175 18871 20373 | 0 2 4 7 9 23 25 28 31 52 66 76 85 89 106
GDS1319 CPB
4940 12641 13598 | 0 1 2 7 10 11 15 18 30 49 51 60 61 95 99
GDS1319 CPB
4856 9181 10647 | 28 29 32 33 52 55 56 82 85 93 94 108 110 121 122
GDS1319 CPB
4343 5983 11034 | 0 1 11 21 25 33 37 39 44 47 48 56 76 90 116
GDS1319 CPB
14054 15301 20251 | 6 10 24 33 35 40 44 51 55 63 77 80 82 85 98
GDS1319 CPB
4395 8210 18665 | 8 11 18 21 30 47 48 56 70 95 98 104 110 119 121
GDS1319 CPB
14535 15967 21497 | 6 7 9 13 14 17 19 25 52 57 65 67 72 101 110
GDS1319 CPB
4843 13969 13972 | 1 3 21 22 25 42 48 62 68 74 77 78 82 114 119
GDS1319 CPB
671 6741 12167 | 7 9 12 15 21 25 29 40 64 85 107 108 110 113 115
GDS1319 CPB
6956 13688 16572 | 9 26 28 38 42 52 55 67 79 81 86 87 92 104 122
GDS1319 CPB
8311 16961 18075 | 3 12 21 23 51 53 78 80 96 97 101 102 107 116 122
GDS1319 CPB
606 1457 10637 | 13 21 28 32 33 37 40 44 48 67 73 87 90 102 118
GDS1319 CPB
4449 9004 20479 | 9 19 25 30 31 32 38 43 49 54 71 74 77 78 107
GDS1319 CPB
1022 2374 2822 | 2 3 19 20 21 23 25 37 52 72 83 95 96 99 104
GDS1319 CPB
11691 13898 14812 | 2 5 6 16 27 30 35 39 49 66 84 88 107 116 121
GDS1319 CPB
17312 18890 20691 | 1 6 19 22 25 26 51 52 63 67 78 97 116 118 122
GDS1319 CPB
984 1284 12948 | 3 8 27 30 47 50 58 65 67 74 97 104 110 113
GDS1319 CPB
4429 11498 11621 | 0 7 10 15 21 24 26 36 48 67 73 82 89 94
GDS1319 CPB
4386 7753 13745 | 17 20 21 23 25 32 33 62 74 78 86 93 94 102
GDS1319 CPB
509 12480 17703 | 20 21 37 55 65 66 82 84 85 90 91 97 118 119
GDS1319 CPB
8085 11757 21740 | 3 9 12 18 36 37 48 74 82 84 91 106 108 122
GDS1319 CPB
7712 16408 17910 | 11 12 21 35 38 39 53 65 69 70 76 93 94 111
GDS1319 CPB
305 1449 5732 | 3 17 26 27 31 34 41 75 85 104 108 112 113 122
GDS1319 CPB
9045 14979 19625 | 20 22 29 46 52 55 65 67 96 100 104 115 116 122
GDS1319 CPB
7453 15257 15527 | 19 43 52 58 59 60 72 74 76 94 97 104 107 110
GDS1319 CPB
9936 16625 20885 | 19 25 34 37 50 57 65 66 67 79 105 107 108 114
GDS1319 CPB
5384 13416 13679 | 4 6 16 21 24 25 41 48 53 63 66 67 92 118
GDS1319 CPB
3290 13874 16436 | 4 13 19 20 26 33 34 35 38 53 56 64 82 121
GDS1319 CPB
17 1367 17885 | 6 11 26 27 44 47 48 56 57 58 67 80 84 94
GDS1319 CPB
8325 14266 16666 | 0 4 23 30 32 40 49 51 70 77 97 100 111 112
GDS1319 CPB
1678 2123 4467 | 7 8 18 34 35 39 42 65 82 86 106 107 111 119
GDS1319 CPB
1641 17585 18429 | 9 16 20 21 24 27 44 54 70 72 89 92 109 110
GDS1319 CPB
2684 4662 4733 | 6 14 15 20 34 36 38 61 64 87 97 99 101 112
GDS1319 CPB
13536 13886 19361 | 5 6 10 17 19 26 37 50 52 69 83 89 101 110
GDS1319 CPB
1424 2726 15023 | 6 24 30 31 34 39 40 76 80 97 99 114 115
GDS1319 CPB
7605 17016 18562 | 10 22 27 31 44 62 73 84 88 92 102 106 108
GDS1319 CPB
14054 17565 20251 | 6 8 14 22 28 31 70 77 80 98 104 110 114
GDS1319 CPB
16432 19406 20813 | 1 5 8 11 15 18 32 34 35 80 83 84 85
GDS1319 CPB
1036 4404 13255 | 11 20 37 41 51 55 57 62 66 98 101 107 121
GDS1319 CPB
7591 10024 10190 | 0 10 14 21 29 48 66 67 77 82 89 96 116
GDS1319 CPB
15096 20398 21336 | 0 9 26 40 47 64 72 74 83 87 119 120 122
GDS1319 CPB
7592 12127 16681 | 14 30 32 44 46 66 90 95 100 112 118 119
GDS1319 CPB
5759 12643 20666 | 0 19 21 49 65 66 82 85 87 100 103 120
GDS1319 CPB
465 9483 20893 | 0 7 8 23 27 47 55 63 74 93 114 119
GDS1319 CPB
873 6312 12521 | 3 4 12 29 35 36 42 48 78 91 94 121
GDS1319 CPB
11246 11425 17849 | 5 19 26 27 35 38 52 54 70 85 92 107
GDS1319 CPB
1076 5968 8574 | 3 8 9 25 31 32 35 53 67 78 88 113
GDS1319 CPB
12455 14982 18824 | 22 31 38 40 42 61 68 77 82 95 111 121
GDS1319 CPB
720 13474 18992 | 2 3 7 10 12 27 45 65 68 77 78
GDS1319 CPB
10727 14786 17619 | 2 4 20 49 52 55 66 72 76 90 118
GDS1319 CPB
6276 13876 20973 | 2 28 39 54 59 78 84 88 96 103 110
GDS1319 CPB
568 4343 16287 | 8 11 19 31 35 58 78 87 97 113 120
GDS1319 CPB
5588 8180 13745 | 37 39 40 71 80 84 95 106 111 117 118
GDS1319 CPB
8457 13535 21587 | 8 25 26 43 47 50 53 58 96 120
GDS1319 CPB
8889 15937 19530 | 2 25 41 55 58 76 98 112 121
GDS1319 CPB
1821 12186 12232 18988 21336 | 27 53 86 89 99
GDS1319 CPB
6862 12129 20637 | 16 20 34 43 75 96 111 120
GDS1319 CPB
6262 8804 10653 | 4 10 12 19 21 26 67 111
GDS1319 CPB
6544 12229 17597 | 12 15 16 23 24 27 45 76
GDS1319 CPB
2471 2860 4021 | 0 19 25 49 70 91 104
GDS1319 CPB
90 555 4776 | 3 7 8 10 69 107 118
GDS1319 CPB
13656 13880 16324 | 15 17 19 38 49 98 114
GDS1319 CPB
13459 15107 18326 | 4 27 35 53 56 95 117
GDS1319 CPB
996 8481 14002 | 18 35 45 93 107 113 121
GDS1319 CPB
949 1255 12216 | 6 8 10 14 17 106
GDS1319 CPB
14191 14898 22219 | 1 32 34 65 94 104
GDS1319 CPB
5424 9353 10748 | 2 12 62 71 104 111
GDS1319 CPB
2135 8773 16848 | 7 14 21 79 93 104
GDS1319 CPB
5813 9939 16514 | 14 23 28 41 45 80
GDS1319 CPB
8317 19572 22218 | 17 83 88 110 114
GDS1319 CPB
1351 7206 19968 | 10 20 35 45 86
GDS1319 CPB
13572 17538 22417 | 3 9 39 83
GDS1319 CPB
12369 12992 16429 21933 | 25 34 87
GDS1319 CPB
2508 9769 15180 | 33 45 96 102
GDS1319 CPB
2394 10546 17250 | 0 13 85
GDS1319 CPB
423 11628 17534 | 81 117 122
GDS1319 CPB
4644 5813 15406 | 30 62 68
GDS1319 CPB
692 14265 14640 | 18 42 95