GDS1319 QUBIC
1642 4752 6815 7553 9361 9640 11248 11524 12420 14780 15545 15821 16387 16449 16959 17789 18013 18268 18802 19535 20316 21770 22362 22456 22493 | 0 2 5
GDS1319 QUBIC
1653 4261 5082 6021 7342 7795 9579 11474 12556 15359 15444 15920 15987 16695 18621 18763 18766 20361 20615 21189 | 3 4 6
GDS1319 QUBIC
22548 22553 22605 22610 | 3 4 10 11 25 30 95 96 110
GDS1319 QUBIC
1080 1567 9242 22243 22508 | 18 19 21 23 48 83 93
GDS1319 QUBIC
184 251 1436 22469 | 2 6 12 21 24 25 29 30
GDS1319 QUBIC
22 1061 1062 16698 | 34 62 63 66 92 99 119 122
GDS1319 QUBIC
1807 2460 15562 18433 18639 19903 | 28 33 91 93 94
GDS1319 QUBIC
8086 18393 19992 22041 | 26 48 52 56 60 91 93
GDS1319 QUBIC
3534 3535 15502 17372 | 29 56 58 85 86 90 93
GDS1319 QUBIC
6539 17349 19200 | 25 27 29 47 48 75 86 87 91
GDS1319 QUBIC
1581 20779 22422 | 28 52 55 58 59 83 87 88 93
GDS1319 QUBIC
493 579 6491 | 2 3 4 6 8 10 16 23 62
GDS1319 QUBIC
15070 15944 18859 | 21 29 30 31 48 51 84 87 93
GDS1319 QUBIC
22573 22574 22594 22595 | 2 11 17 26 27 31
GDS1319 QUBIC
1556 14178 20979 | 18 19 20 114 119 120 121 122
GDS1319 QUBIC
1231 1752 15091 | 25 27 30 51 60 83 92 93
GDS1319 QUBIC
2429 7212 16304 21110 | 2 3 14 63 64 97
GDS1319 QUBIC
1539 1952 4092 4093 8607 15005 15457 20421 | 0 2 97
GDS1319 QUBIC
2767 3682 20577 | 34 37 62 63 64 67 96 97
GDS1319 QUBIC
10597 10794 14600 | 0 3 4 12 35 64 65
GDS1319 QUBIC
1990 3931 16959 | 7 62 63 69 97 101 102
GDS1319 QUBIC
8308 8831 9924 | 12 34 39 41 62 63 67
GDS1319 QUBIC
17906 20701 22055 | 28 30 33 58 90 92 120
GDS1319 QUBIC
15047 15513 17485 | 2 4 8 11 13 16 101
GDS1319 QUBIC
1809 2766 3294 | 3 6 9 61 64 97 104
GDS1319 QUBIC
2316 3731 14997 | 3 7 8 34 62 101 117
GDS1319 QUBIC
1422 3584 20163 | 0 2 5 14 97 101 102
GDS1319 QUBIC
45 9284 20627 | 4 7 12 13 15 40