---------------------------------------
1 212 238 983 1067 1451 1552 1582 1943 2165 2364 3156 3374 3558 3628 3688 4387 4520 4628 6348 6449 6515 6656 6787 6970 7140 7584 7678 7834 7976 7999 8155 8277 8591 8778 9485 9536 9739 9985 10338 10374 10415 10422 10653 10755 11256 11341 11422 11623 11675 12049 12180 12274 12377|3 6 11 12 13 14 17 18 20 26 27 28 29 32 33 34 35 42 43 44 48 53 54 55 57 58 60 61 62 63 64 67 68 70 71 72 75 76 77 78 82 85 86

0
448 454 1701 1939 2398 3079 3424 3625 3917 3977 4524 4852 4946 4967 5046 5195 5330 5346 5560 5601 5623 5713 5727 5820 5968 5983 6200 6226 6769 6873 7033 7076 8518 8909 8915 8922 9781 10123 10313 10323 10336 10397 10966 12154|1 3 4 6 7 8 9 10 11 12 17 18 19 22 23 24 25 26 30 32 33 34 37 38 41 42 45 46 47 48 51 52 53 54 55 56 59 61 65 66 67 68 70 75 76 77 79 80 81 82 83 84

0
930 1397 1995 2043 2054 2449 2636 2644 2648 2861 3147 3158 3313 3451 3659 3660 3661 3736 4241 4337 4375 4617 4695 4807 6306 6330 6384 6474 6549 6760 6933 7141 7155 7182 7241 7342 7561 8067 9705 10324 11552 11601 11912 12073 12165 12259 12362|3 9 10 11 12 13 14 17 18 24 25 26 27 28 29 32 34 39 40 41 42 43 44 51 52 53 54 55 56 57 58 61 62 67 68 70 71 72 75 76 81 82 83 84 85 86

0
1453 1726 1736 1759 2459 2808 3236 3279 3314 3513 3608 4022 4456 4505 4657 5118 5193 6440 7156 7348 7455 10031 10096 10486 10905 11763 11900 12124|7 8 9 10 22 23 24 34 37 38 40 47 48 51 52 53 54 61 65 66 67 68 79 80 81
0.568235,0.27,
2
694 1318 1453 1726 1902 2808 3118 3279 3314 3608 4022 4456 5118 5193 5365 6440 6822 7483 7690 9023 9613 10031 10486 10760 11358 11763 11767 11769 12124 12153|7 8 9 10 22 23 24 25 37 38 39 40 47 48 65 66 67 68 79 80 81 82
0.260036,
1
245 279 1453 1726 1736 1759 2808 3279 3314 3513 3608 4022 4456 4505 4657 5118 5365 6440 7455 8264 10096 10486 10905 11226 11573 11763 11900|7 8 9 10 22 23 24 34 37 38 47 48 51 52 53 54 65 66 67 68 79 80 81
0.576372,
1
635 1255 1451 1453 3513 3608 4456 4505 5365 6440 6585 6926 6958 8004 8556 8778 9292 10486 11763|0 2 8 15 19 22 23 30 31 36 37 38 45 46 47 51 52 59 64 65 66 73 74 77 79 80

0
1453 3279 3546 3608 4456 4505 4657 5193 6440 7590 11057 11900 11917|2 3 4 9 10 11 12 15 24 26 27 30 31 34 39 40 41 45 46 54 55 56 59 61 62 67 68 69 70 74 75 76 81 82 83 84

0
630 1453 1759 2091 2997 3608 4022 4456 5118 5193 6440 7156 7348 7595 7719 8106 8968 9540 10030 10501 11763|8 9 10 22 23 24 25 37 38 39 40 51 53 54 62 65 66 67 68 79 80 81
0.336842,
1
1453 2091 2738 2919 3279 3608 4456 4657 5118 6440 8004 8061 8968 9929 10501 11483 11487 11917 12124|11 13 14 22 23 28 32 38 41 43 44 52 55 65 66 71 72 79 80 83 84 85 86

0
1522 3324 3438 3466 3948 4061 4443 4814 6700 7061 8189 8223 8250 8865 8867 9780 10187 10993 11103|17 18 22 27 32 37 41 42 52 53 54 55 56 75 76 79 80 81 82 83 84
0.455408,
1
12419 12421 12423 12425 12427 12431 12433 12435 12437 12439 12446 12448 12456 12457 12458 12463 12464 12465|2 3 4 7 8 11 12 24 26 32 38 39 41 42 45 46 47 54 55 56 81 84
0.665217,0.650901,
2
12419 12421 12423 12425 12427 12429 12431 12433 12435 12437 12439 12448 12456 12457 12458 12463 12464 12465|2 3 4 11 12 24 26 34 38 39 41 42 45 46 47 54 55 56 75 76 81
0.666667,0.512821,
2
3324 3438 3466 4061 4443 4814 6700 7061 8189 8223 8250 8459 8865 8867 9780 9957 11103 11506|17 18 22 23 32 37 38 40 41 47 48 52 55 56 75 76 79 80 82 83 84
0.451128,
1
12419 12421 12423 12425 12427 12433 12435 12437 12438 12439 12446 12448 12456 12457 12458 12463 12464 12465|2 3 4 7 8 11 12 24 26 38 42 44 45 46 54 55 56 58 81
0.655329,0.517241,
2
263 4330 4912 4913 5061 5082 5203 5212 5249 5760 6038 6146 6960 9132 10177 10237 10381|3 4 11 12 18 41 47 53 54 55 56 61 65 66 70 75 83

0
606 1453 1759 2525 2808 3608 4022 4456 5118 5193 6440 7348 8968 10486 10501 11763|7 8 22 23 24 37 38 40 53 54 61 65 66 67 68 79 80 81
0.279793,0.340426,
2
993 1453 1722 1736 2808 2809 3608 4456 5118 5424 6440 11358|7 9 10 22 23 24 42 48 52 53 54 55 65 67 80 81

0
244 694 877 1318 3703 6300 9023 9613 12153 12227|3 4 9 10 11 14 18 22 29 32 38 39 41 43 44 53 54 61 80

0
1644 6608 6609|0 1 2 3 4 7 8 10 11 12 13 14 15 16 17 18 22 23 26 27 28 29 30 31 32 34 37 38 41 42 43 44 46 47 48 49 52 53 54 55 56 57 58 59 61 62 66 68 69 70 71 72 73 74 75 76 82 83 84 85 86

0
328 1157 1158 1168 1753 2008 7121 8202 10476 10779 11972|17 22 23 27 28 43 44 51 52 55 56 57 58 67

0
819 2389 3199 3948 4062 4064 4144 4230 4769 5573 5990 7545 8641 9490 9677 11490 11707|5 14 41 43 44 48 52 64 67

0
9037 10760 12153|3 4 8 10 11 12 14 17 19 21 22 23 24 25 26 27 28 32 33 34 36 37 38 39 40 41 42 47 57 58 61 62 64 65 66 67 68 70 72 76 83 84 85 86

0
429 622 1375 3315 4529 5278 5418 6685 7330 7385 7402 9306 9758 10922 11736|8 17 27 61 70 79 81 84

0
513 994 3532 4294 4299 4392 5888 6943 9530 10010 11804 12450|17 18 33 48 51 54 55 56 62 69

0
1322 1941 6496|3 4 5 7 8 11 12 18 22 23 24 25 26 32 33 34 37 39 40 42 45 46 48 51 52 61 65 66 67 68 69 70 76 79 80 81 83 84

0
2882 3442 4331 4602 7061 7784 8189 8365|3 4 8 13 35 37 41 71 76 77 79 80

0
1978 3642 7831 7833 10395 11171 11264|4 11 12 13 17 34 43 44 47 48 61 65 81

0
560 5723 6870|11 12 13 18 22 23 27 28 32 35 37 38 39 41 44 47 48 52 53 56 58 62 69 79 81 82 84 85 86

0
1549 9657 11404|3 6 7 13 32 33 34 37 38 40 41 42 45 46 51 53 61 62 69 72 75 83 85 86

0
1042 1102 7184|8 13 17 22 23 25 26 34 37 38 43 44 49 51 52 54 55 62 64 66 67 68 69 81

0
63 3278 7602 11203 12077|0 2 12 19 25 28 34 39 43 46 63 64 66 78

0
3648 3883 7527 8608 8671 10611 10982|27 32 34 51 52 56 61 64 85

0
3205 5405 7727|3 7 8 9 10 25 32 38 39 40 46 48 53 59 66 72 80 82 84 86

0
328 393 1753 2336 2665 10612 11940|4 11 12 38 54 55 61 84

0
3436 5581 6151|3 7 8 11 17 22 27 31 37 40 47 48 51 67 68 69 79 82

0
1095 2315 3156 3242 6376 7457|11 27 55 56 75 78 80 82 86

0
5405 5553 5596|7 8 9 22 42 44 53 56 57 61 62 65 67 80 81 83 85

0
3225 4567 10042|1 3 23 31 35 38 39 46 47 48 52 57 64 65 68 75 76

0
3199 7061 8189|1 5 9 11 12 13 14 15 22 34 35 41 44 47 63 71 84

0
183 5584 5882|4 7 9 10 11 26 33 39 41 42 48 53 55 75 81 83 86

0
945 8621 11877|6 18 23 27 32 53 54 55 56 57 58 68 72 77 81 82

0
467 3385 6473|1 5 8 23 28 33 38 39 40 42 49 51 69 75 76 82

0
344 1430 3440|11 17 20 22 25 30 34 38 39 41 54 55 61 68 70 86

0
63 7916 9999 12446 12447 12465|1 2 11 38 40 68 84 86

0
1143 4404 7931|0 4 11 26 33 37 38 53 65 67 68 71 78 81 82

0
2643 4816 9313|3 12 21 28 29 53 54 61 63 67 68 69 72 85 86

0
2521 3475 5999|7 8 11 13 17 22 26 29 41 55 57 68 75 79 83

0
8366 9968 11822|3 4 14 23 30 32 34 40 41 67 68 70 84 85

0
1963 3972 8041|3 4 23 26 33 39 48 52 53 67 72 82 86

0
4303 5318 8115 10247|8 11 23 35 45 53 54 75 80

0
3770 5849 7707|3 14 27 44 48 53 56 67 75 82 86

0
1673 8705 9653|23 27 32 48 51 55 56 62 69 86

0
2802 4611 5438|12 17 22 31 33 37 46 54 55 66

0
4132 8642 9490 11352|9 11 12 26 47 56 70

0
1512 8413 8594|2 3 8 22 24 39 61 65 70

0
4839 4992 11404|3 8 27 38 46 52 80 81 83
0.8,
1
1680 4715 7435|5 19 21 42 50 55 67 84

0
752 8813 9972|8 9 32 39 53 66 67 76

0
4072 7975 8198|4 11 23 37 67 75 79 81

0
3746 6376 6571|3 27 37 39 62 82

0
1515 2637 5764 9265 10631 11092|12 32 62

0
