ROWS: 75 223 291 307 336 501 1084 1230 1556 1644 1810 1854 1996 2026 2054 2147 2153 2227 2354 2466 2472 2558 2635 2644 2861 2883 2945 3158 3451 3586 3595 3659 3661 3736 3746 3773 3875 3930 4015 4238 4368 4375 4617 4695 4700 4807 5267 5936 6280 6306 6330 6474 6528 6549 6591 6686 6691 6908 6933 6969 6970 6972 7027 7241 7257 7268 7270 7293 7303 7438 7482 7488 7609 7641 7679 7730 7778 7819 8067 8260 8330 8561 8575 8759 8848 8876 9006 9041 9101 9232 9283 9285 9727 9757 9805 9852 9917 9994 10022 10042 10074 10100 10151 10202 10519 10535 10662 10691 10817 10823 10941 11138 11203 11252 11338 11367 11478 11526 11601 11640 11659 11660 11719 11778 11912 12013 12021 12058 12073 12109 12119 12174 12205 12283 12413 12415 12417
COLS: 13 14 28 29 43 44 57 58 71 72 85 86
ROWS: 75 223 291 307 336 501 1084 1230 1556 1644 1810 1854 1996 2026 2054 2147 2153 2227 2354 2466 2472 2558 2635 2644 2861 2883 2945 3158 3451 3586 3595 3659 3661 3736 3746 3773 3875 3930 4015 4238 4368 4375 4617 4695 4700 4807 5267 5936 6280 6306 6330 6474 6528 6549 6591 6686 6691 6908 6933 6969 6970 6972 7027 7241 7257 7268 7270 7293 7303 7438 7482 7488 7609 7641 7679 7730 7778 7819 8067 8260 8330 8561 8575 8759 8848 8876 9006 9041 9101 9232 9283 9285 9727 9757 9805 9852 9917 9994 10022 10042 10074 10100 10151 10202 10519 10535 10662 10691 10817 10823 10941 11138 11203 11252 11338 11367 11478 11526 11601 11640 11659 11660 11719 11778 11912 12013 12021 12058 12073 12109 12119 12174 12205 12283 12413 12415 12417
COLS: 3 4 7 8 9 10 11 12 17 18 22 23 24 25 26 27 32 33 34 37 38 39 40 41 42 47 48 51 52 53 54 55 56 61 62 65 66 67 68 69 70 75 76 79 80 81 82 83 84
ROWS: 40 1490 2043 2636 2648 4241 4280 4466 4588 6384 6430 6760 6872 6973 7141 7155 7182 7413 7561 7590 8726 8825 9527 9705 11036 11133 11448 11552 11877 12072 12165 12259 12362
COLS: 0 5 6 16 20 21 30 31 35 36 59 60 63 64 73 74 77 78
ROWS: 40 1490 2043 2636 2648 4241 4280 4466 4588 6384 6430 6760 6872 6973 7141 7155 7182 7413 7561 7590 8726 8825 9527 9705 11036 11133 11448 11552 11877 12072 12165 12259 12362
COLS: 13 14 28 29 43 44 57 58 71 72 85 86
ROWS: 40 1490 2043 2636 2648 4241 4280 4466 4588 6384 6430 6760 6872 6973 7141 7155 7182 7413 7561 7590 8726 8825 9527 9705 11036 11133 11448 11552 11877 12072 12165 12259 12362
COLS: 1 2 15 19 45 46 49 50
ROWS: 40 1490 2043 2636 2648 4241 4280 4466 4588 6384 6430 6760 6872 6973 7141 7155 7182 7413 7561 7590 8726 8825 9527 9705 11036 11133 11448 11552 11877 12072 12165 12259 12362
COLS: 3 4 7 8 9 10 11 12 17 18 22 23 24 25 26 27 32 33 34 37 38 39 40 41 42 47 48 51 52 53 54 55 56 61 62 65 66 67 68 69 70 75 76 79 80 81 82 83 84
ROWS: 1 115 724 1026 1054 1255 1451 1837 1890 2902 2987 4213 4274 7004 8390 8556 8591 8778 9113 9144 9211 10073 10374 11802 12015 12411
COLS: 0 5 6 16 20 21 30 31 35 36 59 60 63 64 73 74 77 78
ROWS: 1 115 724 1026 1054 1255 1451 1837 1890 2902 2987 4213 4274 7004 8390 8556 8591 8778 9113 9144 9211 10073 10374 11802 12015 12411
COLS: 13 14 28 29 43 44 57 58 71 72 85 86
ROWS: 1 115 724 1026 1054 1255 1451 1837 1890 2902 2987 4213 4274 7004 8390 8556 8591 8778 9113 9144 9211 10073 10374 11802 12015 12411
COLS: 1 2 15 19 45 46 49 50
ROWS: 1 115 724 1026 1054 1255 1451 1837 1890 2902 2987 4213 4274 7004 8390 8556 8591 8778 9113 9144 9211 10073 10374 11802 12015 12411
COLS: 3 4 7 8 9 10 11 12 17 18 22 23 24 25 26 27 32 33 34 37 38 39 40 41 42 47 48 51 52 53 54 55 56 61 62 65 66 67 68 69 70 75 76 79 80 81 82 83 84
ROWS: 75 223 291 307 336 501 1084 1230 1556 1644 1810 1854 1996 2026 2054 2147 2153 2227 2354 2466 2472 2558 2635 2644 2861 2883 2945 3158 3451 3586 3595 3659 3661 3736 3746 3773 3875 3930 4015 4238 4368 4375 4617 4695 4700 4807 5267 5936 6280 6306 6330 6474 6528 6549 6591 6686 6691 6908 6933 6969 6970 6972 7027 7241 7257 7268 7270 7293 7303 7438 7482 7488 7609 7641 7679 7730 7778 7819 8067 8260 8330 8561 8575 8759 8848 8876 9006 9041 9101 9232 9283 9285 9727 9757 9805 9852 9917 9994 10022 10042 10074 10100 10151 10202 10519 10535 10662 10691 10817 10823 10941 11138 11203 11252 11338 11367 11478 11526 11601 11640 11659 11660 11719 11778 11912 12013 12021 12058 12073 12109 12119 12174 12205 12283 12413 12415 12417
COLS: 13 14 28 29 44 71 72 86
ROWS: 75 223 291 307 336 501 1084 1230 1556 1644 1810 1854 1996 2026 2054 2147 2153 2227 2354 2466 2472 2558 2635 2644 2861 2883 2945 3158 3451 3586 3595 3659 3661 3736 3746 3773 3875 3930 4015 4238 4368 4375 4617 4695 4700 4807 5267 5936 6280 6306 6330 6474 6528 6549 6591 6686 6691 6908 6933 6969 6970 6972 7027 7241 7257 7268 7270 7293 7303 7438 7482 7488 7609 7641 7679 7730 7778 7819 8067 8260 8330 8561 8575 8759 8848 8876 9006 9041 9101 9232 9283 9285 9727 9757 9805 9852 9917 9994 10022 10042 10074 10100 10151 10202 10519 10535 10662 10691 10817 10823 10941 11138 11203 11252 11338 11367 11478 11526 11601 11640 11659 11660 11719 11778 11912 12013 12021 12058 12073 12109 12119 12174 12205 12283 12413 12415 12417
COLS: 0 1 2 3 4 5 6 7 8 9 10 11 12 15 16 17 18 19 20 21 22 23 24 25 26 27 30 31 32 33 34 35 36 37 38 39 40 41 42 45 46 47 48 49 50 51 52 53 54 55 56 59 60 61 62 63 64 65 66 67 68 69 70 73 74 75 76 77 78 79 80 81 82 83 84
ROWS: 40 1490 2043 2636 2648 4241 4280 4466 4588 6384 6430 6760 6872 6973 7141 7155 7182 7413 7561 7590 8726 8825 9527 9705 11036 11133 11448 11552 11877 12072 12165 12259 12362
COLS: 13 14 28 29 44 71 72 86
ROWS: 40 1490 2043 2636 2648 4241 4280 4466 4588 6384 6430 6760 6872 6973 7141 7155 7182 7413 7561 7590 8726 8825 9527 9705 11036 11133 11448 11552 11877 12072 12165 12259 12362
COLS: 0 1 2 3 4 5 6 7 8 9 10 11 12 15 16 17 18 19 20 21 22 23 24 25 26 27 30 31 32 33 34 35 36 37 38 39 40 41 42 45 46 47 48 49 50 51 52 53 54 55 56 59 60 61 62 63 64 65 66 67 68 69 70 73 74 75 76 77 78 79 80 81 82 83 84
ROWS: 40 1490 2043 2636 2648 4241 4280 4466 4588 6384 6430 6760 6872 6973 7141 7155 7182 7413 7561 7590 8726 8825 9527 9705 11036 11133 11448 11552 11877 12072 12165 12259 12362
COLS: 43 57 58 85
ROWS: 1 115 724 1026 1054 1255 1451 1837 1890 2902 2987 4213 4274 7004 8390 8556 8591 8778 9113 9144 9211 10073 10374 11802 12015 12411
COLS: 13 14 28 29 44 71 72 86
ROWS: 1 115 724 1026 1054 1255 1451 1837 1890 2902 2987 4213 4274 7004 8390 8556 8591 8778 9113 9144 9211 10073 10374 11802 12015 12411
COLS: 0 1 2 3 4 5 6 7 8 9 10 11 12 15 16 17 18 19 20 21 22 23 24 25 26 27 30 31 32 33 34 35 36 37 38 39 40 41 42 45 46 47 48 49 50 51 52 53 54 55 56 59 60 61 62 63 64 65 66 67 68 69 70 73 74 75 76 77 78 79 80 81 82 83 84
ROWS: 1 115 724 1026 1054 1255 1451 1837 1890 2902 2987 4213 4274 7004 8390 8556 8591 8778 9113 9144 9211 10073 10374 11802 12015 12411
COLS: 43 57 58 85
ROWS: 75 223 291 307 336 501 1084 1230 1556 1644 1810 1854 1996 2026 2054 2147 2153 2227 2354 2466 2472 2558 2635 2644 2861 2883 2945 3158 3451 3586 3595 3659 3661 3736 3746 3773 3875 3930 4015 4238 4368 4375 4617 4695 4700 4807 5267 5936 6280 6306 6330 6474 6528 6549 6591 6686 6691 6908 6933 6969 6970 6972 7027 7241 7257 7268 7270 7293 7303 7438 7482 7488 7609 7641 7679 7730 7778 7819 8067 8260 8330 8561 8575 8759 8848 8876 9006 9041 9101 9232 9283 9285 9727 9757 9805 9852 9917 9994 10022 10042 10074 10100 10151 10202 10519 10535 10662 10691 10817 10823 10941 11138 11203 11252 11338 11367 11478 11526 11601 11640 11659 11660 11719 11778 11912 12013 12021 12058 12073 12109 12119 12174 12205 12283 12413 12415 12417
COLS: 1 2 9 11 12 15 26 27 30 34 40 41 42 45 55 59 60 68 69 70 76 81 82 83 84
ROWS: 75 223 291 307 336 501 1084 1230 1556 1644 1810 1854 1996 2026 2054 2147 2153 2227 2354 2466 2472 2558 2635 2644 2861 2883 2945 3158 3451 3586 3595 3659 3661 3736 3746 3773 3875 3930 4015 4238 4368 4375 4617 4695 4700 4807 5267 5936 6280 6306 6330 6474 6528 6549 6591 6686 6691 6908 6933 6969 6970 6972 7027 7241 7257 7268 7270 7293 7303 7438 7482 7488 7609 7641 7679 7730 7778 7819 8067 8260 8330 8561 8575 8759 8848 8876 9006 9041 9101 9232 9283 9285 9727 9757 9805 9852 9917 9994 10022 10042 10074 10100 10151 10202 10519 10535 10662 10691 10817 10823 10941 11138 11203 11252 11338 11367 11478 11526 11601 11640 11659 11660 11719 11778 11912 12013 12021 12058 12073 12109 12119 12174 12205 12283 12413 12415 12417
COLS: 3 4 13 14 17 18 28 29 32 33 43 44 47 48 56 57 58 61 62 64 71 72 75 85 86
ROWS: 40 1490 2043 2636 2648 4241 4280 4466 4588 6384 6430 6760 6872 6973 7141 7155 7182 7413 7561 7590 8726 8825 9527 9705 11036 11133 11448 11552 11877 12072 12165 12259 12362
COLS: 7 8 22 23 36 37 38 51 52 65 66 79 80
ROWS: 40 1490 2043 2636 2648 4241 4280 4466 4588 6384 6430 6760 6872 6973 7141 7155 7182 7413 7561 7590 8726 8825 9527 9705 11036 11133 11448 11552 11877 12072 12165 12259 12362
COLS: 5 6 19 20 21 35 49 50 63 77 78
ROWS: 40 1490 2043 2636 2648 4241 4280 4466 4588 6384 6430 6760 6872 6973 7141 7155 7182 7413 7561 7590 8726 8825 9527 9705 11036 11133 11448 11552 11877 12072 12165 12259 12362
COLS: 0 10 16 24 25 31 39 46 53 54 67 73 74
ROWS: 40 1490 2043 2636 2648 4241 4280 4466 4588 6384 6430 6760 6872 6973 7141 7155 7182 7413 7561 7590 8726 8825 9527 9705 11036 11133 11448 11552 11877 12072 12165 12259 12362
COLS: 1 2 9 11 12 15 26 27 30 34 40 41 42 45 55 59 60 68 69 70 76 81 82 83 84
ROWS: 40 1490 2043 2636 2648 4241 4280 4466 4588 6384 6430 6760 6872 6973 7141 7155 7182 7413 7561 7590 8726 8825 9527 9705 11036 11133 11448 11552 11877 12072 12165 12259 12362
COLS: 3 4 13 14 17 18 28 29 32 33 43 44 47 48 56 57 58 61 62 64 71 72 75 85 86
ROWS: 1 115 724 1026 1054 1255 1451 1837 1890 2902 2987 4213 4274 7004 8390 8556 8591 8778 9113 9144 9211 10073 10374 11802 12015 12411
COLS: 7 8 22 23 36 37 38 51 52 65 66 79 80
ROWS: 1 115 724 1026 1054 1255 1451 1837 1890 2902 2987 4213 4274 7004 8390 8556 8591 8778 9113 9144 9211 10073 10374 11802 12015 12411
COLS: 5 6 19 20 21 35 49 50 63 77 78
ROWS: 1 115 724 1026 1054 1255 1451 1837 1890 2902 2987 4213 4274 7004 8390 8556 8591 8778 9113 9144 9211 10073 10374 11802 12015 12411
COLS: 0 10 16 24 25 31 39 46 53 54 67 73 74
ROWS: 1 115 724 1026 1054 1255 1451 1837 1890 2902 2987 4213 4274 7004 8390 8556 8591 8778 9113 9144 9211 10073 10374 11802 12015 12411
COLS: 1 2 9 11 12 15 26 27 30 34 40 41 42 45 55 59 60 68 69 70 76 81 82 83 84
ROWS: 1 115 724 1026 1054 1255 1451 1837 1890 2902 2987 4213 4274 7004 8390 8556 8591 8778 9113 9144 9211 10073 10374 11802 12015 12411
COLS: 3 4 13 14 17 18 28 29 32 33 43 44 47 48 56 57 58 61 62 64 71 72 75 85 86
ROWS: 7 35 104 115 183 184 246 265 302 303 335 348 361 489 515 761 840 897 1019 1061 1091 1095 1168 1416 1489 1637 1659 1768 2069 2314 2384 2534 2623 2745 2865 2942 3156 3170 3279 3379 3410 3416 3467 3519 3583 3715 3832 3965 3988 4304 4657 4663 4816 5111 5366 5520 5715 5831 6180 6346 6607 6647 6728 6860 7043 7047 7076 7125 7143 7255 7261 7264 7515 7558 7594 7834 7908 7969 7970 7981 7990 8004 8168 8210 8548 8570 8613 8710 8869 8968 9032 9150 9236 9252 9313 9390 9557 9586 9603 9616 9618 9683 9711 10005 10015 10018 10136 10145 10224 10290 10293 10445 10492 10643 10651 10762 10816 10896 10945 10950 11038 11064 11078 11140 11183 11238 11240 11410 11429 11436 11477 11696 11827 11845 12126 12130 12142 12144 12410 12412
COLS: 0 1 2 3 4 5 6 7 8 9 10 11 12 15 16 17 18 19 20 21 22 23 24 25 26 27 30 31 32 33 34 35 36 37 38 39 40 41 42 45 46 47 48 49 50 51 52 53 54 55 56 59 60 61 62 63 64 65 66 67 68 69 70 73 74 75 76 77 78 79 80 81 82 83 84
ROWS: 40 1490 2043 2648 4241 4280 4466 4588 6384 6760 6872 6973 7141 7155 7182 7413 7561 7590 8726 8825 9527 9705 11036 11133 11448 11877 12072 12165 12259 12362
COLS: 13 14 28 29 44 71 72 86
ROWS: 40 1490 2043 2648 4241 4280 4466 4588 6384 6760 6872 6973 7141 7155 7182 7413 7561 7590 8726 8825 9527 9705 11036 11133 11448 11877 12072 12165 12259 12362
COLS: 0 1 2 3 4 5 6 7 8 9 10 11 12 15 16 17 18 19 20 21 22 23 24 25 26 27 30 31 32 33 34 35 36 37 38 39 40 41 42 45 46 47 48 49 50 51 52 53 54 55 56 59 60 61 62 63 64 65 66 67 68 69 70 73 74 75 76 77 78 79 80 81 82 83 84
ROWS: 40 1490 2043 2648 4241 4280 4466 4588 6384 6760 6872 6973 7141 7155 7182 7413 7561 7590 8726 8825 9527 9705 11036 11133 11448 11877 12072 12165 12259 12362
COLS: 43 57 58 85
ROWS: 1 724 1026 1054 1255 1451 1837 1890 2902 2987 4213 4274 7004 8390 8556 8591 8778 9113 9144 9211 10073 10374 11802 12015 12411
COLS: 13 14 28 29 44 71 72 86
ROWS: 1 724 1026 1054 1255 1451 1837 1890 2902 2987 4213 4274 7004 8390 8556 8591 8778 9113 9144 9211 10073 10374 11802 12015 12411
COLS: 0 1 2 3 4 5 6 7 8 9 10 11 12 15 16 17 18 19 20 21 22 23 24 25 26 27 30 31 32 33 34 35 36 37 38 39 40 41 42 45 46 47 48 49 50 51 52 53 54 55 56 59 60 61 62 63 64 65 66 67 68 69 70 73 74 75 76 77 78 79 80 81 82 83 84
ROWS: 1 724 1026 1054 1255 1451 1837 1890 2902 2987 4213 4274 7004 8390 8556 8591 8778 9113 9144 9211 10073 10374 11802 12015 12411
COLS: 43 57 58 85
ROWS: 5 113 133 164 223 266 342 357 386 388 614 623 636 645 646 658 659 673 685 697 859 873 874 876 1075 1079 1126 1154 1315 1397 1420 1498 1533 1591 1744 1786 1813 1846 1848 1869 1875 1959 1964 1982 1995 2070 2153 2205 2206 2302 2310 2340 2369 2393 2414 2419 2449 2466 2472 2500 2510 2577 2578 2590 2760 2762 2883 2892 2900 2938 3036 3047 3049 3069 3093 3147 3172 3175 3248 3285 3313 3344 3387 3459 3473 3475 3497 3503 3515 3642 3645 3660 3680 3709 3762 3764 3789 3800 3848 3852 3875 3907 4013 4019 4054 4079 4116 4226 4233 4310 4316 4326 4337 4372 4427 4451 4453 4470 4520 4535 4543 4551 4607 4619 4643 4650 4652 4712 4804 4808 4827 5224 5892 6324 6369 6371 6413 6420 6445 6460 6488 6503 6592 6608 6609 6612 6635 6651 6662 6681 6689 6710 6723 6768 6796 6803 6830 6838 6853 6854 6869 6875 6891 6919 6952 6971 6975 6978 6992 7018 7026 7035 7060 7069 7172 7209 7289 7337 7341 7377 7384 7444 7457 7481 7514 7525 7575 7587 7601 7602 7729 7738 7753 7778 7816 7831 7832 7833 7847 7926 7927 7928 7937 8006 8015 8148 8260 8315 8327 8350 8404 8483 8598 8662 8686 8749 8855 8867 8868 8883 8904 8958 8977 9028 9041 9043 9076 9154 9168 9184 9231 9239 9240 9241 9257 9285 9290 9342 9377 9588 9597 9614 9654 9688 9713 9826 9913 9943 9944 9973 10009 10030 10042 10144 10182 10231 10324 10395 10427 10431 10456 10457 10496 10534 10535 10538 10540 10571 10617 10622 10657 10683 10824 10957 10985 11005 11018 11050 11057 11116 11138 11171 11196 11228 11252 11264 11320 11359 11362 11386 11426 11460 11471 11511 11522 11571 11628 11645 11658 11712 11737 11745 11826 11860 11861 11873 11884 11902 11915 12012 12029 12077 12084 12147 12148 12246 12271 12315 12319 12354 12373 12390 12442 12444
COLS: 0 1 2 3 4 5 6 7 8 9 10 11 12 15 16 17 18 19 20 21 22 23 24 25 26 27 30 31 32 33 34 35 36 37 38 39 40 41 42 45 46 47 48 49 50 51 52 53 54 55 56 59 60 61 62 63 64 65 66 67 68 69 70 73 74 75 76 77 78 79 80 81 82 83 84
ROWS: 75 291 307 336 501 1084 1230 1556 1644 1810 1854 1996 2026 2054 2147 2227 2354 2558 2635 2636 2644 2861 2945 3158 3451 3586 3595 3659 3661 3736 3746 3773 3930 4015 4238 4368 4375 4617 4695 4700 4807 5267 5936 6280 6306 6330 6430 6474 6528 6549 6591 6686 6691 6908 6933 6969 6970 6972 7027 7241 7257 7268 7270 7293 7303 7438 7482 7488 7609 7641 7679 7730 7819 8067 8330 8561 8575 8759 8848 8876 9006 9101 9232 9283 9727 9757 9805 9852 9917 9994 10022 10074 10100 10151 10202 10519 10662 10691 10817 10823 10941 11203 11338 11367 11478 11526 11552 11601 11640 11659 11660 11719 11778 11912 12013 12021 12058 12073 12109 12119 12174 12205 12283 12413 12415 12417
COLS: 13 14 28 29 44 71 72 86
ROWS: 75 291 307 336 501 1084 1230 1556 1644 1810 1854 1996 2026 2054 2147 2227 2354 2558 2635 2636 2644 2861 2945 3158 3451 3586 3595 3659 3661 3736 3746 3773 3930 4015 4238 4368 4375 4617 4695 4700 4807 5267 5936 6280 6306 6330 6430 6474 6528 6549 6591 6686 6691 6908 6933 6969 6970 6972 7027 7241 7257 7268 7270 7293 7303 7438 7482 7488 7609 7641 7679 7730 7819 8067 8330 8561 8575 8759 8848 8876 9006 9101 9232 9283 9727 9757 9805 9852 9917 9994 10022 10074 10100 10151 10202 10519 10662 10691 10817 10823 10941 11203 11338 11367 11478 11526 11552 11601 11640 11659 11660 11719 11778 11912 12013 12021 12058 12073 12109 12119 12174 12205 12283 12413 12415 12417
COLS: 0 1 2 3 4 5 6 7 8 9 10 11 12 15 16 17 18 19 20 21 22 23 24 25 26 27 30 31 32 33 34 35 36 37 38 39 40 41 42 45 46 47 48 49 50 51 52 53 54 55 56 59 60 61 62 63 64 65 66 67 68 69 70 73 74 75 76 77 78 79 80 81 82 83 84
ROWS: 40 1490 2043 2648 4241 4280 4466 4588 6384 6760 6872 6973 7141 7155 7182 7413 7561 7590 8726 8825 9527 9705 11036 11133 11448 11877 12072 12165 12259 12362
COLS: 7 8 22 23 36 37 38 51 52 65 66 79 80
ROWS: 40 1490 2043 2648 4241 4280 4466 4588 6384 6760 6872 6973 7141 7155 7182 7413 7561 7590 8726 8825 9527 9705 11036 11133 11448 11877 12072 12165 12259 12362
COLS: 5 6 19 20 21 35 49 50 63 77 78
ROWS: 40 1490 2043 2648 4241 4280 4466 4588 6384 6760 6872 6973 7141 7155 7182 7413 7561 7590 8726 8825 9527 9705 11036 11133 11448 11877 12072 12165 12259 12362
COLS: 0 10 16 24 25 31 39 46 53 54 67 73 74
ROWS: 40 1490 2043 2648 4241 4280 4466 4588 6384 6760 6872 6973 7141 7155 7182 7413 7561 7590 8726 8825 9527 9705 11036 11133 11448 11877 12072 12165 12259 12362
COLS: 1 2 9 11 12 15 26 27 30 34 40 41 42 45 55 59 60 68 69 70 76 81 82 83 84
ROWS: 40 1490 2043 2648 4241 4280 4466 4588 6384 6760 6872 6973 7141 7155 7182 7413 7561 7590 8726 8825 9527 9705 11036 11133 11448 11877 12072 12165 12259 12362
COLS: 3 4 13 14 17 18 28 29 32 33 43 44 47 48 56 57 58 61 62 64 71 72 75 85 86
ROWS: 1 724 1026 1054 1255 1451 1837 1890 2902 2987 4213 4274 7004 8390 8556 8591 8778 9113 9144 9211 10073 10374 11802 12015 12411
COLS: 7 8 22 23 36 37 38 51 52 65 66 79 80
ROWS: 1 724 1026 1054 1255 1451 1837 1890 2902 2987 4213 4274 7004 8390 8556 8591 8778 9113 9144 9211 10073 10374 11802 12015 12411
COLS: 5 6 19 20 21 35 49 50 63 77 78
ROWS: 1 724 1026 1054 1255 1451 1837 1890 2902 2987 4213 4274 7004 8390 8556 8591 8778 9113 9144 9211 10073 10374 11802 12015 12411
COLS: 0 10 16 24 25 31 39 46 53 54 67 73 74
ROWS: 1 724 1026 1054 1255 1451 1837 1890 2902 2987 4213 4274 7004 8390 8556 8591 8778 9113 9144 9211 10073 10374 11802 12015 12411
COLS: 1 2 9 11 12 15 26 27 30 34 40 41 42 45 55 59 60 68 69 70 76 81 82 83 84
ROWS: 1 724 1026 1054 1255 1451 1837 1890 2902 2987 4213 4274 7004 8390 8556 8591 8778 9113 9144 9211 10073 10374 11802 12015 12411
COLS: 3 4 13 14 17 18 28 29 32 33 43 44 47 48 56 57 58 61 62 64 71 72 75 85 86
ROWS: 75 291 307 336 501 1084 1230 1556 1644 1810 1854 1996 2026 2054 2147 2227 2354 2558 2635 2636 2644 2861 2945 3158 3451 3586 3595 3659 3661 3736 3746 3773 3930 4015 4238 4368 4375 4617 4695 4700 4807 5267 5936 6280 6306 6330 6430 6474 6528 6549 6591 6686 6691 6908 6933 6969 6970 6972 7027 7241 7257 7268 7270 7293 7303 7438 7482 7488 7609 7641 7679 7730 7819 8067 8330 8561 8575 8759 8848 8876 9006 9101 9232 9283 9727 9757 9805 9852 9917 9994 10022 10074 10100 10151 10202 10519 10662 10691 10817 10823 10941 11203 11338 11367 11478 11526 11552 11601 11640 11659 11660 11719 11778 11912 12013 12021 12058 12073 12109 12119 12174 12205 12283 12413 12415 12417
COLS: 1 2 9 11 12 15 26 27 30 34 40 41 42 45 55 59 60 68 69 70 76 81 82 83 84
ROWS: 75 291 307 336 501 1084 1230 1556 1644 1810 1854 1996 2026 2054 2147 2227 2354 2558 2635 2636 2644 2861 2945 3158 3451 3586 3595 3659 3661 3736 3746 3773 3930 4015 4238 4368 4375 4617 4695 4700 4807 5267 5936 6280 6306 6330 6430 6474 6528 6549 6591 6686 6691 6908 6933 6969 6970 6972 7027 7241 7257 7268 7270 7293 7303 7438 7482 7488 7609 7641 7679 7730 7819 8067 8330 8561 8575 8759 8848 8876 9006 9101 9232 9283 9727 9757 9805 9852 9917 9994 10022 10074 10100 10151 10202 10519 10662 10691 10817 10823 10941 11203 11338 11367 11478 11526 11552 11601 11640 11659 11660 11719 11778 11912 12013 12021 12058 12073 12109 12119 12174 12205 12283 12413 12415 12417
COLS: 3 4 13 14 17 18 28 29 32 33 43 44 47 48 56 57 58 61 62 64 71 72 75 85 86
ROWS: 1 724 1026 1255 1451 1837 1890 2902 2987 4213 4274 7004 7347 8390 8556 8591 9113 9144 9211 10073 10374 11802 12015 12411
COLS: 7 8 22 23 36 37 38 51 52 65 66 79 80
ROWS: 1 724 1026 1255 1451 1837 1890 2902 2987 4213 4274 7004 7347 8390 8556 8591 9113 9144 9211 10073 10374 11802 12015 12411
COLS: 5 6 19 20 21 35 49 50 63 77 78
ROWS: 1 724 1026 1255 1451 1837 1890 2902 2987 4213 4274 7004 7347 8390 8556 8591 9113 9144 9211 10073 10374 11802 12015 12411
COLS: 0 10 16 24 25 31 39 46 53 54 67 73 74
ROWS: 1 724 1026 1255 1451 1837 1890 2902 2987 4213 4274 7004 7347 8390 8556 8591 9113 9144 9211 10073 10374 11802 12015 12411
COLS: 1 2 9 11 12 15 26 27 30 34 40 41 42 45 55 59 60 68 69 70 76 81 82 83 84
ROWS: 1 724 1026 1255 1451 1837 1890 2902 2987 4213 4274 7004 7347 8390 8556 8591 9113 9144 9211 10073 10374 11802 12015 12411
COLS: 3 4 13 14 17 18 28 29 32 33 43 44 47 48 56 57 58 61 62 64 71 72 75 85 86
ROWS: 75 223 291 307 336 501 1084 1230 1556 1644 1810 1854 1996 2026 2054 2147 2153 2227 2354 2472 2558 2635 2644 2861 2883 2945 3158 3451 3586 3595 3659 3661 3736 3746 3773 3930 4015 4238 4368 4375 4617 4695 4700 4807 5267 5936 6280 6306 6330 6474 6528 6549 6591 6686 6691 6908 6933 6969 6970 6972 7027 7241 7257 7268 7270 7293 7303 7438 7482 7488 7609 7641 7679 7730 7778 7819 8067 8260 8330 8561 8575 8759 8848 8876 9006 9041 9101 9232 9283 9285 9727 9757 9805 9852 9917 9994 10022 10074 10100 10151 10202 10519 10535 10662 10691 10817 10823 10941 11138 11203 11252 11338 11367 11478 11526 11601 11640 11659 11660 11719 11778 11912 12013 12021 12058 12073 12109 12119 12174 12205 12283 12413 12415 12417
COLS: 1 2 9 11 12 15 26 27 30 34 40 41 42 45 55 59 60 68 69 70 76 81 82 83 84
ROWS: 75 223 291 307 336 501 1084 1230 1556 1644 1810 1854 1996 2026 2054 2147 2153 2227 2354 2472 2558 2635 2644 2861 2883 2945 3158 3451 3586 3595 3659 3661 3736 3746 3773 3930 4015 4238 4368 4375 4617 4695 4700 4807 5267 5936 6280 6306 6330 6474 6528 6549 6591 6686 6691 6908 6933 6969 6970 6972 7027 7241 7257 7268 7270 7293 7303 7438 7482 7488 7609 7641 7679 7730 7778 7819 8067 8260 8330 8561 8575 8759 8848 8876 9006 9041 9101 9232 9283 9285 9727 9757 9805 9852 9917 9994 10022 10074 10100 10151 10202 10519 10535 10662 10691 10817 10823 10941 11138 11203 11252 11338 11367 11478 11526 11601 11640 11659 11660 11719 11778 11912 12013 12021 12058 12073 12109 12119 12174 12205 12283 12413 12415 12417
COLS: 3 4 13 14 17 18 28 29 32 33 43 44 47 48 56 57 58 61 62 64 71 72 75 85 86
ROWS: 40 1490 2043 2636 2648 4241 4280 4466 4588 6384 6430 6760 6872 6973 7141 7155 7182 7413 7561 7590 8726 8825 9527 9705 11036 11133 11448 11552 11877 12072 12165 12259 12362
COLS: 7 8 22 23 36 37 38 51 52 65 66 79 80
ROWS: 40 1490 2043 2636 2648 4241 4280 4466 4588 6384 6430 6760 6872 6973 7141 7155 7182 7413 7561 7590 8726 8825 9527 9705 11036 11133 11448 11552 11877 12072 12165 12259 12362
COLS: 5 6 19 20 21 35 49 50 63 77 78
ROWS: 40 1490 2043 2636 2648 4241 4280 4466 4588 6384 6430 6760 6872 6973 7141 7155 7182 7413 7561 7590 8726 8825 9527 9705 11036 11133 11448 11552 11877 12072 12165 12259 12362
COLS: 0 10 16 24 25 31 39 46 53 54 67 73 74
ROWS: 40 1490 2043 2636 2648 4241 4280 4466 4588 6384 6430 6760 6872 6973 7141 7155 7182 7413 7561 7590 8726 8825 9527 9705 11036 11133 11448 11552 11877 12072 12165 12259 12362
COLS: 1 2 9 11 12 15 26 27 30 34 40 41 42 45 55 59 60 68 69 70 76 81 82 83 84
ROWS: 40 1490 2043 2636 2648 4241 4280 4466 4588 6384 6430 6760 6872 6973 7141 7155 7182 7413 7561 7590 8726 8825 9527 9705 11036 11133 11448 11552 11877 12072 12165 12259 12362
COLS: 3 4 13 14 17 18 28 29 32 33 43 44 47 48 56 57 58 61 62 64 71 72 75 85 86
