ROWS: 313 468 629 787 821 932 941 949 950 1251 1321 1393 1451 1459 1480 1645 1713 1864 1906 2212 2372 2433 2456 2457 2536 2662 2692 2874 3026 3540 3818 4164 4349 4367 4681 4715 4747 4750 4891 4899 4941 4965 4995 5017 5041 5052 5102 5132 5140 5144 5148 5173 5216 5223 5246 5248 5272 5279 5313 5337 5365 5368 5413 5414 5422 5424 5435 5447 5454 5487 5544 5590 5629 5641 5683 5684 5711 5737 5741 5794 5837 5841 5867 5950 5957 5960 6063 6079 6103 6125 6126 6253 6558 6631 6888 7030 7050 7052 7094 7116 7171 7211 7344 7782 7815 7883 8231 8248 8448 8451 8522 8817 8893 9015 9167 9356 9359 9361 9759 9821 9865 9937 10064 10301 10340 10781 10852 11084 11141 11226 11357 11437 11516 11552 11993 12204 12248 12299 12476
COLS: 50 51 52 53 54 55 56 58 63 64 65 66 67 68 69 70 71 72 73 74 75 76 77 78 79 80 81 86 87 88 89 90 91 93 94 95 96 97 98 99 100 101 102 103 104 107 108 110 111 112 113 114 115 116 118 119 120 121 122 123 124 125 126 129 130 135 136 137 138 139 140 146 147 149
ROWS: 111 166 167 268 457 461 520 522 526 548 689 713 753 815 862 889 917 1115 1227 1236 1250 1252 1254 1268 1294 1367 1375 1377 1382 1389 1409 1414 1573 1707 1796 1984 2012 2030 2054 2065 2086 2109 2157 2267 2307 2335 2431 2480 2486 2510 2573 2611 2663 2671 2702 2763 2871 2941 2980 3089 3101 3183 3276 3428 3429 3572 3626 3715 3987 4181 4204 4264 4300 4369 4436 4450 4680 4736 4876 4905 4916 4927 4928 4931 4936 4940 4949 4952 4974 4989 5036 5059 5072 5098 5138 5152 5203 5213 5253 5276 5289 5317 5353 5370 5472 5490 5494 5510 5567 5571 5664 5693 5734 5752 5788 5793 5799 5807 5822 5842 5847 5851 5883 5885 5886 5889 5907 5915 5920 5938 5953 5983 6030 6036 6050 6082 6164 6178 6202 6205 6230 6237 6321 6364 6574 6708 6739 6742 6766 6791 6895 6898 6935 7007 7141 7226 7332 7419 7427 7484 7549 7593 7803 7825 8021 8091 8294 8362 8514 8534 8549 8560 8583 8588 8610 8623 8631 8916 8929 8969 8971 8990 9063 9065 9128 9237 9430 9438 9446 9450 9462 9466 9530 9624 9774 9788 9792 9794 9801 9824 9839 9895 9926 10063 10195 10221 10313 10341 10348 10350 10378 10398 10403 10412 10416 10446 10462 10484 10494 10507 10782 10787 10828 10835 10839 10851 10914 10987 11207 11223 11231 11275 11284 11389 11444 11445 11520 11523 11562 11564 11571 11591 11607 11622 11678 11786 11933 11934 11935 11936 11942 12096 12130 12232 12459 12480
COLS: 51 52 53 64 66 69 71 72 74 75 76 77 80 86 87 89 90 91 93 94 95 96 97 100 102 108 110 112 113 114 115 116 118 119 120 121 129 130 136 137 138 140 146 147
ROWS: 214 269 405 459 805 864 884 891 894 943 960 1021 1178 1185 1191 1229 1242 1270 1280 1285 1297 1512 1619 1641 1660 1757 1764 1780 1805 1866 1980 1994 2002 2004 2020 2166 2244 2391 2487 2624 2659 2828 2842 2879 2936 3046 3191 3227 3281 3295 3549 3555 4037 4423 4454 4465 4618 4755 4829 4831 4851 4857 4880 4960 5014 5039 5056 5068 5104 5114 5116 5135 5165 5176 5178 5201 5206 5225 5233 5249 5274 5292 5299 5302 5303 5398 5489 5524 5537 5557 5575 5613 5669 5696 5700 5701 5705 5719 5732 5767 5805 5858 5967 5974 5975 6000 6003 6057 6135 6172 6204 6398 6399 6698 6734 6735 6736 6751 6777 6788 6806 6853 6881 6894 6917 6957 6959 6990 7031 7221 7269 7296 7342 7359 7387 7421 7487 7626 7633 7746 7781 7790 8049 8111 8177 8195 8346 8355 8483 8492 8511 8524 8661 8719 8918 8925 8963 9256 9333 9335 9366 9377 9387 9412 9413 9433 9444 9460 9677 9798 9802 9808 9813 9825 9857 9881 9888 9896 10362 10368 10371 10375 10376 10409 10562 10719 10728 10739 10747 10751 10789 10836 10866 11204 11283 11390 11469 11616 11644 11758 11842 11976 12114 12263 12344 12477 12479
COLS: 51 52 53 58 64 66 70 72 74 75 76 77 78 86 87 90 91 93 94 95 96 102 107 113 114 115 119 120 121 126 129 130 136 137 138 139 140 147
ROWS: 89 255 319 419 450 454 458 608 797 929 964 986 1047 1090 1194 1217 1292 1750 1843 2135 2178 2713 2787 2942 2973 3198 3655 3726 4339 4425 4483 4636 4801 4854 4860 4895 4945 5002 5004 5009 5029 5042 5134 5154 5296 5328 5347 5348 5453 5478 5751 5898 5919 5969 5973 6042 6144 6152 6184 6323 6400 6428 6475 6626 6724 7318 7431 7653 8025 8044 8050 8468 8471 8513 8548 8901 9305 9357 9475 10130 10407 10525 10750 10807 10981 11596 11741 11812 12235 12271 12482
COLS: 50 53 64 66 75 76 77 80 86 87 90 91 93 95 96 97 102 104 112 113 114 115 119 120 121 125 129 130 136 137 140 146 147
ROWS: 506 529 558 688 811 834 963 1031 1072 1137 1416 1559 1627 1937 2082 2161 2235 2273 2402 2530 2555 2594 2795 2901 3444 3906 3918 3964 4133 4171 4209 4682 4835 4852 4953 4985 4999 5137 5294 5327 5333 5387 5415 5421 5459 5493 5573 5706 5769 5812 5821 5929 5942 5971 5992 5998 6001 6040 6081 6093 6104 6148 6193 6208 6233 6247 6759 7194 7198 7305 7370 7430 7871 8077 8244 8449 8476 8571 8891 8945 9145 9419 9464 9474 9587 9797 10198 10275 10277 10349 10355 10383 10401 10592 10611 10837 11202 11274 11527 11565 11593 11691 11798 11893 11906 11923 12225 12456 12458
COLS: 51 52 56 64 66 68 72 74 75 76 77 86 87 89 90 91 93 94 95 100 102 108 114 115 116 119 120 121 129 130 136 137 138 139 140 149
ROWS: 53 82 162 201 455 511 904 982 1019 1154 1195 1240 1337 1395 1415 1666 1782 1810 1958 1972 1978 2214 2296 2321 2429 2626 2668 2994 3072 3084 3171 3348 4329 4993 5000 5070 5084 5095 5157 5358 5427 5429 5432 5601 5646 5703 5965 6037 6107 6325 6339 6776 7004 7377 7406 7837 7858 8034 8092 8126 8380 8472 8482 8505 8550 8746 8956 9325 9330 9344 9355 9454 9522 10564 10780 10991 11297 11524 11545 11589 11926 12052
COLS: 52 53 66 70 75 79 80 81 88 90 93 94 96 97 101 112 115 120 121 122 125 126 147
ROWS: 196 299 452 460 535 667 717 785 802 867 881 968 1360 1378 1396 1413 1440 1461 1616 1647 2119 2136 2248 2437 2439 2515 2517 2675 2687 2712 3535 3776 3795 4006 4346 4455 4709 4740 4771 4842 4886 4954 4967 5063 5086 5151 5158 5211 5271 5316 5346 5360 5367 5408 5528 5554 5565 5569 5593 5627 5671 5682 5715 5813 5871 5880 6108 6114 6141 6236 6769 6869 7091 7186 7202 7379 7405 7446 7520 7574 7590 7739 7780 7888 8028 8215 8435 8474 8493 8500 8502 8532 8848 8957 9001 9368 9373 9402 9442 9512 9786 9799 9819 9826 9858 10241 10255 10408 10410 10706 10758 10825 10936 10982 11282 11288 11553 11583 11897 11967 12136 12243 12282 12288 12413
COLS: 51 53 56 64 66 72 74 75 76 77 86 87 90 91 93 94 95 96 100 102 107 108 113 114 115 116 118 119 120 121 129 130 136 137 138 139 140
ROWS: 439 527 556 789 903 1472 1648 2502 2646 2703 3083 3433 3610 3646 4088 4642 4703 5003 5174 5311 5479 5530 5538 5539 5564 5662 5759 5972 6649 7381 7408 7537 7973 8115 8443 8470 8497 8525 8573 8828 8979 9205 9379 9628 9903 10086 10263 10342 10461 10736 11227 11672 12245 12260 12431
COLS: 52 53 64 68 70 76 77 80 90 96 107 112 115 118 120 121 125 126 129 130 136 138 147 149
ROWS: 158 377 517 906 1114 1171 1450 1656 1973 2019 2036 2455 2548 2551 2805 2883 3298 3454 3528 3771 4174 4798 4938 4968 5115 5306 5393 5619 5829 5834 5962 6027 6555 6559 7152 7158 7315 7857 7989 8046 8405 8455 8900 8974 9276 9404 9713 9846 10104 10246 10292 10361 11131 11153 11243 11458 11555 11750 12274 12314
COLS: 50 66 73 76 77 86 87 88 90 91 93 94 102 103 104 116 118 119 120 121 122 129 130 137 140 146 147
ROWS: 79 817 947 1404 1841 1974 2516 2521 3092 3113 3133 3728 4443 4601 4765 4893 5061 5240 5383 5499 6120 6203 6514 6703 6878 7553 7819 7856 7960 8065 8106 8748 9100 9229 9360 9453 9478 9482 9609 9884 10358 10713 10996 11260 11261 11645 11905 12347 12481
COLS: 52 53 70 71 75 81 86 90 91 94 95 96 102 112 114 115 121 125 126 146 147
ROWS: 132 147 160 617 825 836 879 916 1193 1225 1271 1336 1387 1709 2127 2241 2730 2803 3018 3336 3342 3565 4215 4267 4491 4644 4719 4749 4806 4816 4950 4976 5054 5106 5175 5278 5280 5315 5318 5329 5330 5340 5556 5584 5592 5597 5844 5872 5901 5910 5921 6013 6044 6054 6059 6244 6257 6365 6366 6411 6805 6929 7125 7206 8042 8067 8250 8546 8586 8608 8973 9542 9643 9907 9913 9925 10214 10265 10309 11063 11074 11232 11246 11248 11291 11360 11712 11754 11978 12316
COLS: 51 52 56 64 66 68 70 72 74 75 76 77 86 87 90 91 93 94 95 102 108 113 115 116 119 120 129 130 136 137 138 140 149
ROWS: 0 123 190 495 530 549 878 1091 1465 1852 1930 2064 2311 2963 3118 5049 5082 5142 5354 5471 5473 5475 6121 6212 6377 6444 6495 6851 7214 7335 7404 8054 8447 8580 8903 9358 9420 9877 9885 10608 10639 10725 10737 10774 11356 11503 12104 12251
COLS: 53 68 72 75 78 79 80 87 90 91 93 96 107 115 118 120 121 129 136 146 147 149
ROWS: 199 254 409 1218 1315 2045 2495 3423 3521 3815 4201 4327 4385 4770 4810 4866 5080 5145 5252 5350 5438 5692 5699 5717 5803 5895 6714 6748 7130 7138 7232 7352 8917 8928 9399 9416 9555 9918 10251 10270 10357 10460 10766 11165 11296 11305 11624 11699 11791 11876 12092 12433
COLS: 52 53 64 70 71 80 91 93 95 96 97 102 112 113 114 115 118 120 121 122 125 126 140
ROWS: 90 490 544 1041 1105 1350 1364 1572 2427 2648 2709 2715 3105 3596 3823 3858 4232 4462 4547 4691 4695 4830 4920 5053 5118 5251 5281 5290 5718 5914 5943 6397 6602 7243 7485 7836 8016 9823 9852 10055 10172 10587 10700 11250 11638 12095 12224 12262 12294
COLS: 66 68 74 75 77 86 87 89 91 93 94 95 107 108 115 119 120 129 130 137 138 139 140 149
ROWS: 57 425 1006 1390 1789 1969 2291 2469 2576 3111 3630 4078 4821 4888 4955 5184 6078 6332 6678 7252 7399 7477 7951 8263 8794 8909 8993 9328 9455 10018 10323 11340 11539 11567 11956 12055 12195
COLS: 51 52 53 76 77 79 81 91 92 93 95 96 104 110 112 115 121 125 126 137 139
ROWS: 528 1004 1319 1700 2001 2068 2434 2524 2693 2868 3513 3829 4978 5139 5258 5572 5606 5691 5776 5958 6009 6242 6302 6664 7022 7375 7474 7575 7627 8100 8304 10256 10286 10840 10863 11265 11287 11877
COLS: 52 64 75 80 86 87 90 93 96 101 102 114 115 120 121 129 130 138
ROWS: 31 73 154 500 831 842 893 925 940 953 966 987 1220 1222 1629 1739 1800 1943 3851 3904 3922 4199 4790 4907 5025 5044 5295 5345 5355 5392 5552 5615 5636 5653 5809 5874 6053 6112 6128 6155 6195 6196 6293 6298 6355 6403 6472 6515 6730 6778 6819 6985 7224 7373 7640 7703 7821 8117 8295 8314 8452 8567 8570 8581 8904 8906 9074 9332 9470 9806 10248 10356 10761 10978 10995 11099 11572 11584 11898 11980 11999 12429
COLS: 51 56 64 66 72 74 75 76 77 86 87 90 91 93 94 95 100 102 108 113 114 115 116 119 120 121 129 130 136 137 138 140
ROWS: 105 143 346 888 896 1176 1795 1801 2432 2937 3992 4103 4170 4626 4732 5026 5078 5097 5286 5293 5724 6039 6072 6189 6903 8058 8061 8463 8475 8692 8760 8988 9003 9343 9789 10259 10546
COLS: 52 53 68 70 71 75 76 80 96 100 101 114 120 121 122 125 136 139 143 149
ROWS: 1208 1329 1403 1659 2107 2155 2891 3150 3347 4504 4824 5038 5219 5583 6764 6954 8499 8743 8985 9179 10267 10804 11240 12238 12308 12389
COLS: 51 52 53 66 68 73 76 80 92 94 95 96 121 122 125 126 130 140 149
ROWS: 456 828 951 1097 1773 1898 2033 2336 2460 3601 3667 4773 4856 5060 5066 5208 5234 6490 6991 7425 7651 7796 9152 9445 10139 10228 10387 10748 11239 11257 11536 11683 11992
COLS: 66 68 76 77 79 80 86 90 94 107 120 121 122 129 130 146 147 149
ROWS: 188 234 779 902 934 1069 1919 2365 2378 2587 2856 3170 3363 4263 5551 6168 7313 8986 9388 9793 10096 10117 11605 11925 11963 12334
COLS: 52 53 64 68 70 71 75 81 86 91 93 96 102 110 112 113 115 125 139 140 149
ROWS: 42 107 114 181 194 314 334 360 364 472 480 516 870 928 1039 1186 1201 1230 1328 1338 1352 1359 1373 1383 1705 1858 1903 1976 2175 2256 2310 2507 2927 3080 3131 3209 3396 3688 4291 4323 4484 4526 4559 4708 4748 4800 4870 4872 4881 4913 4921 4935 4988 5008 5018 5075 5076 5094 5179 5180 5183 5205 5297 5331 5334 5362 5386 5441 5495 5596 5602 5624 5666 5720 5771 5827 5838 5866 5870 5876 5894 5908 5968 5991 6055 6064 6066 6145 6171 6192 6358 6385 6563 6721 6758 6787 6922 7009 7060 7271 7410 7578 7607 7652 7872 7956 8020 8041 8064 8070 8276 8438 8519 8564 8651 8884 8967 9008 9027 9249 9295 9365 9385 9401 9410 9629 9791 10365 11316 11415 11509 11532 11832 11914 11957 12193 12272 12382
COLS: 51 54 56 58 64 66 67 72 74 75 76 77 78 86 87 90 91 93 94 95 100 102 107 108 114 115 116 119 120 129 130 136 137 138 139 140
ROWS: 70 230 1179 2147 2205 5189 5433 5746 5775 5985 6046 6110 6123 6157 6162 6436 7192 7222 7502 7530 8102 8185 8494 8654 8765 9394 9405 10293 10390 11971 12402
COLS: 50 52 53 56 64 72 80 90 91 92 93 96 102 112 115 119 121 125 137
ROWS: 144 892 990 1182 1211 1670 1677 1783 1804 2013 2165 2169 3007 3422 3575 4178 4942 4957 4992 5089 5181 5707 7191 7414 7449 8728 8753 8790 8994 9688 11707 11721 12107
COLS: 53 72 75 76 79 80 87 90 93 96 103 115 121 126 136 140 146 147
ROWS: 938 1931 2284 2349 2499 2949 3723 3833 4363 4635 6593 6729 7624 8029 8687 9391 9871 10084 10785 11188 11224 11547 11575 11961
COLS: 50 51 52 53 66 75 81 86 87 93 95 101 113 115 120 122 130 140 143
ROWS: 598 1243 1681 1687 1708 2047 3087 3341 4268 4355 4958 5623 5723 5911 6024 6052 6327 6744 6822 7218 7846 8015 8481 9267 10067 10867 11066 11333 12273
COLS: 52 53 75 79 80 96 107 112 115 118 119 121 122 125 126 137 138 140
ROWS: 693 1073 1376 2288 2302 2865 2898 3155 3286 3558 5220 5617 5680 6405 7021 7207 7233 7367 8543 9018 9380 9469 10252 10414 10894 11044 11938 12393
COLS: 51 66 68 75 76 87 90 91 115 116 121 122 129 136 138 140 149
ROWS: 505 2468 3304 3814 4714 4897 5686 6539 6575 6823 7862 8269 9415 9434 9441 9457 9835 10382 10487 10727 10730 11554 12346
COLS: 51 52 73 76 80 81 102 107 110 113 115 120 121 129 130 139 147
ROWS: 146 502 739 1446 4794 5150 5716 5828 6033 6222 6394 7240 7788 7824 8039 8071 8574 8845 9364 10308 10856 11955 11990
COLS: 51 56 64 66 68 72 76 80 91 93 100 104 117 118 119 138 146 149
ROWS: 213 215 253 300 436 827 861 895 908 988 1075 1277 1296 1363 1562 1598 1662 1814 2015 2052 2141 2591 2669 2691 2705 2797 3014 3100 3337 3522 3592 3826 4022 4288 4560 4832 4861 4873 4933 4943 5037 5071 5125 5131 5194 5212 5266 5301 5307 5361 5482 5542 5563 5566 5582 5609 5634 5637 5736 5810 5835 5849 5875 5879 5913 5922 5952 5976 6018 6062 6077 6098 6116 6137 6170 6191 6209 6410 6414 6491 6525 6529 6655 6817 6826 6912 7000 7166 7369 7426 7437 7876 8072 8227 8433 8486 8531 8544 8977 9067 9068 9287 9338 9439 9472 9477 9485 9486 9510 9515 9554 9838 10373 10391 10445 10480 10734 10850 10962 11047 11281 11515 11534 11574 11984 12049 12242 12310 12313 12478
COLS: 51 55 56 58 64 66 67 72 74 75 76 77 86 87 90 91 93 94 95 100 102 108 114 115 118 119 120 129 130 136 137 138 139 140 149
ROWS: 258 913 1267 1553 2105 2215 2246 2791 3788 3920 4391 4929 5254 5265 5304 5436 5990 6032 6746 6937 7300 7559 7647 7958 8908 9514 9916 10523 10559 10735 11913 12109 12457
COLS: 52 53 71 74 93 96 97 110 112 113 114 115 120 121 125 126 130
ROWS: 126 476 769 780 972 1392 2398 2989 3081 3514 3800 3938 4656 4751 4752 5242 5470 5760 5896 7006 7468 7483 8541 8850 10570 10792 11619 11788 11974 12392 12415
COLS: 51 66 68 72 75 79 95 116 120 122 129 136 146 147 149
ROWS: 88 1260 1394 1439 2508 2810 3455 4395 5197 5480 6406 7439 7773 7878 9905 10068 10819 11051 11298 11928
COLS: 66 68 72 80 91 92 95 96 97 100 101 102 120 125 129 140 146 149
ROWS: 66 155 684 803 2998 3530 4116 4868 5456 6780 7371 7672 8316 9427 9447 11573 11585 11931 12007 12304
COLS: 51 52 68 73 77 80 96 114 118 120 121 122 125 136 146 147 149
ROWS: 109 449 793 1057 1408 2350 2546 4586 4737 5498 6213 6224 6884 7040 7329 7587 9339 9848 10440 11560 12295
COLS: 50 52 53 76 77 78 93 96 112 114 115 119 120 125 129 138
ROWS: 231 546 3071 3110 3143 5077 5465 5607 5690 5780 5869 5917 6902 8722 8934 8958 9842 10833 11091 11943 12236 12341
COLS: 51 68 72 73 101 107 108 115 120 130 137 139 140 147 149
ROWS: 191 567 930 1457 1794 2040 2315 2526 4130 4383 4608 4926 5933 5966 6281 6378 6583 6709 7153 8188 9804 9894 11388
COLS: 68 74 75 91 94 100 102 107 115 121 125 137 140 147 149
ROWS: 51 64 134 145 156 189 222 283 379 451 470 479 485 496 521 533 561 568 777 778 781 794 795 814 816 823 824 837 848 851 860 872 880 899 962 970 1074 1189 1196 1223 1226 1233 1272 1276 1290 1310 1312 1323 1325 1340 1343 1379 1428 1454 1529 1596 1630 1679 1772 1942 2008 2034 2063 2074 2081 2183 2295 2324 2334 2352 2367 2377 2683 2956 2957 3047 3120 3146 3147 3158 3226 3467 3481 3577 3580 3686 3706 3733 3785 4357 4414 4615 4649 4780 4850 4869 4904 4937 4963 4970 4971 4975 4979 4996 5005 5032 5058 5069 5074 5103 5222 5224 5236 5238 5244 5264 5349 5356 5406 5431 5434 5448 5452 5461 5476 5486 5505 5506 5526 5545 5555 5562 5595 5599 5600 5616 5622 5628 5647 5657 5665 5713 5730 5738 5753 5783 5784 5802 5811 5823 5832 5845 5855 5857 5878 5891 5934 5944 5946 5956 5959 5981 5989 6071 6095 6101 6105 6134 6149 6167 6175 6180 6186 6210 6215 6254 6263 6319 6589 6774 6794 6832 6854 6980 6988 7002 7170 7227 7304 7366 7389 7454 7509 7635 7673 7805 7893 8007 8099 8365 8394 8465 8473 8501 8520 8540 8686 8749 8935 8987 8991 9326 9367 9435 9463 9517 9576 9766 9807 9822 9829 9836 9851 9854 9874 9973 10110 10196 10273 10294 10306 10316 10354 10442 10589 10633 10718 10817 10845 10997 11107 11184 11191 11230 11270 11308 11309 11405 11525 11530 11566 11685 11846 11930 11982 12111 12157 12231 12268 12286 12437 12443
COLS: 51 54 55 56 58 64 66 67 68 72 74 75 76 77 78 86 87 90 91 93 94 95 98 100 102 107 108 113 114 115 116 119 120 129 130 136 137 138 139 140 149
ROWS: 939 997 1410 1721 2234 2753 2908 2988 4410 5031 5193 5235 5267 5467 5679 6986 7469 7524 8128 9146 9932
COLS: 52 66 70 71 77 87 90 91 96 98 102 113 114 121 125 126 129 138 146 147
ROWS: 882 1355 1469 1699 2083 2170 3364 4735 5169 5661 6020 6796 7043 7418 8898 9382 9589 11447 11544
COLS: 52 53 64 66 70 71 77 79 90 93 101 113 114 126 136 138 139
ROWS: 332 351 708 856 965 1255 2733 4689 4779 4841 5023 5133 5335 5344 5380 5507 6074 6119 6442 6530 6600 6784 7767 8060 8587 8638 8964 9934 10079 11179 11272 11730
COLS: 66 68 72 75 86 87 88 120 121 122 138 146 149
ROWS: 195 620 1651 1854 2304 2704 3088 3128 3494 3622 4982 5167 5437 5446 6271 6289 6341 7994 8488 9418 9687 9780 10742 12013 12239
COLS: 52 53 56 70 71 75 80 93 96 102 114 121 140
ROWS: 518 1986 3114 3627 4673 5256 6113 6231 6665 7356 7747 8003 8902 9898 10319 10696 10763 11904 12039 12333
COLS: 73 74 75 90 92 93 108 115 118 120 122 130 136 146
ROWS: 602 1010 1214 1314 1879 2895 3248 3725 4864 5146 5309 5698 5902 6392 7046 7126 7890 8680 9899 11435 11969
COLS: 53 71 81 90 92 96 101 109 112 119 122 125 137 140
ROWS: 256 547 808 1779 2182 2634 2932 3835 4060 4359 4652 5064 5215 6094 6421 7148 8621 9461 10820 12375
COLS: 50 53 70 74 80 86 87 95 96 114 115 121 125 129 147
ROWS: 1001 1269 2269 2880 4280 4518 4889 5312 5341 5531 5939 6041 6336 6795 9993 10100 10374 10953 12410
COLS: 52 64 75 91 95 96 101 102 103 104 113 125 147
GO:0050919, 7.2873133028e-05, 0.0081850246477
GO:0005980, 9.70556282336e-05, 0.0081850246477
GO:0048843, 9.70556282336e-05, 0.0081850246477
GO:0010769, 0.000227015939088, 0.0143587581473
GO:0048640, 0.000361122390182, 0.0173832249923
GO:0000272, 0.000412250395074, 0.0173832249923
GO:0050771, 0.000717419271044, 0.0259295822249
GO:0030516, 0.000939739389007, 0.0297192581774
GO:0006073, 0.00147121926717, 0.0413576082883
GO:0006112, 0.00188891020439, 0.0421910004615
GO:0043519, 0.00193348801237, 0.0421910004615
GO:0048588, 0.00200115417209, 0.0421910004615
ROWS: 129 217 541 1950 1956 2654 3331 5549 5697 5890 6122 7029 7341 8085 8086 8698 9844 9875 9972 12125 12148
COLS: 51 56 66 68 79 91 95 102 118 121 138 146 147 149
ROWS: 373 1070 1128 1609 1732 2926 5204 5559 7328 7783 7814 8053 8131 9818 10303 10643 12000
COLS: 64 73 76 80 87 91 97 102 112 114 120 122 129 140 146
ROWS: 138 703 1237 1425 3272 3808 3995 4591 4646 4741 5073 5129 5291 6025 6367 7196 8826 10322 10724 10726 11636
COLS: 74 75 80 91 93 97 101 107 108 112 114 119 120 125 126 130 140
ROWS: 683 687 1716 1754 2140 2444 5113 5400 5483 5605 5688 5744 6541 6763 8103 9471 9938 11054 12301
COLS: 51 66 68 72 76 90 93 94 95 115 120 121 129 138 140 147 149
ROWS: 340 545 1438 1817 1855 1902 1915 1925 1971 2236 2449 3542 3594 3673 3804 4105 5660 8400
COLS: 53 66 72 77 87 90 94 95 96 109 112 130 138 147
ROWS: 854 1549 1964 1995 2824 3617 4509 4743 4900 6219 6557 6757 7598 8286 8641 10134 10715 11276
COLS: 50 52 53 71 75 79 94 96 101 102 112 118 121 126 137
ROWS: 3021 3482 3510 3832 4039 4131 5654 5830 5909 6131 8038 8754 8962 10156 10396 10585 11273 11681 12041
COLS: 51 53 70 71 96 97 110 112 114 126 140 147
ROWS: 112 869 1305 1330 1674 1774 1781 2425 2506 3129 3668 4168 6868 8629 8775 9481 10078 12048
COLS: 51 52 53 66 75 80 86 97 109 113 114 115 126 129
ROWS: 843 956 1132 1365 4862 4878 5714 6390 6546 6944 7349 9753 10843 11136 11387 11903 12180 12206
COLS: 52 53 56 68 72 93 101 112 114 120 149
ROWS: 764 1803 1920 2058 2440 3504 3539 4763 5515 5733 5774 6489 6637 6741 6821 7735 8954 9160 9459 11222 11581 12338
COLS: 50 72 86 90 91 93 94 95 108 115 120 121 136 137 140
ROWS: 654 1557 1643 2242 2840 3351 4499 4675 5748 7084 7407 7929 8578 9787 10057 10328 10683 10776 12093
COLS: 68 74 75 78 86 91 93 95 107 108 121 123 139 146 149
ROWS: 192 367 945 1353 1429 3199 4537 6779 7216 7275 7346 7621 7863 9241 9781 9820 12016
COLS: 72 73 74 80 86 88 92 102 116 118 130 146
ROWS: 30 45 227 333 453 863 866 933 954 957 975 1244 1248 1264 1273 1344 1346 1356 1763 1907 1932 1961 2206 2260 2287 2714 2903 3003 3109 3477 3979 4654 4815 4914 4948 4973 4981 5046 5085 5241 5247 5371 5385 5405 5409 5423 5462 5587 5591 5801 5831 5900 5905 5932 5988 5999 6068 6165 6173 6207 6239 6301 7023 7181 7620 7644 7665 7706 8458 8512 8551 8632 8720 8952 9147 9324 9800 10039 10264 10338 10343 10512 10568 10771 10813 10993 11056 11315 11489 11742 11915 11916 11937 12099 12119 12161 12258 12324
COLS: 51 54 55 56 58 64 65 66 67 68 72 73 74 75 76 77 78 86 87 90 91 93 94 95 98 100 101 102 107 108 113 114 115 116 118 119 120 121 129 130 136 137 138 139 140 145 148 149
ROWS: 37 741 835 1683 1758 2101 3729 3895 4972 5469 6153 6259 8242 8278 9362 9370 9886 10679
COLS: 52 64 71 74 80 94 96 102 113 115 118 119 120 121 140
ROWS: 478 2274 2329 2498 2531 4120 5420 5862 5899 6176 7093 9631 10101 11218 12330 12435
COLS: 68 74 78 80 95 96 112 115 119 120 121 139 147 149
ROWS: 845 1579 1691 2286 3567 3676 4772 5011 5099 5670 7661 8477 8781 9411 9890 10281 10741 11659 11787
COLS: 51 66 72 74 75 77 90 95 115 118 120 121 129 130
ROWS: 597 775 1632 1845 3625 4944 5394 5586 6182 6951 6956 7169 8461 8517 8545 9670 12018 12343
COLS: 51 52 53 71 73 80 81 86 93 112 125 129 130
ROWS: 473 919 1197 2725 3104 3879 3986 4394 4721 5164 5763 6295 6639 7512 8097 11119 11294
COLS: 76 78 80 87 90 91 110 112 114 125 126 129 138
ROWS: 131 198 1238 1473 1668 2075 2575 4516 5426 5779 5817 8004 8700 10310 10721 12089
COLS: 51 52 75 79 80 93 94 107 121 129 136 137 139 140
ROWS: 21 1987 3148 5648 5825 6029 6143 6668 7012 7185 7801 7869 10247 10777 11205 11353 11540 11600 11664
COLS: 54 64 70 72 74 75 90 93 98 112 115 126 139
ROWS: 525 1241 1809 1953 2009 2124 2451 2706 2748 3306 3411 3840 4925 5485 6075 6481 6996 8084 8596 9665 9887 10121 10799
COLS: 68 86 95 101 108 116 119 120 130 136 138 149
ROWS: 566 2000 2281 2581 2736 4696 5930 5947 6214 6658 6907 7874 8237 8456 10369 10773
COLS: 51 52 53 80 91 93 95 102 110 114 125 126 138
GO:0070588, 0.00110410799549, 0.0439177991382
GO:0070574, 0.00193348801237, 0.0439177991382
GO:0071580, 0.00193348801237, 0.0439177991382
GO:0071582, 0.00193348801237, 0.0439177991382
GO:0071584, 0.00193348801237, 0.0439177991382
GO:0071585, 0.00193348801237, 0.0439177991382
GO:0090281, 0.00193348801237, 0.0439177991382
ROWS: 644 1620 1806 2577 3079 3538 3623 3670 3682 5166 5384 5970 6334 6938 8008 9456 10693 11177 11506
COLS: 51 72 75 78 91 93 95 115 119 120 129 130 138 139 140
ROWS: 304 1380 2966 2970 3759 4486 5451 6657 8033 8462 8510 9523 10632 11692
COLS: 53 74 80 102 110 111 114 115 116 121 125 129 140
ROWS: 1023 2243 2396 2512 3656 3862 4361 5030 6811 8261 8280 8968 9353 10613
COLS: 52 53 66 68 69 70 75 80 111 121 145 149
ROWS: 15 370 2084 2137 2239 4802 6160 8363 9939 10908 11128 11502 11662 11985
COLS: 50 52 64 79 92 94 95 102 107 112 116 130
ROWS: 153 250 706 786 855 1200 1253 1368 1483 1680 1977 2079 2238 2266 3436 3583 3621 3758 3790 3825 3860 3917 4707 4858 5156 5182 5283 5352 5466 5508 5940 5954 6023 6048 6111 6127 6150 6345 6347 6624 6969 7286 7699 7794 7990 8457 8508 8562 8905 8946 8955 8978 9153 9312 9880 10272 10287 10327 10334 10344 10411 10659 10743 11197 11228 11370 12124 12298 12388 12394
COLS: 50 51 54 55 56 58 64 65 66 67 68 72 73 74 75 76 77 78 79 80 81 83 86 87 90 91 93 94 95 98 99 100 101 102 103 107 108 112 113 114 115 116 118 119 120 121 122 124 129 130 136 137 138 139 140 145 146 147 148 149
ROWS: 553 1138 2172 4284 5351 6198 6312 6488 7787 8036 10990 11403 12086
COLS: 50 66 68 75 79 94 95 115 116 119 120 121 129 140 149
GO:0006772, 0.0010311936066, 0.0354043138266
GO:0009229, 0.0010311936066, 0.0354043138266
GO:0017126, 0.0010311936066, 0.0354043138266
ROWS: 923 1391 2490 2851 3606 6726 7117 8495 8670 9389 9452 10532 10544 11249 11737 12275
COLS: 52 53 71 76 77 80 87 96 97 119 125 126 129 130 136
ROWS: 211 744 2484 3359 3658 3824 3849 5704 6080 6206 6220 8176 9345 9421 9847 10337 11579
COLS: 68 72 73 92 94 95 108 129 135 149
ROWS: 699 944 2041 2664 4760 5852 6633 7363 7729 8538 10266 10284 11350 11576 11765 11989 12085 12097 12164
COLS: 52 53 71 72 96 101 102 107 115 146
ROWS: 648 1614 1771 2069 2091 2395 2728 2965 3914 5455 5797 5819 6659 7199 9423 9424 10790 11359 11570 11946 12115 12250 12265
COLS: 68 72 74 75 86 87 90 91 93 119 129 130 138 149
ROWS: 2326 2413 2586 2694 2804 3034 3293 3789 5916 7579 8087 8332 8453 9110 9390 9400 10023 10026 10386 11312
COLS: 50 51 66 68 74 91 121 122 146 147 149
ROWS: 627 1066 1966 2600 3004 4797 5015 5808 6466 8489 8645 10511 11256 12320 12336
COLS: 56 64 87 92 93 96 101 114 129 130 140
ROWS: 776 1303 1308 2225 2406 2858 3299 3764 4273 4421 5231 5804 6413 7810 9396 12277
COLS: 51 72 75 76 87 93 95 118 129 138 140
ROWS: 2265 2380 4017 4811 4923 5377 5543 6034 7028 11157 11314 11508 12391
COLS: 52 53 64 68 74 96 102 114 121 126 137 147 149
ROWS: 838 922 1209 1798 1905 1983 2718 2732 3050 5210 5888 8225 8773 8941 9448 10491 11491 11526
COLS: 53 68 75 92 102 107 122 146 147 149
ROWS: 512 1203 2210 3097 3312 3717 5040 5093 5323 5416 6056 6154 6482 6934 7850 8948 9327 10860 11587
COLS: 56 74 75 86 91 93 94 95 115 116 119 120 129 130 137 138 139 140
ROWS: 19 1407 1621 2039 2438 4746 4930 4983 5735 7144 9484 9870 11032 11736
COLS: 51 52 53 74 76 80 96 113 114 119 120 122 126 136 139 147
ROWS: 531 807 1258 1725 5645 6200 7657 8017 9395 9902 10245 10808 11289
COLS: 68 72 75 86 92 120 126 136 146 149
ROWS: 2827 4348 4759 5034 5576 6007 6333 6556 7835 8088 9467 9935 9977 10849 10853 11420 11815
COLS: 66 68 72 73 79 94 95 117 118 129 149
ROWS: 1184 2338 2566 4598 4994 5062 5443 5449 5882 7027 7154 10601 10955 10968 12359 12398
COLS: 52 53 56 90 91 93 96 98 113 114 115 121 139
ROWS: 2021 2066 2496 3274 3408 6543 6545 7228 8104 9258 9747 10441 11376 12229
COLS: 50 51 66 68 75 77 78 120 146 149
GO:0007165, 7.45273895715e-05, 0.0175884639389
GO:0023046, 0.000240202638873, 0.028343911387
ROWS: 330 818 1730 1917 3544 6833 7073 8428 8469 10060 10279 10983 12211
COLS: 53 64 73 80 95 98 109 121 125 126 146 147
ROWS: 431 668 800 885 2386 2890 3305 3487 5022 5749 5936 6140 8081 10304
COLS: 50 51 63 66 75 94 107 115 123 129 146 147
ROWS: 1013 4402 4879 5574 5673 7151 7372 7802 8090 8116 8282 10295 11135 11372 12008
COLS: 52 53 70 75 80 90 109 114 118 138
ROWS: 216 462 1228 1436 1655 1759 2148 2955 3762 4530 4987 7172 8691 8694 10770 11229
COLS: 68 72 74 75 95 108 113 114 115 118 120 138 149
ROWS: 356 2276 3440 3941 5128 5722 5864 6393 6516 8356 8378 8575 9134 10149 10413 11212 11954 12439
COLS: 52 68 74 80 96 97 112 121 126 138 149
ROWS: 1564 2199 3737 4566 7225 8059 9431 9960 10389 10699 11371 11468 11944 12169
COLS: 56 66 68 90 93 102 116 120 121 130 137 138 139 149
ROWS: 1040 1247 1698 2768 3136 7795 10114 10257 11014 11067 11908 12223 12335
COLS: 51 73 90 92 115 121 122 137 139 140
ROWS: 142 372 1192 1975 2163 3090 4561 4917 5119 5268 5689 6783 7330 10285 11625
COLS: 50 51 54 66 68 75 76 94 116 139 149
ROWS: 83 1807 1916 2025 2734 3060 5310 6012 7908 9053 9163 9372 9840 9862 11510 11512 11541 11941
COLS: 51 68 74 75 76 86 87 90 91 93 94 95 115 120 129 130 137 138 149
ROWS: 136 758 989 3763 5035 5503 5798 5906 7197 7656 8396 9551 10405 11402
COLS: 56 75 78 87 107 108 115 121 146 147
ROWS: 432 581 1673 1696 1945 3339 5007 5630 6016 6069 6551 7272 7283 7599 7891 8009 9155 11837 11986
COLS: 51 68 73 78 91 92 113 114 149
