ROWS: 19 167 405 457 468 495 496 497 531 536 550 556 689 751 787 808 891 894 941 942 964 1021 1090 1179 1184 1186 1195 1225 1285 1315 1423 1459 1469 1699 1707 1739 1920 2012 2076 2215 2288 2378 2749 2804 2938 2942 3084 3171 3299 3454 3924 4235 4369 4422 4433 4515 4691 4715 4841 4886 4899 4949 4953 4965 5031 5065 5072 5078 5082 5138 5174 5180 5206 5223 5233 5272 5289 5313 5331 5350 5367 5368 5387 5394 5413 5414 5436 5443 5447 5539 5571 5575 5643 5734 5741 5748 5752 5828 5842 5869 5880 5883 5911 5919 6024 6036 6054 6099 6123 6131 6157 6168 6262 6270 6360 6658 6957 7044 7091 7221 7352 7474 7780 7971 8044 8092 8126 8373 8460 8492 8514 8522 8525 8610 8904 8925 8979 9015 9134 9167 9335 9416 9433 9434 9444 9522 9671 9774 9834 9865 9903 9916 9932 10266 10272 10368 10408 10525 10527 10611 10736 10852 10863 10908 10914 10987 11204 11218 11219 11224 11340 11355 11437 11447 11502 11516 11549 11572 11586 11601 11632 11645 11765 11926 11928 11933 11935 12096 12148 12260 12270 12332 12333 12344 12351 12457 12459 12480
COLS: 4 24 44
ROWS: 7 276 293 619 1231 1422 1624 1910 2078 2158 2259 2271 2339 2454 3074 3098 3459 3478 3541 4201 4821 4845 5276 5375 5477 5785 5877 5996 6161 6309 6374 6728 6925 6968 6981 7017 7391 7519 7594 8297 9243 9529 10429 10827 10895 10896 11019 11190 11216 11744 12158
COLS: 4 5 24 44
ROWS: 372 485 862 1359 2135 3826 4644 4971 5085 5175 5266 5562 5738 5985 7377 7387 9338 9822 9896 9918 10730 11550 11553
COLS: 15 23 24 44
ROWS: 706 863 933 975 2238 4649 4979 5730 7389 7644 8007 8465 8473 8720 8955 9576 10771 12265 12390
COLS: 69 96 97
ROWS: 171 1368 3790 6127 6150 11953 12059
COLS: 24 44 53 69 89 131 132 134
GO:0031665, 0.000386697602475, 0.0235081832631
GO:0050878, 0.000669895804421, 0.0235081832631
GO:0002536, 0.000773295502074, 0.0235081832631
GO:0010310, 0.000773295502074, 0.0235081832631
GO:0010671, 0.000773295502074, 0.0235081832631
GO:0032088, 0.00193249111217, 0.0489564415083
ROWS: 38 3123 6841 6842 11810
COLS: 24 44 77 88 89 91 135 136
GO:0008054, 0.000386697602475, 0.0282289249807
GO:0001831, 0.00115979371165, 0.0423324704753
ROWS: 7106 7662 10694
COLS: 10 14 15 21 23 24 26 33 35 38 44 84
ROWS: 4052 7698 9092 9583 10230 10922
COLS: 12 22 32 33 41 45
ROWS: 1262 1702 7135 11958 11959
COLS: 6 16 24 30 36 48 49
ROWS: 4667 8717 12189
COLS: 2 4 17 24 26 27 33 34 38 44 46
ROWS: 95 3235 9236 10868
COLS: 7 15 17 20 22 25 27 47
ROWS: 661 1442 2133 3945 7797
COLS: 8 16 18 30 46 48
GO:0048172, 0.00128865966533, 0.0335051512986
ROWS: 5465 7061 8600
COLS: 2 9 11 19 20 29 30 32 35 49
ROWS: 2092 2283 6786
COLS: 20 26 29 38 41 46 47 85 127 128
GO:0002537, 0.00025779840165, 0.00549934473608
GO:0015819, 0.000515563569008, 0.00549934473608
GO:0015822, 0.000515563569008, 0.00549934473608
GO:0043030, 0.000773295502074, 0.0061863640166
GO:0015809, 0.00103099420085, 0.00659836288543
GO:0003333, 0.00360615330254, 0.0192328176136
GO:0015807, 0.00592095496212, 0.0267678291922
GO:0006809, 0.00669195729806, 0.0267678291922
GO:0002274, 0.0118243289839, 0.0420420586093
ROWS: 771 11234 12087
COLS: 2 10 15 19 20 24 29 30 32
GO:0016340, 0.000773295502074, 0.0429179003651
GO:0031340, 0.000773295502074, 0.0429179003651
GO:0031394, 0.00193249111217, 0.0453488070682
GO:0043129, 0.00270478990686, 0.0453488070682
GO:0046697, 0.00270478990686, 0.0453488070682
GO:0019369, 0.00309078985916, 0.0453488070682
GO:0002011, 0.00347669019857, 0.0453488070682
GO:0009395, 0.00424819209014, 0.0453488070682
GO:0001542, 0.004633793668, 0.0453488070682
GO:0042304, 0.004633793668, 0.0453488070682
GO:0048284, 0.00540469815218, 0.0453488070682
GO:0045923, 0.0057900010842, 0.0453488070682
GO:0046457, 0.0057900010842, 0.0453488070682
GO:0046889, 0.00656030839237, 0.0453488070682
GO:0060441, 0.00656030839237, 0.0453488070682
GO:0006693, 0.00694531279423, 0.0453488070682
GO:0051592, 0.00694531279423, 0.0453488070682
ROWS: 1130 7976 7977
COLS: 0 1 11 21 31 34 39 41
GO:0019348, 0.00115979371165, 0.0367173311312
GO:0016090, 0.00193249111217, 0.0367173311312
GO:0006506, 0.0050192956844, 0.0476833090018
GO:0006637, 0.0050192956844, 0.0476833090018
ROWS: 389 10972 10974
COLS: 1 3 9 17 20 29 61
ROWS: 1452 10346 10695
COLS: 4 14 16 20 21 30 85
GO:0050774, 0.000386697602475, 0.0181747873163
GO:0050773, 0.00270688321732, 0.0464466786973
GO:0007088, 0.00296468161897, 0.0464466786973
ROWS: 186 1032 7289
COLS: 0 23 24 33 43 44 134
ROWS: 1435 8569 9528
COLS: 2 16 24 32 41 45 61
GO:0008625, 0.00180389089142, 0.0315219813434
GO:0051085, 0.0028339545321, 0.0315219813434
GO:0006458, 0.00334878694669, 0.0315219813434
GO:0019886, 0.00360615330254, 0.0315219813434
GO:0002504, 0.00437805296436, 0.0315219813434
GO:0019884, 0.00669195729806, 0.03441578039
GO:0048002, 0.00669195729806, 0.03441578039
