---------------------------------------
1 58 59 180 182 274 275 384 414 446 447 640 641 926 1064 1124 1125 1130 1140 1155 1169 1453 1464 1476 1490 1542 1635 1844 2053 2307 2331 2351 2361 2511 2552 2599 2615 2850 3114 3142 3158 3325 3391 3471 3517 3604 3662 3727 3787 3957 4069 4113 4242 4244 4245 4374 4402 5589 5685 6669 6674 6840 6873 6886 6887 7039 7043 7054 7067 7106 7114 7115 7139 7268 7303 7403 7460 7461 7464 7473 7503 7527 7528 7691 7707 7904 7905 7970 7976 7977 8307 8331 8415 8742 8790 8911 8975 9024 9056 9140 9168 9290 9293 9294 9336 9506 9551 9675 9761 9773 9945 10051 10147 10165 10188 10207 10222 10231 10297 10452 10579 10620 10621 10678 10754 10829 10897 10920 10934 11317 11339 11358 11419 11421 11429 11457 11461 11480 11492 11494 11803 11805 11816 12127 12134 12303 12352 12353 12367|53 54 55 57 58 59 64 69 73 74 75 76 77 78 79 80 81 86 87 90 91 93 96 97 98 99 100 101 102 109 110 111 112 113 114 115 116 117 118 119 120 121 123 124 125 126 129 130 135 136 137 140 141 142 143 146 147
0.322586,0.371252,0.491379,0.293424,0.332791,0.452834,0.377759,
7
1 58 59 180 182 274 275 384 414 446 447 640 641 926 1064 1124 1125 1130 1140 1155 1169 1453 1464 1476 1490 1542 1635 1844 2053 2307 2331 2351 2361 2511 2552 2599 2615 2850 3114 3142 3158 3325 3391 3471 3517 3604 3662 3727 3787 3957 4069 4113 4242 4244 4245 4374 4402 5589 5685 6669 6674 6840 6873 6886 6887 7039 7043 7054 7067 7106 7114 7115 7139 7268 7303 7403 7460 7461 7464 7473 7503 7527 7528 7691 7707 7904 7905 7970 7976 7977 8307 8331 8415 8742 8790 8911 8975 9024 9056 9140 9168 9290 9293 9294 9336 9506 9551 9675 9761 9773 9945 10051 10147 10165 10188 10207 10222 10231 10297 10452 10579 10620 10621 10678 10754 10829 10897 10920 10934 11317 11339 11358 11419 11421 11429 11457 11461 11480 11492 11494 11803 11805 11816 12127 12134 12303 12352 12353 12367|0 2 3 5 6 8 9 10 12 13 15 16 19 20 22 23 25 26 27 29 30 32 33 35 36 39 40 42 43 45 46 47 48 49
0.34431,0.294721,
2
1 58 59 180 182 274 275 384 414 446 447 640 641 926 1064 1124 1125 1130 1140 1155 1169 1453 1464 1476 1490 1542 1635 1844 2053 2307 2331 2351 2361 2511 2552 2599 2615 2850 3114 3142 3158 3325 3391 3471 3517 3604 3662 3727 3787 3957 4069 4113 4242 4244 4245 4374 4402 5589 5685 6669 6674 6840 6873 6886 6887 7039 7043 7054 7067 7106 7114 7115 7139 7268 7303 7403 7460 7461 7464 7473 7503 7527 7528 7691 7707 7904 7905 7970 7976 7977 8307 8331 8415 8742 8790 8911 8975 9024 9056 9140 9168 9290 9293 9294 9336 9506 9551 9675 9761 9773 9945 10051 10147 10165 10188 10207 10222 10231 10297 10452 10579 10620 10621 10678 10754 10829 10897 10920 10934 11317 11339 11358 11419 11421 11429 11457 11461 11480 11492 11494 11803 11805 11816 12127 12134 12303 12352 12353 12367|52 70 71 103 104 131 132 133 134

0
1 58 59 180 182 274 275 384 414 446 447 640 641 926 1064 1124 1125 1130 1140 1155 1169 1453 1464 1476 1490 1542 1635 1844 2053 2307 2331 2351 2361 2511 2552 2599 2615 2850 3114 3142 3158 3325 3391 3471 3517 3604 3662 3727 3787 3957 4069 4113 4242 4244 4245 4374 4402 5589 5685 6669 6674 6840 6873 6886 6887 7039 7043 7054 7067 7106 7114 7115 7139 7268 7303 7403 7460 7461 7464 7473 7503 7527 7528 7691 7707 7904 7905 7970 7976 7977 8307 8331 8415 8742 8790 8911 8975 9024 9056 9140 9168 9290 9293 9294 9336 9506 9551 9675 9761 9773 9945 10051 10147 10165 10188 10207 10222 10231 10297 10452 10579 10620 10621 10678 10754 10829 10897 10920 10934 11317 11339 11358 11419 11421 11429 11457 11461 11480 11492 11494 11803 11805 11816 12127 12134 12303 12352 12353 12367|50 51 56 62 63 65 66 67 68 72 82 83 88 89 92 94 95 107 108 122 138 139 144 145 148 149

0
221 284 430 565 604 695 696 728 735 874 1126 1922 2806 3632 3853 4117 4517 4524 4614 4625 5332 5650 5982 6084 6448 6609 6663 6915 6919 7071 7102 7121 7475 7495 7686 7694 7982 8125 8208 8322 8329 9191 9318 9544 9549 9657 9771 10037 10038 10112 10167 11144 11378 12142 12214 12216|53 54 55 57 58 59 64 69 73 74 75 76 77 78 79 80 81 86 87 90 91 93 96 97 98 99 100 101 102 109 110 111 112 113 114 115 116 117 118 119 120 121 123 124 125 126 129 130 135 136 137 140 141 142 143 146 147
0.374135,0.414286,0.491379,
3
221 284 430 565 604 695 696 728 735 874 1126 1922 2806 3632 3853 4117 4517 4524 4614 4625 5332 5650 5982 6084 6448 6609 6663 6915 6919 7071 7102 7121 7475 7495 7686 7694 7982 8125 8208 8322 8329 9191 9318 9544 9549 9657 9771 10037 10038 10112 10167 11144 11378 12142 12214 12216|0 2 3 5 6 8 9 10 12 13 15 16 19 20 22 23 25 26 27 29 30 32 33 35 36 39 40 42 43 45 46 47 48 49

0
221 284 430 565 604 695 696 728 735 874 1126 1922 2806 3632 3853 4117 4517 4524 4614 4625 5332 5650 5982 6084 6448 6609 6663 6915 6919 7071 7102 7121 7475 7495 7686 7694 7982 8125 8208 8322 8329 9191 9318 9544 9549 9657 9771 10037 10038 10112 10167 11144 11378 12142 12214 12216|52 70 71 103 104 131 132 133 134

0
221 284 430 565 604 695 696 728 735 874 1126 1922 2806 3632 3853 4117 4517 4524 4614 4625 5332 5650 5982 6084 6448 6609 6663 6915 6919 7071 7102 7121 7475 7495 7686 7694 7982 8125 8208 8322 8329 9191 9318 9544 9549 9657 9771 10037 10038 10112 10167 11144 11378 12142 12214 12216|7 17 18 28 37 38 60 61 84 85 105 106 127 128
0.276316,
1
221 284 430 565 604 695 696 728 735 874 1126 1922 2806 3632 3853 4117 4517 4524 4614 4625 5332 5650 5982 6084 6448 6609 6663 6915 6919 7071 7102 7121 7475 7495 7686 7694 7982 8125 8208 8322 8329 9191 9318 9544 9549 9657 9771 10037 10038 10112 10167 11144 11378 12142 12214 12216|50 51 56 62 63 65 66 67 68 72 82 83 88 89 92 94 95 107 108 122 138 139 144 145 148 149
0.257985,
1
170 359 907 1149 1150 1156 1158 1159 1160 1216 1219 1263 1463 1474 1475 1637 2186 5389 5577 6623 7127 7331 7711 7759 7770 7922 7966 7995 8216 8414 8565 8673 8981 9507 9526 9568 9570 9755 10108 10132 10431 10753 11134 11895 11901 12137 12293|53 54 55 57 58 59 64 69 73 74 75 76 77 78 79 80 81 86 87 90 91 93 96 97 98 99 100 101 102 109 110 111 112 113 114 115 116 117 118 119 120 121 123 124 125 126 129 130 135 136 137 140 141 142 143 146 147
0.393423,0.429562,0.491379,0.458415,
4
170 359 907 1149 1150 1156 1158 1159 1160 1216 1219 1263 1463 1474 1475 1637 2186 5389 5577 6623 7127 7331 7711 7759 7770 7922 7966 7995 8216 8414 8565 8673 8981 9507 9526 9568 9570 9755 10108 10132 10431 10753 11134 11895 11901 12137 12293|0 2 3 5 6 8 9 10 12 13 15 16 19 20 22 23 25 26 27 29 30 32 33 35 36 39 40 42 43 45 46 47 48 49
0.347505,0.304267,
2
170 359 907 1149 1150 1156 1158 1159 1160 1216 1219 1263 1463 1474 1475 1637 2186 5389 5577 6623 7127 7331 7711 7759 7770 7922 7966 7995 8216 8414 8565 8673 8981 9507 9526 9568 9570 9755 10108 10132 10431 10753 11134 11895 11901 12137 12293|52 70 71 103 104 131 132 133 134

0
170 359 907 1149 1150 1156 1158 1159 1160 1216 1219 1263 1463 1474 1475 1637 2186 5389 5577 6623 7127 7331 7711 7759 7770 7922 7966 7995 8216 8414 8565 8673 8981 9507 9526 9568 9570 9755 10108 10132 10431 10753 11134 11895 11901 12137 12293|7 17 18 28 37 38 60 61 84 85 105 106 127 128
0.279485,
1
170 359 907 1149 1150 1156 1158 1159 1160 1216 1219 1263 1463 1474 1475 1637 2186 5389 5577 6623 7127 7331 7711 7759 7770 7922 7966 7995 8216 8414 8565 8673 8981 9507 9526 9568 9570 9755 10108 10132 10431 10753 11134 11895 11901 12137 12293|50 51 56 62 63 65 66 67 68 72 82 83 88 89 92 94 95 107 108 122 138 139 144 145 148 149
0.264838,
1
1 58 59 180 182 274 275 384 414 446 447 640 641 926 1064 1124 1125 1130 1140 1155 1169 1453 1464 1476 1490 1542 1635 1844 2053 2307 2331 2351 2361 2511 2552 2599 2615 2850 3114 3142 3158 3325 3391 3471 3517 3604 3662 3727 3787 3957 4069 4113 4242 4244 4245 4374 4402 5589 5685 6669 6674 6840 6873 6886 6887 7039 7043 7054 7067 7106 7114 7115 7139 7268 7303 7403 7460 7461 7464 7473 7503 7527 7528 7691 7707 7904 7905 7970 7976 7977 8307 8331 8415 8742 8790 8911 8975 9024 9056 9140 9168 9290 9293 9294 9336 9506 9551 9675 9761 9773 9945 10051 10147 10165 10188 10207 10222 10231 10297 10452 10579 10620 10621 10678 10754 10829 10897 10920 10934 11317 11339 11358 11419 11421 11429 11457 11461 11480 11492 11494 11803 11805 11816 12127 12134 12303 12352 12353 12367|0 4 13 14 19 24 29 33 34 39 43 44 49 50 51 52 53 55 57 64 66 67 68 69 70 71 78 81 84 85 94 95 96 97 99 100 102 103 104 109 110 111 112 113 114 121 122 123 124 125 126 127 128 131 132 133 134 141 142 143 145 146 147 148 149
0.322586,0.50369,0.852349,0.461343,0.381412,
5
1 58 59 180 182 274 275 384 414 446 447 640 641 926 1064 1124 1125 1130 1140 1155 1169 1453 1464 1476 1490 1542 1635 1844 2053 2307 2331 2351 2361 2511 2552 2599 2615 2850 3114 3142 3158 3325 3391 3471 3517 3604 3662 3727 3787 3957 4069 4113 4242 4244 4245 4374 4402 5589 5685 6669 6674 6840 6873 6886 6887 7039 7043 7054 7067 7106 7114 7115 7139 7268 7303 7403 7460 7461 7464 7473 7503 7527 7528 7691 7707 7904 7905 7970 7976 7977 8307 8331 8415 8742 8790 8911 8975 9024 9056 9140 9168 9290 9293 9294 9336 9506 9551 9675 9761 9773 9945 10051 10147 10165 10188 10207 10222 10231 10297 10452 10579 10620 10621 10678 10754 10829 10897 10920 10934 11317 11339 11358 11419 11421 11429 11457 11461 11480 11492 11494 11803 11805 11816 12127 12134 12303 12352 12353 12367|3 9 10 20 23 30 40 54 56 58 59 60 61 62 63 65 72 73 74 75 76 77 79 80 82 83 86 87 88 89 90 91 92 93 98 101 105 106 107 108 115 116 117 118 119 120 129 130 135 136 137 138 139 140 144
0.371252,0.474138,0.852349,0.438151,0.366887,
5
1 58 59 180 182 274 275 384 414 446 447 640 641 926 1064 1124 1125 1130 1140 1155 1169 1453 1464 1476 1490 1542 1635 1844 2053 2307 2331 2351 2361 2511 2552 2599 2615 2850 3114 3142 3158 3325 3391 3471 3517 3604 3662 3727 3787 3957 4069 4113 4242 4244 4245 4374 4402 5589 5685 6669 6674 6840 6873 6886 6887 7039 7043 7054 7067 7106 7114 7115 7139 7268 7303 7403 7460 7461 7464 7473 7503 7527 7528 7691 7707 7904 7905 7970 7976 7977 8307 8331 8415 8742 8790 8911 8975 9024 9056 9140 9168 9290 9293 9294 9336 9506 9551 9675 9761 9773 9945 10051 10147 10165 10188 10207 10222 10231 10297 10452 10579 10620 10621 10678 10754 10829 10897 10920 10934 11317 11339 11358 11419 11421 11429 11457 11461 11480 11492 11494 11803 11805 11816 12127 12134 12303 12352 12353 12367|6 7 8 16 17 18 26 27 28 36 37 38 46 47 48
0.852349,0.558037,0.438436,
3
221 284 430 565 604 695 696 728 735 874 1126 1922 2806 3632 3853 4117 4517 4524 4614 4625 5332 5650 5982 6084 6448 6609 6663 6915 6919 7071 7102 7121 7475 7495 7686 7694 7982 8125 8208 8322 8329 9191 9318 9544 9549 9657 9771 10037 10038 10112 10167 11144 11378 12142 12214 12216|0 4 13 14 19 24 29 33 34 39 43 44 49 50 51 52 53 55 57 64 66 67 68 69 70 71 78 81 84 85 94 95 96 97 99 100 102 103 104 109 110 111 112 113 114 121 122 123 124 125 126 127 128 131 132 133 134 141 142 143 145 146 147 148 149
0.374135,0.517241,
2
221 284 430 565 604 695 696 728 735 874 1126 1922 2806 3632 3853 4117 4517 4524 4614 4625 5332 5650 5982 6084 6448 6609 6663 6915 6919 7071 7102 7121 7475 7495 7686 7694 7982 8125 8208 8322 8329 9191 9318 9544 9549 9657 9771 10037 10038 10112 10167 11144 11378 12142 12214 12216|3 9 10 20 23 30 40 54 56 58 59 60 61 62 63 65 72 73 74 75 76 77 79 80 82 83 86 87 88 89 90 91 92 93 98 101 105 106 107 108 115 116 117 118 119 120 129 130 135 136 137 138 139 140 144
0.414286,0.257985,0.474138,
3
221 284 430 565 604 695 696 728 735 874 1126 1922 2806 3632 3853 4117 4517 4524 4614 4625 5332 5650 5982 6084 6448 6609 6663 6915 6919 7071 7102 7121 7475 7495 7686 7694 7982 8125 8208 8322 8329 9191 9318 9544 9549 9657 9771 10037 10038 10112 10167 11144 11378 12142 12214 12216|6 7 8 16 17 18 26 27 28 36 37 38 46 47 48
0.276316,0.638783,
2
170 359 907 1149 1150 1156 1158 1159 1160 1216 1219 1263 1463 1474 1475 1637 2186 5389 5577 6623 7127 7331 7711 7759 7770 7922 7966 7995 8216 8414 8565 8673 8981 9507 9526 9568 9570 9755 10108 10132 10431 10753 11134 11895 11901 12137 12293|0 4 13 14 19 24 29 33 34 39 43 44 49 50 51 52 53 55 57 64 66 67 68 69 70 71 78 81 84 85 94 95 96 97 99 100 102 103 104 109 110 111 112 113 114 121 122 123 124 125 126 127 128 131 132 133 134 141 142 143 145 146 147 148 149
0.393423,0.521546,0.485111,
3
170 359 907 1149 1150 1156 1158 1159 1160 1216 1219 1263 1463 1474 1475 1637 2186 5389 5577 6623 7127 7331 7711 7759 7770 7922 7966 7995 8216 8414 8565 8673 8981 9507 9526 9568 9570 9755 10108 10132 10431 10753 11134 11895 11901 12137 12293|1 2 11 15 25 31 41 45

0
170 359 907 1149 1150 1156 1158 1159 1160 1216 1219 1263 1463 1474 1475 1637 2186 5389 5577 6623 7127 7331 7711 7759 7770 7922 7966 7995 8216 8414 8565 8673 8981 9507 9526 9568 9570 9755 10108 10132 10431 10753 11134 11895 11901 12137 12293|5 12 21 22 32 35 42
0.43318,0.403941,
2
170 359 907 1149 1150 1156 1158 1159 1160 1216 1219 1263 1463 1474 1475 1637 2186 5389 5577 6623 7127 7331 7711 7759 7770 7922 7966 7995 8216 8414 8565 8673 8981 9507 9526 9568 9570 9755 10108 10132 10431 10753 11134 11895 11901 12137 12293|3 9 10 20 23 30 40 54 56 58 59 60 61 62 63 65 72 73 74 75 76 77 79 80 82 83 86 87 88 89 90 91 92 93 98 101 105 106 107 108 115 116 117 118 119 120 129 130 135 136 137 138 139 140 144
0.429562,0.264838,0.474138,0.443374,
4
170 359 907 1149 1150 1156 1158 1159 1160 1216 1219 1263 1463 1474 1475 1637 2186 5389 5577 6623 7127 7331 7711 7759 7770 7922 7966 7995 8216 8414 8565 8673 8981 9507 9526 9568 9570 9755 10108 10132 10431 10753 11134 11895 11901 12137 12293|6 7 8 16 17 18 26 27 28 36 37 38 46 47 48
0.279485,0.640182,0.574096,
3
1 58 59 180 182 274 275 384 414 446 447 640 641 926 1064 1124 1125 1130 1140 1155 1169 1453 1464 1476 1490 1542 1635 1844 2053 2307 2331 2351 2361 2511 2552 2599 2615 2850 3114 3142 3158 3325 3391 3471 3517 3604 3662 3727 3787 3957 4069 4113 4242 4244 4245 4374 4402 5589 5685 6669 6674 6840 6873 6886 6887 7039 7043 7054 7067 7106 7114 7115 7139 7268 7303 7403 7460 7461 7464 7473 7503 7527 7528 7691 7707 7904 7905 7970 7976 7977 8307 8331 8415 8742 8790 8911 8975 9024 9056 9140 9168 9290 9293 9294 9336 9506 9551 9675 9761 9773 9945 10051 10147 10165 10188 10207 10222 10231 10297 10452 10579 10620 10621 10678 10754 10829 10897 10920 10934 11317 11339 11358 11419 11421 11429 11457 11461 11480 11492 11494 11803 11805 11816 12127 12134 12303 12352 12353 12367|2 5 7 12 15 22 25 27 32 35 42 45 47
0.34431,0.852349,0.645161,
3
1 58 59 180 182 274 275 384 414 446 447 640 641 926 1064 1124 1125 1130 1140 1155 1169 1453 1464 1476 1490 1542 1635 1844 2053 2307 2331 2351 2361 2511 2552 2599 2615 2850 3114 3142 3158 3325 3391 3471 3517 3604 3662 3727 3787 3957 4069 4113 4242 4244 4245 4374 4402 5589 5685 6669 6674 6840 6873 6886 6887 7039 7043 7054 7067 7106 7114 7115 7139 7268 7303 7403 7460 7461 7464 7473 7503 7527 7528 7691 7707 7904 7905 7970 7976 7977 8307 8331 8415 8742 8790 8911 8975 9024 9056 9140 9168 9290 9293 9294 9336 9506 9551 9675 9761 9773 9945 10051 10147 10165 10188 10207 10222 10231 10297 10452 10579 10620 10621 10678 10754 10829 10897 10920 10934 11317 11339 11358 11419 11421 11429 11457 11461 11480 11492 11494 11803 11805 11816 12127 12134 12303 12352 12353 12367|0 3 9 10 13 19 20 23 29 30 33 39 40 41 43 49 50 51 52 53 54 55 56 57 58 59 60 61 62 63 64 65 66 67 68 69 70 71 72 73 74 75 76 77 78 79 80 81 82 83 84 85 86 87 88 89 90 91 92 93 94 95 96 97 98 99 100 101 102 103 104 105 106 107 108 109 110 111 112 113 114 115 116 117 118 119 120 121 122 123 124 125 126 127 128 129 130 131 132 133 134 135 136 137 138 139 140 141 142 143 144 145 146 147 148 149
0.491379,0.50369,0.474138,0.431997,0.404131,0.852349,0.645161,
7
221 284 430 565 604 695 696 728 735 874 1126 1922 2806 3632 3853 4117 4517 4524 4614 4625 5332 5650 5982 6084 6448 6609 6663 6915 6919 7071 7102 7121 7475 7495 7686 7694 7982 8125 8208 8322 8329 9191 9318 9544 9549 9657 9771 10037 10038 10112 10167 11144 11378 12142 12214 12216|4 14 24 34 44

0
221 284 430 565 604 695 696 728 735 874 1126 1922 2806 3632 3853 4117 4517 4524 4614 4625 5332 5650 5982 6084 6448 6609 6663 6915 6919 7071 7102 7121 7475 7495 7686 7694 7982 8125 8208 8322 8329 9191 9318 9544 9549 9657 9771 10037 10038 10112 10167 11144 11378 12142 12214 12216|0 3 9 10 13 19 20 23 29 30 33 39 40 41 43 49 50 51 52 53 54 55 56 57 58 59 60 61 62 63 64 65 66 67 68 69 70 71 72 73 74 75 76 77 78 79 80 81 82 83 84 85 86 87 88 89 90 91 92 93 94 95 96 97 98 99 100 101 102 103 104 105 106 107 108 109 110 111 112 113 114 115 116 117 118 119 120 121 122 123 124 125 126 127 128 129 130 131 132 133 134 135 136 137 138 139 140 141 142 143 144 145 146 147 148 149
0.491379,0.517241,0.474138,
3
221 284 430 565 604 695 696 728 735 874 1126 1922 2806 3632 3853 4117 4517 4524 4614 4625 5332 5650 5982 6084 6448 6609 6663 6915 6919 7071 7102 7121 7475 7495 7686 7694 7982 8125 8208 8322 8329 9191 9318 9544 9549 9657 9771 10037 10038 10112 10167 11144 11378 12142 12214 12216|1 6 8 11 16 17 18 21 26 28 31 36 37 38 46 48
0.638783,
1
170 359 907 1149 1150 1156 1158 1159 1160 1216 1219 1263 1463 1474 1475 1637 2186 5389 5577 6623 7127 7331 7711 7759 7770 7922 7966 7995 8216 8414 8565 8673 8981 9507 9526 9568 9570 9755 10108 10132 10431 10753 11134 11895 11901 12137 12293|2 5 7 12 15 22 25 27 32 35 42 45 47
0.347505,0.43318,0.87234,
3
170 359 907 1149 1150 1156 1158 1159 1160 1216 1219 1263 1463 1474 1475 1637 2186 5389 5577 6623 7127 7331 7711 7759 7770 7922 7966 7995 8216 8414 8565 8673 8981 9507 9526 9568 9570 9755 10108 10132 10431 10753 11134 11895 11901 12137 12293|0 3 9 10 13 19 20 23 29 30 33 39 40 41 43 49 50 51 52 53 54 55 56 57 58 59 60 61 62 63 64 65 66 67 68 69 70 71 72 73 74 75 76 77 78 79 80 81 82 83 84 85 86 87 88 89 90 91 92 93 94 95 96 97 98 99 100 101 102 103 104 105 106 107 108 109 110 111 112 113 114 115 116 117 118 119 120 121 122 123 124 125 126 127 128 129 130 131 132 133 134 135 136 137 138 139 140 141 142 143 144 145 146 147 148 149
0.491379,0.521546,0.474138,0.87234,
4
170 359 907 1149 1150 1156 1158 1159 1160 1216 1219 1263 1463 1474 1475 1637 2186 5389 5577 6623 7127 7331 7711 7759 7770 7922 7966 7995 8216 8414 8565 8673 8981 9507 9526 9568 9570 9755 10108 10132 10431 10753 11134 11895 11901 12137 12293|1 6 8 11 16 17 18 21 26 28 31 36 37 38 46 48
0.640182,0.87234,
2
1 58 59 180 182 274 275 414 446 447 640 641 926 1064 1124 1125 1140 1155 1169 1453 1464 1476 1490 1542 1635 1844 2053 2331 2351 2361 2511 2599 2615 2850 3142 3325 3391 3517 3604 3662 3727 3787 3957 4069 4113 4244 4374 5589 5685 6669 6674 6873 6886 7039 7054 7067 7114 7115 7268 7303 7403 7460 7461 7464 7473 7503 7527 7691 7707 7904 7905 7970 7976 7977 8307 8415 8742 8911 8975 9024 9056 9140 9168 9290 9293 9294 9336 9506 9551 9675 9761 9773 9945 10051 10147 10165 10188 10207 10231 10297 10452 10579 10620 10621 10678 10754 10829 10897 10920 11317 11339 11358 11419 11421 11429 11457 11461 11480 11494 11803 11805 12127 12134 12303 12352 12353 12367|0 4 13 14 19 24 29 33 34 39 43 44 49 50 51 52 53 55 57 64 66 67 68 69 70 71 78 81 84 85 94 95 96 97 99 100 102 103 104 109 110 111 112 113 114 121 122 123 124 125 126 127 128 131 132 133 134 141 142 143 145 146 147 148 149
0.274956,0.852349,0.42932,0.505071,0.419551,
5
1 58 59 180 182 274 275 414 446 447 640 641 926 1064 1124 1125 1140 1155 1169 1453 1464 1476 1490 1542 1635 1844 2053 2331 2351 2361 2511 2599 2615 2850 3142 3325 3391 3517 3604 3662 3727 3787 3957 4069 4113 4244 4374 5589 5685 6669 6674 6873 6886 7039 7054 7067 7114 7115 7268 7303 7403 7460 7461 7464 7473 7503 7527 7691 7707 7904 7905 7970 7976 7977 8307 8415 8742 8911 8975 9024 9056 9140 9168 9290 9293 9294 9336 9506 9551 9675 9761 9773 9945 10051 10147 10165 10188 10207 10231 10297 10452 10579 10620 10621 10678 10754 10829 10897 10920 11317 11339 11358 11419 11421 11429 11457 11461 11480 11494 11803 11805 12127 12134 12303 12352 12353 12367|3 9 10 20 23 30 40 54 56 58 59 60 61 62 63 65 72 73 74 75 76 77 79 80 82 83 86 87 88 89 90 91 92 93 98 101 105 106 107 108 115 116 117 118 119 120 129 130 135 136 137 138 139 140 144
0.316436,0.852349,0.404131,0.474138,0.3991,
5
1 58 59 180 182 274 275 414 446 447 640 641 926 1064 1124 1125 1140 1155 1169 1453 1464 1476 1490 1542 1635 1844 2053 2331 2351 2361 2511 2599 2615 2850 3142 3325 3391 3517 3604 3662 3727 3787 3957 4069 4113 4244 4374 5589 5685 6669 6674 6873 6886 7039 7054 7067 7114 7115 7268 7303 7403 7460 7461 7464 7473 7503 7527 7691 7707 7904 7905 7970 7976 7977 8307 8415 8742 8911 8975 9024 9056 9140 9168 9290 9293 9294 9336 9506 9551 9675 9761 9773 9945 10051 10147 10165 10188 10207 10231 10297 10452 10579 10620 10621 10678 10754 10829 10897 10920 11317 11339 11358 11419 11421 11429 11457 11461 11480 11494 11803 11805 12127 12134 12303 12352 12353 12367|6 7 8 16 17 18 26 27 28 36 37 38 46 47 48
0.852349,0.634736,0.498546,
3
1 58 59 180 182 274 275 414 446 447 640 641 926 1064 1124 1125 1140 1155 1169 1453 1464 1476 1490 1542 1635 1844 2053 2331 2351 2361 2511 2599 2615 2850 3142 3325 3391 3517 3604 3662 3727 3787 3957 4069 4113 4244 4374 5589 5685 6669 6674 6873 6886 7039 7054 7067 7114 7115 7268 7303 7403 7460 7461 7464 7473 7503 7527 7691 7707 7904 7905 7970 7976 7977 8307 8415 8742 8911 8975 9024 9056 9140 9168 9290 9293 9294 9336 9506 9551 9675 9761 9773 9945 10051 10147 10165 10188 10207 10231 10297 10452 10579 10620 10621 10678 10754 10829 10897 10920 11317 11339 11358 11419 11421 11429 11457 11461 11480 11494 11803 11805 12127 12134 12303 12352 12353 12367|2 5 7 12 15 22 25 27 32 35 42 45 47
0.293472,0.852349,0.75188,
3
1 58 59 180 182 274 275 414 446 447 640 641 926 1064 1124 1125 1140 1155 1169 1453 1464 1476 1490 1542 1635 1844 2053 2331 2351 2361 2511 2599 2615 2850 3142 3325 3391 3517 3604 3662 3727 3787 3957 4069 4113 4244 4374 5589 5685 6669 6674 6873 6886 7039 7054 7067 7114 7115 7268 7303 7403 7460 7461 7464 7473 7503 7527 7691 7707 7904 7905 7970 7976 7977 8307 8415 8742 8911 8975 9024 9056 9140 9168 9290 9293 9294 9336 9506 9551 9675 9761 9773 9945 10051 10147 10165 10188 10207 10231 10297 10452 10579 10620 10621 10678 10754 10829 10897 10920 11317 11339 11358 11419 11421 11429 11457 11461 11480 11494 11803 11805 12127 12134 12303 12352 12353 12367|0 3 9 10 13 19 20 23 29 30 33 39 40 41 43 49 50 51 52 53 54 55 56 57 58 59 60 61 62 63 64 65 66 67 68 69 70 71 72 73 74 75 76 77 78 79 80 81 82 83 84 85 86 87 88 89 90 91 92 93 94 95 96 97 98 99 100 101 102 103 104 105 106 107 108 109 110 111 112 113 114 115 116 117 118 119 120 121 122 123 124 125 126 127 128 129 130 131 132 133 134 135 136 137 138 139 140 141 142 143 144 145 146 147 148 149
0.418827,0.42932,0.404131,0.852349,0.505071,0.474138,0.75188,
7
1 58 59 180 182 274 275 414 446 447 640 641 926 1064 1124 1125 1140 1155 1169 1453 1464 1476 1490 1542 1635 1844 2053 2331 2351 2361 2511 2599 2615 2850 3142 3325 3391 3517 3604 3662 3727 3787 3957 4069 4113 4244 4374 5589 5685 6669 6674 6873 6886 7039 7054 7067 7114 7115 7268 7303 7403 7460 7461 7464 7473 7503 7527 7691 7707 7904 7905 7970 7976 7977 8307 8415 8742 8911 8975 9024 9056 9140 9168 9290 9293 9294 9336 9506 9551 9675 9761 9773 9945 10051 10147 10165 10188 10207 10231 10297 10452 10579 10620 10621 10678 10754 10829 10897 10920 11317 11339 11358 11419 11421 11429 11457 11461 11480 11494 11803 11805 12127 12134 12303 12352 12353 12367|1 6 8 11 16 17 18 21 26 28 31 36 37 38 46 48
0.540617,0.634736,0.75188,
3
170 359 907 1149 1150 1156 1158 1159 1160 1216 1219 1263 1463 1474 1475 1637 5389 5577 6623 7127 7331 7711 7759 7770 7922 7966 7995 8216 8565 8981 9507 9568 9570 9755 10132 10431 10753 11134 11895 11901 12293|2 5 7 12 15 22 25 27 32 35 42 45 47
0.303142,0.37788,0.87234,
3
170 359 907 1149 1150 1156 1158 1159 1160 1216 1219 1263 1463 1474 1475 1637 5389 5577 6623 7127 7331 7711 7759 7770 7922 7966 7995 8216 8565 8981 9507 9568 9570 9755 10132 10431 10753 11134 11895 11901 12293|0 3 9 10 13 19 20 23 29 30 33 39 40 41 43 49 50 51 52 53 54 55 56 57 58 59 60 61 62 63 64 65 66 67 68 69 70 71 72 73 74 75 76 77 78 79 80 81 82 83 84 85 86 87 88 89 90 91 92 93 94 95 96 97 98 99 100 101 102 103 104 105 106 107 108 109 110 111 112 113 114 115 116 117 118 119 120 121 122 123 124 125 126 127 128 129 130 131 132 133 134 135 136 137 138 139 140 141 142 143 144 145 146 147 148 149
0.42865,0.454966,0.41361,0.87234,
4
170 359 907 1149 1150 1156 1158 1159 1160 1216 1219 1263 1463 1474 1475 1637 5389 5577 6623 7127 7331 7711 7759 7770 7922 7966 7995 8216 8565 8981 9507 9568 9570 9755 10132 10431 10753 11134 11895 11901 12293|1 6 8 11 16 17 18 21 26 28 31 36 37 38 46 48
0.558456,0.87234,
2
1 58 59 180 182 275 414 447 640 641 926 1064 1124 1125 1140 1155 1169 1453 1464 1476 1490 1542 1635 1844 2186 2331 2361 2511 2615 2850 3325 3391 3604 3662 3787 4113 4244 4374 5589 5685 6669 6674 6873 6886 7039 7054 7114 7115 7268 7303 7461 7503 7691 7707 7904 7905 7970 7976 8307 8414 8415 8673 8911 8975 9024 9056 9140 9168 9293 9294 9336 9506 9526 9675 9761 9773 9945 10051 10108 10147 10165 10188 10207 10231 10452 10579 10620 10621 10678 10754 10920 11317 11419 11421 11429 11457 11461 11494 11803 12127 12134 12137 12303 12352 12353 12367|2 5 7 12 15 22 25 27 32 35 42 45 47
0.645161,0.75188,
2
1 58 59 180 182 275 414 447 640 641 926 1064 1124 1125 1140 1155 1169 1453 1464 1476 1490 1542 1635 1844 2186 2331 2361 2511 2615 2850 3325 3391 3604 3662 3787 4113 4244 4374 5589 5685 6669 6674 6873 6886 7039 7054 7114 7115 7268 7303 7461 7503 7691 7707 7904 7905 7970 7976 8307 8414 8415 8673 8911 8975 9024 9056 9140 9168 9293 9294 9336 9506 9526 9675 9761 9773 9945 10051 10108 10147 10165 10188 10207 10231 10452 10579 10620 10621 10678 10754 10920 11317 11419 11421 11429 11457 11461 11494 11803 12127 12134 12137 12303 12352 12353 12367|0 3 9 10 13 19 20 23 29 30 33 39 40 41 43 49 50 51 52 53 54 55 56 57 58 59 60 61 62 63 64 65 66 67 68 69 70 71 72 73 74 75 76 77 78 79 80 81 82 83 84 85 86 87 88 89 90 91 92 93 94 95 96 97 98 99 100 101 102 103 104 105 106 107 108 109 110 111 112 113 114 115 116 117 118 119 120 121 122 123 124 125 126 127 128 129 130 131 132 133 134 135 136 137 138 139 140 141 142 143 144 145 146 147 148 149
0.317019,0.325291,0.305895,0.645161,0.380156,0.356495,0.75188,
7
1 58 59 180 182 275 414 447 640 641 926 1064 1124 1125 1140 1155 1169 1453 1464 1476 1490 1542 1635 1844 2186 2331 2361 2511 2615 2850 3325 3391 3604 3662 3787 4113 4244 4374 5589 5685 6669 6674 6873 6886 7039 7054 7114 7115 7268 7303 7461 7503 7691 7707 7904 7905 7970 7976 8307 8414 8415 8673 8911 8975 9024 9056 9140 9168 9293 9294 9336 9506 9526 9675 9761 9773 9945 10051 10108 10147 10165 10188 10207 10231 10452 10579 10620 10621 10678 10754 10920 11317 11419 11421 11429 11457 11461 11494 11803 12127 12134 12137 12303 12352 12353 12367|1 6 8 11 16 17 18 21 26 28 31 36 37 38 46 48
0.411664,0.480577,0.75188,
3
64 102 274 361 384 446 601 764 784 868 1017 1026 1108 1128 1129 1130 1146 1170 1410 1412 1419 1447 1448 1452 1462 1556 1625 1702 1807 1838 1876 2053 2094 2141 2295 2307 2351 2358 2359 2457 2552 2554 2573 2599 2880 3062 3077 3114 3142 3158 3198 3209 3221 3265 3296 3471 3482 3517 3727 3728 3848 3851 3867 3957 4016 4038 4069 4138 4150 4154 4218 4242 4245 4309 4334 4402 4582 5757 6372 6578 6620 6652 6653 6840 6842 6871 6883 6887 6931 7024 7043 7053 7067 7072 7082 7106 7135 7139 7259 7403 7460 7464 7473 7527 7528 7575 7662 7712 7722 7761 7773 7775 7977 8189 8221 8285 8331 8419 8433 8554 8566 8582 8619 8742 8748 8765 8768 8790 8827 8965 9053 9139 9246 9279 9290 9295 9323 9508 9519 9527 9536 9537 9551 9603 9708 9745 9942 10079 10104 10164 10183 10208 10222 10297 10394 10450 10594 10672 10694 10829 10897 10934 11047 11331 11339 11358 11480 11492 11748 11784 11805 11809 11816 11825 11959 12179 12181 12185 12460|0 3 9 10 13 19 20 23 29 30 33 39 40 41 43 49 50 51 52 53 54 55 56 57 58 59 60 61 62 63 64 65 66 67 68 69 70 71 72 73 74 75 76 77 78 79 80 81 82 83 84 85 86 87 88 89 90 91 92 93 94 95 96 97 98 99 100 101 102 103 104 105 106 107 108 109 110 111 112 113 114 115 116 117 118 119 120 121 122 123 124 125 126 127 128 129 130 131 132 133 134 135 136 137 138 139 140 141 142 143 144 145 146 147 148 149

0
