ROWS: 4 17 56 85 102 162 192 249 295 895 1018 1232 1314 1394 1415 1421 1609 1683 1723 1822 1828 1849 1918 1990 1999 2025 2041 2073 2084 2090 2232 2233 2263 2265 2328 2333 2342 2362 2411 2429 2513 2567 2629 2766 2767 2791 2792 2863 2877 2882 2946 2995 3049 3052 3062 3069 3157 3244 3245 3287 3294 3297 3298 3302 3336 3354 3372 3442 3511 3576 3584 3603 3615 3618 3661 3682 3697 3719 3751 3845 3853 3864 3881 3905 3942 4090 4092 4132 4189 4261 4323 4538 4710 4779 4849 4872 4950 5036 5682 6090 6199 6230 6291 6339 6815 6905 6928 7012 7110 7113 7175 7212 7231 7312 7341 7342 7426 7765 7795 7981 8308 8353 8371 8381 8511 8526 8607 8649 8703 8713 8783 8831 8906 8976 9015 9284 9529 9582 9644 9803 9858 9901 9924 9927 10049 10065 10092 10093 10220 10238 10491 10597 10702 10750 10765 10794 10820 10828 10960 11068 11149 11156 11202 11474 11571 11681 11737 11900 11914 11968 12205 12528 12549 12712 12982 13056 13599 13901 14006 14136 14314 14428 14483 14600 14740 14746 14913 14964 14997 15047 15147 15154 15170 15232 15255 15290 15492 15509 15556 15572 15795 15821 16382 16453 16548 16569 16635 16857 16930 16959 17041 17299 17350 17485 17549 18035 18156 18325 18332 18387 18439 18509 18531 18621 18624 19045 19100 19195 19535 19624 19734 19775 19828 19844 19963 20166 20282 20359 20483 20577 20615 20631 20670 20751 20816 20869 20991 21058 21110 21127 21128 21130 21142 21312 21319 21439 21454 21471 21496 21505 21581 21687 21718 21736 21892 22140 22186 22239 22287 22297 22360 22456 22493 22495 22543
COLS: 0 1 2 3 4 5 6 7 8 9 10 11 12 13 14 15 16 17 18 19 20 21 22 23 24 25 26 27 28 29 30 31 32 33 34 35 36 37 38 39 40 41 42 43 44 45 46 47 48 49 50 51 52 53 54 55 56 57 58 59 60 61 62 63 64 65 66 67 68 69 70 71 72 73 74 75 76 77 78 79 80 81 82 83 84 85 86 87 88 89 90 91 92 93 94 95 96 97 98 99 100 101 102 103 104 105 106 107 108 109 110 111 112 113 114 115 116 118 119 120 121 122
GO:0009792, 2.46179267714e-16, 1.58047089872e-13
GO:0007275, 4.46047881187e-11, 1.43181369861e-08
GO:0051603, 0.000181980959564, 0.030009539559
GO:0007276, 0.000243666664587, 0.030009539559
GO:0000910, 0.000254725726945, 0.030009539559
GO:0048477, 0.000304190492483, 0.030009539559
GO:0032504, 0.000327206817621, 0.030009539559
GO:0030163, 0.000376327436589, 0.0302002767863
GO:0000003, 0.00050225792493, 0.0358277319783
ROWS: 1136 1338 2084 2251 2342 3354 3854 3885 4261 4385 5178 5361 6633 7110 7175 7981 8353 8367 8381 8511 8607 8649 9803 10049 10065 10491 10592 10709 10794 11156 11304 11571 11900 12766 13147 13223 13459 14740 14967 15042 15232 15319 15457 15526 15821 16050 16254 16304 16382 16449 16453 16516 17166 17698 17789 18268 18387 18392 18400 18504 19223 19535 19824 19844 19963 20128 20316 20319 20670 20991 21004 21110 21500 22239 22287 22356 22360 22362 22456
COLS: 10 11 12 13 14 15 16 17 18 19 20 21 22 23 24 27 29 30 32 33 44 45 47 48 49 50 51 52 53 54 55 56 59 60 72 75 76 77 78 79 80 81 82 83 84 85 86 87 88 89 90 91 92 93 94 112 114 116 118 119 120 121 122
ROWS: 1052 1061 1468 2821 3233 3467 4766 4898 4911 4920 5228 5509 5596 5697 5855 5985 6319 6346 6838 6840 6945 7028 7073 7262 7582 8113 8175 8190 8201 8204 8247 8493 8795 8929 9956 9979 10287 10422 10729 11324 12077 12116 12173 12200 12215 12644 12699 12824 12850 13176 13194 13208 13395 13727 13995 14020 14093 14410 14738 15281 15449 16698 17120 17469 20485 21143 21514 21894
COLS: 3 4 5 6 7 8 9 10 14 15 16 18 19 20 21 23 24 27 35 37 38 39 42 43 45 47 48 49 50 51 52 53 55 63 65 66 67 70 77 78 79 80 81 82 83 84 85 86 101 102 104 108 110 112
GO:0006511, 3.13209465011e-08, 3.27303890937e-06
GO:0043632, 3.13209465011e-08, 3.27303890937e-06
GO:0051603, 6.01962994713e-08, 4.19367552984e-06
GO:0030163, 4.46393982158e-07, 2.33240855677e-05
GO:0044248, 1.87957503587e-05, 0.000785662364993
ROWS: 22548 22549 22550 22551 22552 22553 22570 22571 22573 22574 22594 22595 22605 22606 22607 22608 22609 22610 22612 22613
COLS: 0 1 5 7 8 10 11 14 16 18 19 20 21 22 28 29 32 33 38 40 49 50 59 60 65 68 76 88 90 91 98 99 103 106 107 109 116
ROWS: 979 3480 4541 4932 18024 21073 22548 22549 22550 22551 22553 22570 22571 22605 22606 22607 22608 22610 22612 22613
COLS: 6 7 21 28 29 34 38 45 50 52 53 55 56 60 65 68 69 72 73 75 79 84 86 89 91 98 99 103 105 107 111 114 116 118
ROWS: 1478 2026 2375 4274 4464 4726 4839 6814 7022 7027 7345 7497 7570 7774 8304 9774 11244 11309 12238 13486 14336 14537 15380 15596 16542 16785 17049 17057 18062 18122 18274 18700 19013 19194 19422 20133 20329 20906 21170 22065 22203 22305 22322
COLS: 3 4 5 6 10 11 12 39 52 87
GO:0045333, 1.46233552286e-06, 0.000388981249081
GO:0006091, 1.28872146337e-05, 0.00117815737041
GO:0006099, 1.39927049226e-05, 0.00117815737041
GO:0009109, 1.7762712884e-05, 0.00117815737041
GO:0006084, 2.21458152333e-05, 0.00117815737041
ROWS: 647 1168 4574 5937 6682 6827 7822 8250 8738 9306 10487 11193 11361 16125 18186 20266 20408
COLS: 3 5 7 8 11 12 26 35 36 37 39 41 46 47 53 67 70 95 110 116 120 121
ROWS: 5126 22549 22551 22552 22570 22571 22572 22593 22606 22608 22609 22612 22613
COLS: 1 8 14 16 19 20 22 24 25 28 30 32 33 34 43 48 75 90 109 114
ROWS: 1639 1936 2387 3888 5460 5985 7115 8348 8909 12008 12344 14151 14174 14245 16896 18290 18722 19546 21402 22392
COLS: 49 55 79 80 84 87 105 107 109 120 122
ROWS: 1339 3153 3935 4060 5660 6755 7468 7481 9311 10681 10865 13790 15332 15754 18027 18441 20616 20716
COLS: 6 8 16 32 33 34 83 85 88 92 107 122
ROWS: 204 2288 4941 5159 6370 8435 9028 9771 11665 12495 14137 17706 18193 18549 19805 20517 21151
COLS: 3 9 14 34 62 66 86 94 96 97 102 120
ROWS: 1009 1021 1079 1425 2667 6200 6315 7486 11878 13811 14268 17815 18300 21146 21665
COLS: 21 23 28 30 37 38 52 82 89 104 107 110 116
ROWS: 294 509 5616 7261 7770 8602 9060 9447 9736 10955 14624 17325 17974 20129 21298
COLS: 5 10 11 12 28 67 86 91 99 112 113 121
ROWS: 99 5256 6978 8950 11199 11371 12572 12810 13751 14675 19207 19591 21960
COLS: 11 12 14 16 17 48 52 64 75 93 111 120 122
ROWS: 304 527 1339 2234 3462 3838 5936 7074 11578 13454 14288 19728
COLS: 1 7 22 24 26 40 58 67 68 91 96 109 110
ROWS: 4518 7358 7877 7918 8872 9618 11606 12845 14295 15323 16478 18489 22565
COLS: 11 27 28 29 56 59 83 96 101 105 109 121
ROWS: 455 1905 2446 4526 9526 9626 10905 11337 11728 19479 21015
COLS: 11 12 13 19 28 52 55 56 68 96 101 107 118
GO:0010884, 0.000922509225092, 0.0249077490775
GO:0032096, 0.000922509225092, 0.0249077490775
GO:0032105, 0.000922509225092, 0.0249077490775
GO:0032107, 0.000922509225092, 0.0249077490775
GO:0034059, 0.000922509225092, 0.0249077490775
GO:0050911, 0.000922509225092, 0.0249077490775
ROWS: 6003 6226 9451 10951 11349 11951 12886 15658 17791 18475 19877 20725 22251
COLS: 18 19 21 22 23 30 31 51 60 72
GO:0006468, 0.000381967435227, 0.0313213296887
GO:0006796, 0.00126908494258, 0.047732972323
GO:0006464, 0.00174632825572, 0.047732972323
ROWS: 1082 4793 4831 6168 6946 9200 12683 13990 16840 17379 18327 20167 22294
COLS: 10 15 18 23 35 68 80 86 109
ROWS: 7365 10904 22415
COLS: 0 1 2 4 6 9 21 25 26 32 33 37 49 59 62 65 66 70 71 80 83 85 89 93 94 96 97 101 107 111 112 114 116 117 119 120 121 122
ROWS: 2269 7881 15708
COLS: 0 1 2 4 6 11 13 15 17 21 22 27 30 39 45 47 48 49 50 56 62 66 68 72 74 76 77 79 80 81 86 93 102 106 108 114 121 122
ROWS: 692 17385 22622
COLS: 1 2 4 8 11 12 13 15 18 19 22 24 34 40 41 43 49 50 51 53 55 56 57 63 64 83 84 86 88 90 91 92 97 101 103 107 111 117
ROWS: 10265 12498 14737
COLS: 0 1 2 4 8 14 15 16 18 20 21 24 27 31 36 40 42 46 48 50 55 66 67 68 70 72 76 78 87 93 94 96 98 103 105 107 111 112
ROWS: 1021 5857 11039
COLS: 0 2 4 5 7 13 14 16 20 22 25 26 32 33 35 36 39 43 44 46 48 50 62 63 64 69 71 76 93 94 96 97 100 101 111 116 118
ROWS: 3773 4647 4923 8352 11078 12877 14555 16223 17345 21244 21299
COLS: 3 7 9 19 55 80 95 110 112 118
ROWS: 6068 10898 12721
COLS: 0 1 4 5 6 7 11 12 14 16 17 20 21 22 25 30 33 37 38 39 53 58 62 63 64 71 76 77 78 80 85 86 89 96 107 117
GO:0006954, 0.00034594095941, 0.000691881918819
GO:0006950, 0.044741697417, 0.044741697417
ROWS: 955 9909 14771
COLS: 2 6 7 10 12 13 15 18 20 21 22 32 36 38 39 40 43 44 48 50 51 54 57 66 68 73 76 80 90 92 96 110 112 116 119 120
GO:0006334, 0.0047278597786, 0.0314806273063
GO:0006323, 0.00565036900369, 0.0314806273063
GO:0006333, 0.0072647601476, 0.0314806273063
GO:0034622, 0.0125691881919, 0.0382264760148
GO:0051276, 0.0167204797048, 0.0382264760148
GO:0043933, 0.0176429889299, 0.0382264760148
GO:0022607, 0.026176199262, 0.0486129414866
ROWS: 10966 12225 17446
COLS: 0 3 4 13 14 16 23 26 33 36 37 38 45 47 51 59 60 67 75 80 82 84 85 90 91 96 102 105 109 110 115 116 117 118 119 121
ROWS: 521 7738 8588
COLS: 1 3 5 10 14 16 21 22 23 25 27 28 31 32 42 51 53 56 61 63 66 67 72 81 82 86 87 92 94 95 98 101 119 121 122
ROWS: 4482 17746 20309
COLS: 4 8 15 20 22 23 26 31 32 35 37 38 39 40 41 46 47 48 55 56 59 60 66 67 72 86 88 91 93 98 103 104 110 120 122
ROWS: 9951 13382 14011
COLS: 0 1 4 6 13 18 19 20 21 22 23 24 29 33 37 52 53 55 63 64 66 67 70 72 75 80 84 86 92 97 101 103 113 118
ROWS: 4428 6009 19128
COLS: 3 5 6 7 10 13 14 16 17 25 27 29 31 32 33 37 39 45 46 48 50 59 66 67 73 77 81 90 92 94 103 105 114 118
ROWS: 758 5795 6822 8393 14611 14639 15722 17119 20859 22254
COLS: 0 26 27 52 60 82 85 87 88 97
ROWS: 1065 1322 8635 11705 13222 13416 13998 14249 16543 19651 21067
COLS: 14 15 16 19 21 31 33 37 95
ROWS: 6553 13226 19108
COLS: 0 1 5 6 7 9 12 15 18 27 28 32 33 41 51 52 56 60 61 62 63 69 72 85 90 91 102 107 116 119 120 121 122
ROWS: 4943 8971 9021
COLS: 0 7 8 9 10 11 13 18 19 20 22 25 33 48 52 59 63 72 79 85 86 88 97 98 99 103 104 107 112 116 118 119
ROWS: 837 4800 7856 15513 16270 20092 20695 21165
COLS: 12 20 24 41 52 61 63 77 95 97 104 116
ROWS: 10856 12121 20742
COLS: 0 9 10 11 12 15 20 21 23 30 33 35 42 47 49 52 60 65 72 76 78 81 87 95 100 103 105 110 114 119 120 122
ROWS: 7305 9204 14141
COLS: 0 4 5 9 10 14 18 19 28 29 30 32 33 34 35 38 41 42 54 61 63 64 67 70 73 85 86 87 91 95 121 122
ROWS: 1418 10194 13535
COLS: 7 8 13 15 16 24 25 26 29 31 32 40 44 45 47 54 57 61 63 67 71 73 76 79 86 90 98 108 112 118 120 122
ROWS: 4164 6096 11983
COLS: 2 3 5 7 10 13 16 26 28 30 33 39 42 51 57 60 62 66 67 68 69 74 79 80 82 91 92 93 94 108 115
ROWS: 4396 17912 21145
COLS: 0 1 2 11 12 14 20 21 25 28 32 33 37 38 45 46 48 49 50 56 58 64 70 82 84 91 92 104 105 112 113
ROWS: 413 414 976
COLS: 2 4 6 7 9 11 13 18 21 23 24 37 38 41 44 46 48 56 66 70 81 82 86 87 92 97 104 112 113 120 122
GO:0006869, 1.41730858683e-08, 1.55903944552e-07
GO:0008340, 0.000409683998954, 0.00150918325379
GO:0007568, 0.000411595432852, 0.00150918325379
GO:0033036, 0.000794215593022, 0.00218409288081
GO:0040010, 0.00744325966314, 0.0163751712589
GO:0051234, 0.0102084242617, 0.0173014960712
GO:0040008, 0.0110100429544, 0.0173014960712
GO:0048518, 0.0130604925627, 0.0179581772737
GO:0009792, 0.0265263773759, 0.0324211279038
ROWS: 6574 14701 15181
COLS: 1 4 6 7 9 11 16 21 22 25 45 49 55 63 66 68 70 73 74 79 82 93 96 98 102 103 104 107 113 117 122
ROWS: 4693 8557 13135
COLS: 3 5 9 11 14 15 16 18 19 21 23 24 26 31 33 39 46 63 67 74 77 78 80 83 86 88 96 97 110 122
ROWS: 7427 17780 19034
COLS: 3 10 11 16 19 20 25 26 28 29 35 43 54 64 66 67 68 69 70 80 82 84 86 87 88 94 104 105 106 122
ROWS: 12647 18452 19795
COLS: 7 8 10 18 24 27 30 31 37 41 43 44 46 52 54 61 63 66 71 83 85 87 88 95 102 105 106 113 117 119
ROWS: 1177 14971 18324
COLS: 1 3 4 5 6 11 12 13 14 21 31 39 41 44 46 62 65 66 81 83 85 87 90 98 99 100 101 102 114 122
ROWS: 662 14237 19673
COLS: 4 7 10 12 17 18 19 22 27 28 32 38 39 52 55 66 67 72 73 79 89 90 93 100 103 104 113 119 120
GO:0050954, 0.0012684501845, 0.0139529520295
GO:0007638, 0.00276752767528, 0.015221402214
GO:0006814, 0.00553505535055, 0.020295202952
GO:0009605, 0.0102629151292, 0.0281595940959
GO:0009628, 0.0127998154982, 0.0281595940959
ROWS: 6976 7041 17272
COLS: 1 2 4 12 13 14 20 21 23 31 32 36 37 42 49 50 51 53 61 63 64 66 68 73 93 95 97 112 113
GO:0045454, 0.00691881918819, 0.034594095941
GO:0042592, 0.0146448339483, 0.0366120848708
ROWS: 2391 19660 21950
COLS: 0 3 7 8 9 13 15 17 27 30 32 36 38 41 48 52 60 64 66 67 77 80 86 93 95 103 107 119 122
GO:0006836, 0.00495848708487, 0.0148754612546
ROWS: 14539 16063 16626
COLS: 0 2 3 6 11 12 14 19 21 22 24 25 26 28 29 30 33 44 46 51 54 56 69 78 85 92 107 112 121
GO:0006915, 0.0111854243542, 0.0178736162362
GO:0008219, 0.0178736162362, 0.0178736162362
ROWS: 5973 11863 20354
COLS: 1 4 7 18 19 21 23 24 30 39 40 51 56 61 67 70 76 80 87 90 91 100 104 108 119 120 121 122
ROWS: 1284 5380 8520
COLS: 6 8 10 12 16 17 18 22 23 26 49 53 59 63 65 71 72 76 79 80 82 89 94 106 113 118 120 122
ROWS: 4728 7172 8695
COLS: 0 5 6 9 13 23 25 26 29 33 40 52 53 60 62 63 65 66 67 82 87 89 93 102 103 108 115 120
ROWS: 5011 15389 20849
COLS: 1 10 14 15 16 26 27 29 34 36 37 38 39 40 42 43 45 47 55 62 63 65 66 70 72 76 90 93
ROWS: 13201 13243 21008
COLS: 1 2 4 15 18 19 21 33 35 39 41 54 55 57 66 67 68 71 79 84 94 96 98 99 115 117 122
ROWS: 9345 16473 18242
COLS: 3 6 7 8 11 13 22 24 26 38 45 52 56 61 64 65 66 70 74 83 86 87 97 104 114 119 122
ROWS: 735 9826 17738
COLS: 1 2 5 17 22 24 30 40 48 51 53 62 66 69 77 79 82 84 96 98 104 106 107 111 112 118 121
ROWS: 7841 14171 17635
COLS: 0 2 3 4 9 20 26 27 28 29 30 32 34 41 42 50 52 55 62 70 95 104 107 109 114 117 119
ROWS: 8890 14163 22043
COLS: 9 11 14 21 23 25 28 31 33 44 46 49 52 77 79 88 90 99 102 106 109 111 113 114 116 121 122
ROWS: 2103 2236 6628
COLS: 8 10 11 15 17 21 25 35 36 40 41 50 51 55 64 66 74 78 79 87 88 89 96 105 108 109
ROWS: 221 17367 19238
COLS: 0 5 8 9 14 35 37 55 59 67 73 79 86 93 94 96 103 105 108 109 110 112 113 115 120 122
ROWS: 2215 8865 16373
COLS: 3 4 5 9 14 20 22 27 33 42 43 44 68 70 78 82 83 87 88 94 102 103 109 110 115 121
ROWS: 8483 10700 11111
COLS: 1 8 9 11 16 23 27 32 39 40 47 57 62 70 71 72 78 81 84 93 96 105 114 119 120 121
ROWS: 1859 11422 20929
COLS: 3 5 8 11 12 13 16 23 24 28 29 30 52 62 66 67 77 82 85 88 99 103 105 106 110 119
ROWS: 8250 15188 16125
COLS: 0 2 4 5 6 7 8 9 10 12 19 21 23 30 39 44 48 50 62 85 86 92 93 97 108 120
ROWS: 10241 15850 22284
COLS: 1 2 9 13 14 15 17 19 21 28 29 35 40 43 49 52 57 59 61 71 73 74 83 120 121 122
ROWS: 4607 5949 19657
COLS: 0 2 4 8 10 12 15 16 21 23 27 33 34 35 42 52 55 58 70 74 77 96 97 108 109 112
ROWS: 7280 9134 9744
COLS: 0 5 6 8 15 16 20 25 27 29 30 38 39 43 45 62 64 70 72 73 83 94 96 103 112 119
ROWS: 14305 17506 19313
COLS: 1 5 8 12 17 28 29 33 35 36 48 62 66 67 78 81 82 83 92 93 94 98 105 108 109 118
ROWS: 12942 14348 18015
COLS: 0 8 17 20 25 31 32 38 39 44 48 56 57 63 64 66 79 84 89 93 94 105 106 110 119 121
GO:0009408, 0.00576568265683, 0.0115313653137
GO:0009628, 0.0127998154982, 0.0127998154982
ROWS: 4156 13334 17955
COLS: 1 10 13 15 17 19 20 25 32 36 39 55 61 63 64 66 70 76 82 83 85 90 99 110 113
GO:0016998, 0.00138376383764, 0.00882149446495
GO:0071554, 0.00196033210332, 0.00882149446495
GO:0006032, 0.00369003690037, 0.00934040590406
GO:0000272, 0.00415129151292, 0.00934040590406
GO:0006022, 0.00588099630996, 0.0105857933579
ROWS: 753 16361 21903
COLS: 9 13 15 19 21 24 25 26 32 34 37 41 52 63 65 67 75 77 81 95 105 110 114 119 120
GO:0006481, 0.000461228015002, 0.00599596419503
GO:0032793, 0.000461228015002, 0.00599596419503
GO:0043388, 0.000461228015002, 0.00599596419503
GO:0090047, 0.000461228015002, 0.00599596419503
GO:0019722, 0.00115287055592, 0.009991544818
GO:0051090, 0.00115287055592, 0.009991544818
GO:0051098, 0.00184427371895, 0.013700319055
GO:0008213, 0.00391704694062, 0.0215655548609
GO:0045860, 0.00391704694062, 0.0215655548609
GO:0051347, 0.00414722208864, 0.0215655548609
GO:0043549, 0.00552771442834, 0.0239863037542
GO:0043414, 0.00598766576122, 0.0239863037542
GO:0006464, 0.00599657593854, 0.0239863037542
GO:0019220, 0.00690724925644, 0.0256554972382
GO:0006730, 0.0124158134529, 0.0430414866368
GO:0050790, 0.0149354520157, 0.048540219051
ROWS: 11970 17777 19017
COLS: 4 6 8 10 11 14 16 23 26 30 36 39 51 55 64 66 69 70 74 80 81 85 86 103 120
ROWS: 775 5810 8893
COLS: 1 4 6 12 14 18 23 25 33 35 48 50 52 62 74 77 84 86 97 103 104 111 116 119 120
ROWS: 6353 10364 11834
COLS: 11 12 15 17 18 23 26 35 37 42 47 49 54 67 73 85 98 101 107 113 116 117 120 121 122
ROWS: 5095 11434 12160
COLS: 6 12 13 21 22 23 28 29 35 52 57 58 64 68 70 73 77 87 92 93 95 104 109 110 122
ROWS: 906 12869 14606
COLS: 2 4 5 9 10 14 16 18 20 23 27 28 29 32 52 53 58 64 70 71 75 86 105 110 111
ROWS: 12429 15614 18568
COLS: 2 10 12 14 21 27 30 31 33 35 41 47 53 55 66 70 74 81 82 87 88 92 108 110 114
ROWS: 7536 15947 21791
COLS: 0 2 5 10 14 28 32 35 43 54 58 60 62 66 73 74 85 87 92 93 94 102 103 121 122
GO:0090039, 0.00161383259548, 0.0430280885671
GO:0032784, 0.00184427371895, 0.0430280885671
GO:0006368, 0.00230507617324, 0.0430280885671
ROWS: 5759 11935 20046
COLS: 3 4 7 10 14 17 18 20 26 28 32 38 42 47 52 67 68 73 79 88 109 119 121 122
ROWS: 11583 17304 19845
COLS: 3 4 14 20 24 30 38 50 66 67 82 85 86 87 91 93 96 100 102 107 108 110 113 119
ROWS: 87 10987 12726
COLS: 7 8 10 17 18 19 24 27 30 38 39 40 52 54 55 61 64 72 73 80 82 86 110 114
ROWS: 16726 18551 20761
COLS: 0 8 9 12 17 21 23 27 31 33 40 52 70 71 75 82 94 95 103 104 110 113 114 120
ROWS: 5099 8023 14440
COLS: 8 9 12 15 18 27 28 42 46 51 55 60 61 63 67 68 73 90 91 93 97 102 118 120
ROWS: 12979 14686 20596
COLS: 2 3 13 14 17 18 21 24 26 35 41 42 48 61 64 66 67 70 90 92 96 97 120 122
ROWS: 605 1856 14989
COLS: 3 4 6 10 15 23 26 31 32 35 45 46 66 69 70 72 74 85 92 95 105 108 120 121
ROWS: 5507 7053 13327
COLS: 2 10 16 17 19 22 30 45 48 49 53 60 61 63 65 70 79 86 87 99 100 104 116 117
ROWS: 8586 8659 13144
COLS: 3 7 8 9 13 18 22 23 27 32 38 41 42 50 71 74 77 84 85 88 93 104 105 116
ROWS: 4899 7457 17880
COLS: 0 4 6 7 8 9 19 37 42 50 61 64 72 76 79 83 85 86 90 91 93 107 112 120
GO:0051964, 0.000461254612546, 0.00845633456335
GO:0060573, 0.000461254612546, 0.00845633456335
GO:0007223, 0.000576568265683, 0.00845633456335
GO:0050807, 0.00115313653137, 0.012684501845
GO:0016055, 0.00219095940959, 0.0192804428044
GO:0044087, 0.00276752767528, 0.020295202952
GO:0051960, 0.00369003690037, 0.0231945176595
GO:0043062, 0.00518911439114, 0.0239852398524
GO:0007163, 0.00530442804428, 0.0239852398524
GO:0045138, 0.00565036900369, 0.0239852398524
GO:0007389, 0.0059963099631, 0.0239852398524
GO:0007268, 0.010147601476, 0.0372078720787
GO:0045165, 0.0136070110701, 0.0460544990065
GO:0051093, 0.0149907749077, 0.0471138639958
ROWS: 340 10442 14939
COLS: 4 12 14 17 18 19 21 31 32 38 48 51 66 68 83 86 90 92 93 102 110 113 116 122
GO:0007271, 0.00265221402214, 0.0238699261993
GO:0019226, 0.010147601476, 0.0356319188192
GO:0007267, 0.0118773062731, 0.0356319188192
ROWS: 4139 12315 22346
COLS: 2 3 6 11 12 13 21 24 32 47 50 60 63 65 66 78 79 82 87 95 104 107 113
ROWS: 7435 13638 19058
COLS: 3 4 14 16 18 19 24 32 35 38 42 47 51 65 77 89 90 96 103 104 116 120 121
ROWS: 12880 17036 18872
COLS: 7 12 13 16 17 19 22 31 33 34 38 52 55 60 73 76 77 100 102 106 110 118 119
ROWS: 9402 10306 12633
COLS: 5 10 12 14 19 21 26 29 31 32 35 36 38 44 48 55 58 77 89 93 95 103 118
ROWS: 2508 10372 19822
COLS: 8 25 30 37 42 43 52 63 74 77 84 86 87 89 92 93 95 110 111 112 115 117 118
ROWS: 5342 15932 20436
COLS: 1 2 7 11 25 26 31 32 33 36 39 45 47 50 63 73 82 105 107 108 111 114 119
ROWS: 3394 9126 21584
COLS: 9 12 13 19 25 27 29 30 31 43 44 45 49 53 54 60 67 92 98 101 112 113 116
GO:0045226, 0.00207468824486, 0.0311095516675
GO:0006694, 0.00345661685195, 0.0311095516675
GO:0044264, 0.00805613018072, 0.0339620744552
GO:0000271, 0.00851549636763, 0.0339620744552
GO:0034637, 0.0094339095709, 0.0339620744552
ROWS: 4325 8784 13728
COLS: 4 6 7 18 31 33 35 39 40 43 48 62 63 65 66 69 72 75 83 90 94 96 121
GO:0018095, 0.00034594095941, 0.0100322878229
GO:0007020, 0.00311059687298, 0.0360454717374
GO:0042073, 0.00380096347725, 0.0360454717374
GO:0030705, 0.0051807403522, 0.0360454717374
GO:0018193, 0.00621473650645, 0.0360454717374
ROWS: 5769 8170 16577
COLS: 6 10 11 13 20 29 39 47 54 58 61 66 72 75 78 82 85 93 94 103 107 110 119
ROWS: 6058 9453 16557
COLS: 16 23 28 35 40 51 52 55 56 57 70 72 80 83 95 102 104 105 108 109 111 116
ROWS: 3006 3335 3517
COLS: 3 4 14 23 31 32 33 34 36 39 40 48 50 52 55 56 72 78 79 85 86 91
ROWS: 2635 7077 12454
COLS: 4 7 12 16 17 28 29 39 45 48 62 68 78 79 83 84 95 97 103 105 108 111
ROWS: 3921 4057 21452
COLS: 0 6 7 16 19 35 39 46 60 76 78 80 87 93 94 96 102 108 116 119 121 122
GO:0007257, 0.000461228015002, 0.0136046571874
GO:0043506, 0.000461228015002, 0.0136046571874
GO:0043406, 0.000922349639827, 0.0136046571874
GO:0070302, 0.000922349639827, 0.0136046571874
GO:0043408, 0.00161383259548, 0.0190432246267
GO:0031399, 0.00253543750407, 0.0233115088577
GO:0080134, 0.00276577223736, 0.0233115088577
GO:0006972, 0.00345661685195, 0.0254925492831
GO:0033674, 0.00414722208864, 0.027168513742
GO:0007243, 0.00506765670528, 0.027168513742
GO:0045859, 0.00529769886558, 0.027168513742
GO:0051338, 0.00552771442834, 0.027168513742
GO:0043085, 0.00621760153134, 0.027168513742
GO:0042325, 0.00644751070392, 0.027168513742
GO:0051174, 0.00690724925644, 0.027168513742
ROWS: 1772 10023 22345
COLS: 9 14 15 21 25 27 35 37 39 46 48 49 64 72 73 74 76 77 85 102 103 122
ROWS: 5849 6597 19336
COLS: 4 8 10 12 14 15 18 21 25 36 38 39 42 44 61 62 66 77 82 85 87 103
ROWS: 6160 7802 19115
COLS: 7 10 13 18 28 33 45 46 47 53 56 66 70 72 74 77 83 100 102 103 121 122
ROWS: 9935 13190 16802
COLS: 1 4 5 6 11 16 18 19 21 26 43 48 51 64 81 82 84 93 94 101 108 121
ROWS: 4572 6360 8704
COLS: 3 4 5 7 20 26 31 36 38 43 50 71 76 77 82 84 88 94 103 108 119 122
ROWS: 9051 13888 21941
COLS: 2 6 7 11 12 16 29 36 50 55 75 77 82 84 88 96 100 110 111 115 119 122
ROWS: 9326 18360 21848
COLS: 1 2 10 12 13 16 22 23 25 27 32 43 52 55 75 88 94 97 99 105 110 120
ROWS: 5527 18249 20533
COLS: 4 9 21 22 24 37 40 44 45 46 52 62 64 77 80 84 85 89 102 110 113 120
ROWS: 4977 18452 21331
COLS: 0 6 7 10 23 30 32 39 62 65 74 83 88 92 103 109 110 114 120 121 122
ROWS: 16184 18096 19503
COLS: 3 7 9 12 36 39 44 45 48 66 72 74 76 83 84 89 96 98 109 111 118
ROWS: 645 12285 16527
COLS: 7 10 16 17 18 22 29 30 31 52 59 61 68 77 85 86 93 104 106 121 122
ROWS: 18344 21601 21641
COLS: 8 12 16 18 19 20 27 36 38 60 62 73 82 87 89 91 100 101 103 107 122
ROWS: 9069 15745 20130
COLS: 3 5 6 7 15 23 26 33 38 60 67 76 82 83 87 94 100 102 104 119 122
ROWS: 9038 12643 14309
COLS: 3 4 9 13 28 33 46 53 55 56 63 66 67 70 74 85 92 96 111 119 120
ROWS: 7935 8234 12456
COLS: 5 15 19 20 21 25 28 34 40 52 65 67 69 72 75 76 82 83 94 109 110
GO:0006936, 0.00322878228782, 0.00645756457565
GO:0003008, 0.0425507380074, 0.0425507380074
ROWS: 6122 8971 13219
COLS: 3 10 11 13 14 20 23 33 43 61 65 66 67 69 72 79 96 109 110 111 112
ROWS: 7772 14630 17688
COLS: 2 7 10 11 12 13 15 19 30 32 62 63 76 84 86 88 94 103 107 120 121
ROWS: 1301 8163 15945
COLS: 6 14 18 19 27 32 34 35 39 49 55 59 71 79 83 84 94 99 106 115 118
ROWS: 8073 11437 18197
COLS: 1 6 8 19 20 21 26 27 42 43 46 55 58 65 78 81 85 87 90 103 121
ROWS: 4946 12772 13936
COLS: 0 3 7 11 16 18 25 27 28 30 31 40 53 63 83 84 86 94 102 103 107
ROWS: 7675 10672 10843
COLS: 0 6 17 21 23 26 29 31 41 44 47 51 57 59 63 82 83 84 85 93 122
ROWS: 2685 13291 20620
COLS: 2 4 5 7 8 22 24 30 39 40 42 45 52 63 66 90 93 95 104 119 121
GO:0007188, 0.00161383259548, 0.0359633375194
GO:0019935, 0.00184427371895, 0.0359633375194
ROWS: 6142 18716 19228
COLS: 2 3 7 9 14 15 18 19 21 24 35 39 55 57 67 79 85 89 91 100 119
ROWS: 15512 17755 19411
COLS: 0 3 4 9 10 12 15 17 33 54 61 70 71 75 77 82 97 101 103 107 109
ROWS: 307 12939 15389
COLS: 1 2 4 5 20 25 27 35 38 45 62 63 66 67 74 77 90 93 107 118 120
ROWS: 5128 8414 15818
COLS: 2 6 8 12 16 25 28 35 42 48 50 72 86 90 91 97 103 111 112 114 120
GO:0046856, 0.000115313653137, 0.00172970479705
GO:0048016, 0.000115313653137, 0.00172970479705
GO:0007173, 0.000691881918819, 0.00691881918819
GO:0019932, 0.00288284132841, 0.0179889298893
GO:0030728, 0.00299815498155, 0.0179889298893
GO:0006650, 0.00380535055351, 0.0190267527675
GO:0007167, 0.00738007380074, 0.0315190651907
GO:0019637, 0.0085332103321, 0.0315190651907
GO:0030258, 0.0094557195572, 0.0315190651907
GO:0016311, 0.0130304428044, 0.0390913284133
ROWS: 3990 9806 19138
COLS: 0 3 4 16 17 25 33 36 42 55 66 67 72 78 81 86 93 103 112 119 120
ROWS: 12685 13976 17844
COLS: 0 5 24 25 32 35 38 42 45 62 77 78 84 86 88 89 94 98 99 119
ROWS: 8989 15140 19783
COLS: 7 13 19 21 27 35 44 45 63 66 67 70 71 77 83 98 102 110 112 115
ROWS: 11221 17908 21418
COLS: 0 4 9 14 16 18 19 21 30 37 41 56 70 71 82 84 104 111 121 122
ROWS: 2188 4477 8279
COLS: 2 5 6 8 9 15 18 24 31 32 33 34 45 51 67 70 74 104 107 122
GO:0006256, 0.000115313653137, 0.000505606017599
GO:0009137, 0.000115313653137, 0.000505606017599
GO:0009140, 0.000115313653137, 0.000505606017599
GO:0009179, 0.000115313653137, 0.000505606017599
GO:0009191, 0.000115313653137, 0.000505606017599
GO:0009193, 0.000115313653137, 0.000505606017599
GO:0009222, 0.000115313653137, 0.000505606017599
GO:0010559, 0.000115313653137, 0.000505606017599
GO:0010675, 0.000115313653137, 0.000505606017599
GO:0045913, 0.000115313653137, 0.000505606017599
GO:0046032, 0.000115313653137, 0.000505606017599
GO:0046712, 0.000115313653137, 0.000505606017599
GO:0060050, 0.000115313653137, 0.000505606017599
GO:0046131, 0.00103782287823, 0.0042254217185
GO:0009132, 0.00115313653137, 0.00438191881919
GO:0031399, 0.0012684501845, 0.00451885378229
GO:0032270, 0.00149907749077, 0.00502631864554
GO:0006220, 0.00172970479705, 0.00547739852398
GO:0035262, 0.002536900369, 0.00761070110701
GO:0009116, 0.0034594095941, 0.00985931734317
GO:0009154, 0.00392066420664, 0.0106418028466
GO:0009166, 0.00438191881919, 0.0113053505535
GO:0043413, 0.00484317343173, 0.0113053505535
GO:0030334, 0.00495848708487, 0.0113053505535
GO:0034655, 0.00495848708487, 0.0113053505535
GO:0009100, 0.00714944649447, 0.0153367158672
GO:0046700, 0.0072647601476, 0.0153367158672
GO:0051246, 0.00807195571956, 0.016432195572
GO:0010557, 0.00876383763838, 0.0166512915129
GO:0031328, 0.00876383763838, 0.0166512915129
GO:0048608, 0.0108394833948, 0.0197186346863
GO:0032879, 0.0113007380074, 0.0197186346863
GO:0045137, 0.0114160516605, 0.0197186346863
GO:0009259, 0.012684501845, 0.0206576172905
GO:0044282, 0.012684501845, 0.0206576172905
GO:0006163, 0.0148754612546, 0.0235528136531
GO:0048522, 0.0182195571956, 0.0280679664905
GO:0006753, 0.0227167896679, 0.0340751845018
GO:0048870, 0.0255996309963, 0.0374148453023
ROWS: 10805 13171 22254
COLS: 0 3 4 6 10 12 14 25 29 31 40 42 49 52 53 61 90 97 110 111
ROWS: 370 6079 8170
COLS: 3 10 11 16 18 19 23 35 47 48 58 66 74 77 85 89 96 101 114 117
ROWS: 5499 9443 12758
COLS: 3 8 10 11 16 17 20 26 28 35 42 45 47 66 72 78 81 88 101 110
ROWS: 9442 18203 21156
COLS: 0 8 9 11 14 15 18 21 26 33 39 40 43 44 58 60 68 69 85 98
ROWS: 4211 6253 11126
COLS: 15 24 25 27 41 46 57 62 68 78 81 83 86 89 97 101 106 110 120 122
ROWS: 6126 8924 21694
COLS: 0 2 4 5 6 7 10 13 15 23 43 47 55 71 72 86 88 91 94 104
ROWS: 6743 7487 14014
COLS: 0 1 5 6 7 11 12 20 25 29 38 40 42 68 72 82 86 99 107 120
ROWS: 8140 20145 21420
COLS: 1 12 14 18 24 25 40 45 48 49 51 52 54 55 64 76 93 110 113 122
ROWS: 87 5427 21763
COLS: 2 3 7 8 13 14 34 36 39 43 46 48 49 86 98 99 102 106 107 121
GO:0030317, 0.000461228015002, 0.0145286824726
GO:0031268, 0.000461228015002, 0.0145286824726
GO:0007286, 0.00207468824486, 0.0326763398566
GO:0045793, 0.00207468824486, 0.0326763398566
GO:0006944, 0.0032263619113, 0.0406521600823
ROWS: 5672 13404 15870
COLS: 1 2 4 5 6 10 20 21 22 27 32 36 43 46 56 67 74 87 105 115
GO:0006436, 0.000230627306273, 0.00830258302583
GO:0007031, 0.000922509225092, 0.0166051660517
ROWS: 11147 13607 15244
COLS: 0 1 2 4 6 19 24 34 47 48 49 51 58 67 85 113 114 118 121 122
ROWS: 612 8898 20719
COLS: 1 5 6 9 14 20 23 24 38 39 41 48 49 63 70 96 107 110 116 120
ROWS: 5133 16452 18810
COLS: 9 16 18 26 32 41 43 47 50 51 66 84 87 96 100 104 108 110 115 121
ROWS: 1146 12781 21616
COLS: 2 7 9 10 14 15 23 27 43 64 66 72 84 97 104 110 114 120 121
ROWS: 548 1239 8586
COLS: 1 11 20 22 32 36 39 42 44 60 61 71 76 82 85 93 96 105 121
GO:0018996, 0.0294049815498, 0.0294049815498
GO:0042303, 0.0294049815498, 0.0294049815498
ROWS: 17517 18607 19267
COLS: 1 4 6 13 28 31 36 41 42 46 52 53 63 81 83 97 100 113 118
ROWS: 4899 15110 17671
COLS: 0 4 13 18 19 28 33 36 48 52 58 63 74 77 82 84 93 102 120
GO:0051964, 0.000922349639827, 0.0292060540834
GO:0060573, 0.000922349639827, 0.0292060540834
GO:0007223, 0.00115287055592, 0.0292060540834
GO:0050807, 0.00230507617324, 0.0437964472915
ROWS: 10402 14294 22248
COLS: 1 20 27 30 31 38 47 55 63 67 73 87 90 91 93 102 110 111 122
ROWS: 14352 18735 20152
COLS: 0 1 3 6 15 16 22 23 25 27 35 57 65 66 82 83 91 106 118
ROWS: 1213 1215 10270
COLS: 0 1 2 9 14 15 16 19 23 24 33 37 41 46 74 81 92 93 105
ROWS: 6229 16279 16997
COLS: 1 4 6 9 11 14 15 34 39 40 51 52 75 85 93 107 108 120 121
ROWS: 1829 6250 10203
COLS: 5 9 18 23 25 27 33 34 39 42 44 54 56 77 102 103 107 113 116
ROWS: 11076 12728 21865
COLS: 2 6 8 14 18 25 27 28 30 39 43 66 87 88 90 94 95 96 111
ROWS: 5813 10581 12230
COLS: 2 4 9 22 34 39 44 57 64 65 67 79 88 90 93 97 103 104 105
GO:0050906, 0.000922509225092, 0.00807195571956
GO:0042073, 0.0012684501845, 0.00807195571956
GO:0030705, 0.00172970479705, 0.00807195571956
GO:0006935, 0.00322878228782, 0.0113007380074
GO:0007018, 0.00588099630996, 0.0164667896679
GO:0007626, 0.00841789667897, 0.0196417589176
GO:0009605, 0.0102629151292, 0.0205258302583
GO:0030030, 0.022832103321, 0.0399561808118
ROWS: 6027 10464 12050
COLS: 1 5 8 14 16 31 33 40 63 74 77 78 79 82 102 103 110 117 121
ROWS: 784 857 20992
COLS: 5 8 18 20 26 27 29 38 42 43 48 52 54 76 79 82 86 91 114
GO:0071712, 0.00034594095941, 0.0119926199262
GO:0051788, 0.000461254612546, 0.0119926199262
GO:0043161, 0.00115313653137, 0.019987699877
GO:0071216, 0.00207564575646, 0.0215867158672
GO:0071445, 0.00207564575646, 0.0215867158672
GO:0070887, 0.0047278597786, 0.0368344754876
GO:0010033, 0.00495848708487, 0.0368344754876
ROWS: 5887 6778 9077
COLS: 7 8 11 14 20 21 22 28 33 59 60 62 65 70 74 82 98 103 104
ROWS: 8637 9054 22498
COLS: 0 16 19 22 23 24 27 33 36 37 38 41 60 68 89 95 96 102 110
ROWS: 6598 7933 22301
COLS: 3 6 8 12 16 18 20 29 35 52 65 69 71 78 96 99 101 104 109
GO:0006487, 0.000807195571956, 0.0161439114391
GO:0043413, 0.00484317343173, 0.0338253382534
GO:0009101, 0.00507380073801, 0.0338253382534
ROWS: 11371 12183 13745
COLS: 2 12 13 15 16 22 31 32 39 55 63 76 83 85 86 94 95 102 120
ROWS: 12083 14279 18416
COLS: 0 13 18 20 23 25 34 36 53 55 75 80 83 84 86 90 101 102 112
ROWS: 4190 5395 8957
COLS: 2 4 5 16 20 21 22 35 47 48 61 66 73 76 79 80 86 87 96
GO:0005977, 0.00184427371895, 0.0138320528921
GO:0044042, 0.00184427371895, 0.0138320528921
GO:0015980, 0.00713707863638, 0.0302104881777
GO:0044264, 0.00805613018072, 0.0302104881777
GO:0019318, 0.0112694592953, 0.033808377886
ROWS: 8408 13326 17955
COLS: 1 4 5 6 7 12 13 28 33 34 54 55 58 72 82 97 112 114 120
GO:0016998, 0.00138376383764, 0.00882149446495
GO:0071554, 0.00196033210332, 0.00882149446495
GO:0006032, 0.00369003690037, 0.00934040590406
GO:0000272, 0.00415129151292, 0.00934040590406
GO:0006022, 0.00588099630996, 0.0105857933579
ROWS: 396 4513 6383 6857 14772 14917 15488
COLS: 14 26 47 65 90 96 104 105
ROWS: 9279 17188 21523
COLS: 3 7 18 26 29 31 48 51 63 65 67 76 78 87 91 104 105 122
GO:0030198, 0.002536900369, 0.010147601476
ROWS: 4285 7658 14308
COLS: 3 7 13 14 20 23 35 46 53 55 67 72 76 94 97 103 110 122
ROWS: 10464 11471 19311
COLS: 0 2 4 5 11 18 19 22 26 41 46 56 63 67 84 90 110 121
ROWS: 4594 10538 12151
COLS: 0 2 8 9 14 16 19 63 66 73 74 80 87 92 95 96 104 122
ROWS: 7496 9620 19186
COLS: 2 4 6 7 9 10 11 15 31 36 50 52 67 69 86 93 110 121
ROWS: 1388 5105 5258 8058 10393 15963
COLS: 12 23 77 88 95 110 111 116 119
GO:0015991, 0.00034594095941, 0.0266374538746
ROWS: 13046 13075 18366
COLS: 0 5 7 19 23 24 28 35 38 58 60 70 77 86 95 96 100 110
ROWS: 8137 9196 19742
COLS: 2 3 8 9 13 16 31 40 69 71 75 81 86 89 92 93 105 107
ROWS: 5887 7085 16160
COLS: 1 3 12 14 17 20 22 24 31 38 53 58 60 76 86 97 111 118
ROWS: 3547 19578 20586
COLS: 0 5 7 9 10 11 44 46 57 62 77 88 91 95 103 105 111 121
ROWS: 10897 14316 17014
COLS: 4 8 9 12 25 27 28 29 30 36 44 48 64 89 96 97 102 103
GO:0006885, 0.0012684501845, 0.0139529520295
GO:0055080, 0.00299815498155, 0.015221402214
GO:0048878, 0.0047278597786, 0.015221402214
GO:0006814, 0.00553505535055, 0.015221402214
ROWS: 5243 11355 13015
COLS: 16 17 27 39 47 65 67 69 72 75 81 82 86 89 92 95 102 108
ROWS: 10016 14530 20084
COLS: 8 10 16 26 28 35 49 50 55 60 67 87 93 108 110 111 115 120
ROWS: 8433 13449 14120 14372 21518 21697
COLS: 2 8 20 36 48 56 64 104 121
GO:0034609, 0.000691802126187, 0.0359737105617
ROWS: 6610 11923 17338
COLS: 5 16 19 29 35 36 38 42 50 60 63 66 67 82 83 89 96 114
GO:0006072, 0.00184427371895, 0.0331816067555
GO:0019400, 0.00368684519506, 0.0331816067555
ROWS: 4194 12381 16066
COLS: 6 11 22 23 24 28 34 49 63 65 66 67 70 76 82 93 96 100
ROWS: 10500 15992 21903
COLS: 10 23 27 35 37 40 42 63 65 66 69 70 85 86 87 92 102 108
GO:0006481, 0.000461228015002, 0.0142980684651
GO:0008213, 0.00391704694062, 0.0464734635237
GO:0043414, 0.00598766576122, 0.0464734635237
GO:0006464, 0.00599657593854, 0.0464734635237
ROWS: 492 2443 8480
COLS: 0 1 8 19 25 26 27 32 41 59 63 69 72 94 96 104 108 120
ROWS: 2523 3506 15665
COLS: 14 15 23 28 41 60 69 70 72 75 77 78 85 88 100 101 106 112
GO:0033564, 0.00103758350953, 0.0352778393242
ROWS: 10270 12279 19671
COLS: 2 13 15 17 36 43 54 60 63 66 77 85 86 88 90 108 112 121
ROWS: 5129 5599 9776
COLS: 13 29 35 41 42 56 57 58 69 75 88 89 93 96 100 111 115 118
ROWS: 5834 6788 7627
COLS: 1 11 15 23 28 33 40 48 52 67 72 78 91 96 103 111 113 121
ROWS: 1774 3531 9275
COLS: 1 2 4 7 10 11 15 16 20 43 50 62 79 87 90 100 102 110
ROWS: 6040 8440 19138
COLS: 3 12 18 22 23 30 34 35 40 51 67 68 78 81 105 108 110 120
ROWS: 13365 19329 20973
COLS: 0 3 6 9 12 13 14 15 24 25 29 37 40 60 61 71 78
ROWS: 14539 16615 19386
COLS: 9 11 23 27 28 39 49 52 65 69 71 76 86 89 97 119 120
ROWS: 2606 9694 14739
COLS: 13 18 19 21 22 24 39 40 53 55 68 71 80 89 105 112 120
ROWS: 10066 14182 14686
COLS: 2 6 11 12 17 21 23 30 43 50 52 66 83 88 97 106 119
ROWS: 1717 11484 17612
COLS: 0 8 9 11 19 29 33 34 48 59 65 73 74 77 93 96 114
ROWS: 11757 12245 17224
COLS: 0 5 6 23 26 55 57 61 66 70 72 75 96 108 113 120 122
ROWS: 1284 11510 20119
COLS: 2 3 6 12 23 47 53 61 63 70 85 86 96 100 104 109 110
ROWS: 4723 7284 20190
COLS: 3 7 10 12 19 21 28 30 37 43 49 52 65 66 68 86 88
GO:0009113, 0.000691802126187, 0.0235212722903
GO:0009112, 0.00253543750407, 0.0287349583795
GO:0042440, 0.00253543750407, 0.0287349583795
ROWS: 8311 8377 14054
COLS: 4 16 32 33 46 49 50 51 52 77 82 83 86 92 96 121 122
GO:0032776, 0.000115313653137, 0.00518911439114
GO:0030512, 0.000576568265683, 0.0103782287823
GO:0006305, 0.000691881918819, 0.0103782287823
GO:0090092, 0.00115313653137, 0.0114160516605
GO:0042594, 0.0012684501845, 0.0114160516605
GO:0006816, 0.002536900369, 0.0188105396679
GO:0043414, 0.00299815498155, 0.0188105396679
GO:0009991, 0.00334409594096, 0.0188105396679
GO:0001505, 0.00392066420664, 0.0190267527675
GO:0015674, 0.00449723247232, 0.0190267527675
GO:0035467, 0.0047278597786, 0.0190267527675
GO:0030421, 0.00565036900369, 0.0190267527675
GO:0009408, 0.00576568265683, 0.0190267527675
GO:0006730, 0.00622693726937, 0.0190267527675
GO:0043050, 0.00634225092251, 0.0190267527675
GO:0007167, 0.00738007380074, 0.0201459735186
GO:0007631, 0.00761070110701, 0.0201459735186
GO:0007626, 0.00841789667897, 0.0210447416974
GO:0019226, 0.010147601476, 0.0240337929695
GO:0007267, 0.0118773062731, 0.0267239391144
GO:0009628, 0.0127998154982, 0.0274281760675
GO:0040029, 0.0159132841328, 0.0315859136852
GO:0010646, 0.0161439114391, 0.0315859136852
GO:0046903, 0.0171817343173, 0.032215751845
GO:0048523, 0.0189114391144, 0.0339288248652
GO:0006259, 0.0196033210332, 0.0339288248652
GO:0030001, 0.0252536900369, 0.0420894833948
ROWS: 3493 8173 14733
COLS: 2 4 5 12 24 25 28 37 43 63 66 67 75 76 88 91 101
ROWS: 512 12082 21290
COLS: 0 5 7 13 17 18 19 22 34 43 50 65 77 86 113 117 118
ROWS: 2981 15660 22159
COLS: 8 9 13 20 33 37 38 48 55 75 76 83 86 95 106 110 111
ROWS: 26 11265 22485
COLS: 4 6 12 13 14 24 29 35 36 38 39 43 66 80 82 84 93
ROWS: 3991 4862 10368
COLS: 13 17 18 29 39 48 58 60 61 63 68 73 86 102 107 114 119
ROWS: 9253 11629 13773
COLS: 14 31 34 37 38 42 55 62 63 68 78 82 85 86 94 105 119
ROWS: 6931 7607 11550
COLS: 0 15 16 21 23 28 40 50 64 76 78 84 86 88 91 113 118
ROWS: 2523 18676 18765
COLS: 10 17 18 43 45 52 55 62 67 70 83 87 94 97 100 107 120
GO:0033564, 0.00103758350953, 0.0352778393242
ROWS: 2530 4319 11880
COLS: 5 9 14 16 17 18 43 47 49 52 55 63 83 87 105 120 121
ROWS: 3108 3533 9959
COLS: 15 25 37 47 55 60 68 70 71 74 77 82 83 87 90 97 109
GO:0006916, 0.000691881918819, 0.0312884378844
GO:0017148, 0.0012684501845, 0.0312884378844
GO:0051248, 0.0012684501845, 0.0312884378844
GO:0043069, 0.00219095940959, 0.0383994464945
GO:0051729, 0.00311346863469, 0.0383994464945
GO:0060184, 0.00311346863469, 0.0383994464945
GO:0042981, 0.00392066420664, 0.039466097786
GO:0032268, 0.00426660516605, 0.039466097786
GO:0016071, 0.00495848708487, 0.0401060885609
GO:0010941, 0.00541974169742, 0.0401060885609
ROWS: 4304 12106 20555
COLS: 9 16 19 21 25 29 36 45 46 60 67 84 85 89 97 114 120
ROWS: 8568 10409 13493
COLS: 4 11 12 14 15 25 35 46 57 62 65 66 75 76 85 112 122
ROWS: 10708 12673 16774
COLS: 2 4 5 7 9 13 23 26 30 36 42 45 64 69 85 120 121
ROWS: 11533 11709 15442
COLS: 0 5 7 12 15 16 36 38 70 74 80 83 85 106 110 119 120
ROWS: 17959 19000 22577
COLS: 3 12 15 17 18 20 22 27 63 67 77 78 80 87 118 119 122
ROWS: 3479 8615 10384
COLS: 1 4 11 16 18 25 30 36 41 47 68 82 96 102 112 115 121
ROWS: 5089 7214 16585
COLS: 3 7 11 14 22 23 31 33 38 62 64 76 87 90 93 121
ROWS: 7429 21571 22059
COLS: 1 11 12 16 22 31 41 47 67 79 86 87 98 110 111 114
GO:0006835, 0.00103782287823, 0.00415129151291
GO:0015849, 0.00299815498155, 0.0059963099631
ROWS: 4411 5303 21884
COLS: 1 9 10 18 19 22 29 33 35 72 74 76 112 115 119 121
GO:0030259, 0.00761070110701, 0.0380535055351
ROWS: 2972 9231 16282
COLS: 4 6 13 29 36 40 54 62 67 73 79 84 93 104 115 120
GO:0016246, 0.000162378007704, 0.0059963099631
GO:0016441, 0.00017434690262, 0.0059963099631
GO:0031047, 0.00017434690262, 0.0059963099631
GO:0007500, 0.000230627306273, 0.0059963099631
GO:0010629, 0.00038659530581, 0.00793191964903
GO:0009892, 0.000457610748983, 0.00793191964903
GO:0043282, 0.00115287055592, 0.0159855496606
GO:0009954, 0.00138336487447, 0.0159855496606
GO:0010085, 0.00138336487447, 0.0159855496606
GO:0009786, 0.00184427371895, 0.019180446677
GO:0048333, 0.00207468824486, 0.0196152343151
GO:0016055, 0.00437737063912, 0.0324094518836
GO:0042659, 0.00437737063912, 0.0324094518836
GO:0048332, 0.00437737063912, 0.0324094518836
GO:0009798, 0.00483758794744, 0.0324094518836
GO:0009880, 0.00506765670528, 0.0324094518836
GO:0060795, 0.00529769886558, 0.0324094518836
GO:0048565, 0.00828582657295, 0.0478736646437
ROWS: 1711 4839 6736 16740 17178 20317
COLS: 23 29 42 47 55 74 75 119
ROWS: 18344 18705 21506
COLS: 3 5 6 21 23 37 46 56 72 77 81 88 90 91 103 121
ROWS: 16781 16982 18808
COLS: 7 12 18 20 22 47 59 63 64 67 85 91 96 102 110 116
ROWS: 1938 2754 8029
COLS: 1 2 11 21 26 30 38 44 51 55 62 79 82 85 101 118
ROWS: 6576 13329 13645
COLS: 2 3 8 14 18 22 23 35 37 40 66 82 90 92 95 98
ROWS: 463 4690 7882
COLS: 1 7 21 28 31 32 48 52 54 76 78 84 91 95 103 112
ROWS: 2022 3841 15208
COLS: 18 32 33 38 45 50 60 74 75 80 85 87 89 102 104 109
ROWS: 10761 20849 21683
COLS: 0 7 26 27 37 42 55 66 68 72 76 80 86 100 119 120
GO:0018107, 0.000461228015002, 0.0161429805251
GO:0007156, 0.0029960803731, 0.0362881932756
GO:0045167, 0.00391704694062, 0.0362881932756
GO:0018193, 0.00414722208864, 0.0362881932756
GO:0030010, 0.00805613018072, 0.0471695478545
GO:0008356, 0.00828582657295, 0.0471695478545
GO:0006979, 0.0094339095709, 0.0471695478545
ROWS: 5230 9539 15020
COLS: 9 14 17 20 23 27 30 32 34 35 45 60 64 65 70 121
GO:0046488, 0.000576568265683, 0.0034594095941
GO:0006650, 0.00380535055351, 0.0114160516605
GO:0019637, 0.0085332103321, 0.0170664206642
GO:0044255, 0.0249077490775, 0.0373616236162
ROWS: 12305 12827 15985
COLS: 7 10 14 18 20 39 40 69 75 76 80 83 84 90 92 117
ROWS: 12811 13101 17565
COLS: 0 10 29 31 45 54 62 63 67 76 84 87 108 110 111 122
ROWS: 13936 15918 16933
COLS: 13 14 15 38 39 43 51 59 70 76 79 88 89 91 102 117
ROWS: 6778 10113 12727
COLS: 4 13 14 18 25 34 42 47 54 62 67 69 80 94 110 113
ROWS: 5294 10000 22200
COLS: 0 3 5 6 7 10 11 14 18 42 55 61 63 87 112 117
GO:0007188, 0.000807195571956, 0.015221402214
GO:0019935, 0.000922509225092, 0.015221402214
ROWS: 3155 13532 21502
COLS: 0 4 6 9 12 15 45 52 65 66 67 85 86 92 94 109
ROWS: 970 7390 21971
COLS: 6 7 9 10 11 14 16 18 43 49 63 65 66 80 96 104
ROWS: 9101 16151 19917
COLS: 9 14 20 25 28 30 32 33 34 39 60 62 64 85 87 99
ROWS: 8878 19426 21555
COLS: 2 7 8 9 16 21 33 45 50 54 60 63 66 70 79
ROWS: 780 6941 14510
COLS: 1 9 11 16 20 21 26 27 39 46 50 56 67 70 86
ROWS: 6659 12002 13467
COLS: 3 8 14 23 27 45 54 55 60 61 87 100 106 110 120
ROWS: 5575 7255 17578
COLS: 10 15 25 27 28 47 57 72 74 79 82 83 86 103 119
ROWS: 9175 18871 20373
COLS: 0 2 4 7 9 23 25 28 31 52 66 76 85 89 106
GO:0046654, 0.000230627306273, 0.00945353855857
GO:0042438, 0.000461228015002, 0.00945353855857
GO:0019748, 0.000922349639827, 0.00945353855857
GO:0042416, 0.000922349639827, 0.00945353855857
GO:0006584, 0.00115287055592, 0.00945353855857
GO:0006760, 0.00184427371895, 0.0122839295297
GO:0042440, 0.00253543750407, 0.0122839295297
GO:0019438, 0.00276577223736, 0.0122839295297
GO:0042401, 0.00276577223736, 0.0122839295297
GO:0042558, 0.0029960803731, 0.0122839295297
GO:0034607, 0.00368684519506, 0.0137418775452
GO:0018130, 0.00644751070392, 0.0210912189503
GO:0006575, 0.00782640719095, 0.0210912189503
GO:0009108, 0.00782640719095, 0.0210912189503
GO:0018958, 0.00851549636763, 0.0210912189503
GO:0034311, 0.00851549636763, 0.0210912189503
GO:0007617, 0.00874513956476, 0.0210912189503
GO:0030259, 0.0151643504816, 0.0345410205414
GO:0007626, 0.0167658950116, 0.036179036604
GO:0051704, 0.0192799746876, 0.0395239481097
ROWS: 4940 12641 13598
COLS: 0 1 2 7 10 11 15 18 30 49 51 60 61 95 99
GO:0031987, 0.000576568265683, 0.00749538745387
GO:0042493, 0.00161439114391, 0.0104935424354
GO:0043051, 0.00380535055351, 0.0164898523985
GO:0042755, 0.00645756457565, 0.0209870848708
GO:0050795, 0.00807195571956, 0.0209870848708
GO:0040017, 0.0176429889299, 0.0382264760148
ROWS: 4856 9181 10647
COLS: 28 29 32 33 52 55 56 82 85 93 94 108 110 121 122
ROWS: 4343 5983 11034
COLS: 0 1 11 21 25 33 37 39 44 47 48 56 76 90 116
ROWS: 14054 15301 20251
COLS: 6 10 24 33 35 40 44 51 55 63 77 80 82 85 98
ROWS: 4395 8210 18665
COLS: 8 11 18 21 30 47 48 56 70 95 98 104 110 119 121
ROWS: 14535 15967 21497
COLS: 6 7 9 13 14 17 19 25 52 57 65 67 72 101 110
GO:0001682, 0.000230627306273, 0.0129151291513
ROWS: 4843 13969 13972
COLS: 1 3 21 22 25 42 48 62 68 74 77 78 82 114 119
ROWS: 671 6741 12167
COLS: 7 9 12 15 21 25 29 40 64 85 107 108 110 113 115
GO:0006974, 0.0168357933579, 0.0366697416974
GO:0051716, 0.0244464944649, 0.0366697416974
GO:0006950, 0.044741697417, 0.044741697417
ROWS: 6956 13688 16572
COLS: 9 26 28 38 42 52 55 67 79 81 86 87 92 104 122
ROWS: 8311 16961 18075
COLS: 3 12 21 23 51 53 78 80 96 97 101 102 107 116 122
GO:0006904, 0.00138376383764, 0.0119926199262
GO:0022406, 0.00149907749077, 0.0119926199262
ROWS: 606 1457 10637
COLS: 13 21 28 32 33 37 40 44 48 67 73 87 90 102 118
ROWS: 4449 9004 20479
COLS: 9 19 25 30 31 32 38 43 49 54 71 74 77 78 107
ROWS: 1022 2374 2822
COLS: 2 3 19 20 21 23 25 37 52 72 83 95 96 99 104
GO:0030104, 0.00138336487447, 0.0322487244882
GO:0006874, 0.00161383259548, 0.0322487244882
GO:0055065, 0.00207468824486, 0.0322487244882
GO:0055066, 0.0029960803731, 0.0322487244882
GO:0030003, 0.0032263619113, 0.0322487244882
GO:0030968, 0.00345661685195, 0.0322487244882
GO:0006986, 0.00391704694062, 0.0322487244882
GO:0071216, 0.00414722208864, 0.0322487244882
GO:0071445, 0.00414722208864, 0.0322487244882
GO:0006816, 0.00506765670528, 0.0322487244882
GO:0055082, 0.00506765670528, 0.0322487244882
GO:0006898, 0.00569679501719, 0.033231304267
GO:0010324, 0.00637750596743, 0.0332971664359
GO:0061024, 0.00680817340407, 0.0332971664359
GO:0050801, 0.00759665760364, 0.0332971664359
GO:0016192, 0.00761078089964, 0.0332971664359
GO:0015674, 0.00897475616435, 0.0364477347952
GO:0070887, 0.0094339095709, 0.0364477347952
GO:0010033, 0.00989295658728, 0.0364477347952
GO:0006754, 0.013790560723, 0.0460650122904
GO:0009145, 0.0144775752913, 0.0460650122904
GO:0009201, 0.0144775752913, 0.0460650122904
GO:0009152, 0.0163084438479, 0.0496343943197
ROWS: 11691 13898 14812
COLS: 2 5 6 16 27 30 35 39 49 66 84 88 107 116 121
GO:0006694, 0.00172970479705, 0.0103782287823
ROWS: 17312 18890 20691
COLS: 1 6 19 22 25 26 51 52 63 67 78 97 116 118 122
ROWS: 984 1284 12948
COLS: 3 8 27 30 47 50 58 65 67 74 97 104 110 113
GO:0034976, 0.00196033210332, 0.0123550342646
GO:0033674, 0.00207564575646, 0.0123550342646
GO:0010038, 0.00242158671587, 0.0123550342646
GO:0051338, 0.00276752767528, 0.0123550342646
GO:0043085, 0.00311346863469, 0.0123550342646
GO:0042325, 0.00322878228782, 0.0123550342646
GO:0051174, 0.0034594095941, 0.0123550342646
GO:0065009, 0.00841789667897, 0.0263059271218
ROWS: 4429 11498 11621
COLS: 0 7 10 15 21 24 26 36 48 67 73 82 89 94
ROWS: 4386 7753 13745
COLS: 17 20 21 23 25 32 33 62 74 78 86 93 94 102
ROWS: 509 12480 17703
COLS: 20 21 37 55 65 66 82 84 85 90 91 97 118 119
ROWS: 8085 11757 21740
COLS: 3 9 12 18 36 37 48 74 82 84 91 106 108 122
ROWS: 7712 16408 17910
COLS: 11 12 21 35 38 39 53 65 69 70 76 93 94 111
ROWS: 305 1449 5732
COLS: 3 17 26 27 31 34 41 75 85 104 108 112 113 122
ROWS: 9045 14979 19625
COLS: 20 22 29 46 52 55 65 67 96 100 104 115 116 122
ROWS: 7453 15257 15527
COLS: 19 43 52 58 59 60 72 74 76 94 97 104 107 110
ROWS: 9936 16625 20885
COLS: 19 25 34 37 50 57 65 66 67 79 105 107 108 114
GO:0009877, 0.000461228015002, 0.0124502838703
GO:0002098, 0.00138336487447, 0.0124502838703
GO:0009312, 0.00138336487447, 0.0124502838703
GO:0044419, 0.00138336487447, 0.0124502838703
GO:0006400, 0.00391704694062, 0.0235022816437
GO:0006479, 0.00391704694062, 0.0235022816437
GO:0032259, 0.0094339095709, 0.0485172492218
ROWS: 5384 13416 13679
COLS: 4 6 16 21 24 25 41 48 53 63 66 67 92 118
GO:0045454, 0.00691881918819, 0.0484317343173
ROWS: 3290 13874 16436
COLS: 4 13 19 20 26 33 34 35 38 53 56 64 82 121
ROWS: 17 1367 17885
COLS: 6 11 26 27 44 47 48 56 57 58 67 80 84 94
GO:0007414, 0.000230627306273, 0.0168357933579
ROWS: 8325 14266 16666
COLS: 0 4 23 30 32 40 49 51 70 77 97 100 111 112
ROWS: 1678 2123 4467
COLS: 7 8 18 34 35 39 42 65 82 86 106 107 111 119
GO:0007258, 0.000230627306273, 0.00742619926199
GO:0007140, 0.00034594095941, 0.00742619926199
GO:0031098, 0.000691881918819, 0.00742619926199
GO:0046688, 0.000691881918819, 0.00742619926199
GO:0046686, 0.000807195571956, 0.00742619926199
GO:0001556, 0.0012684501845, 0.00825133251333
GO:0021700, 0.00149907749077, 0.00825133251333
GO:0000165, 0.00161439114391, 0.00825133251333
GO:0007143, 0.00161439114391, 0.00825133251333
GO:0034976, 0.00196033210332, 0.00901752767528
GO:0023014, 0.002536900369, 0.0106088560886
GO:0010035, 0.00322878228782, 0.01237699877
GO:0009994, 0.00415129151292, 0.0146891853534
GO:0007281, 0.0104935424354, 0.0344787822878
GO:0007292, 0.0147601476015, 0.0452644526445
ROWS: 1641 17585 18429
COLS: 9 16 20 21 24 27 44 54 70 72 89 92 109 110
ROWS: 2684 4662 4733
COLS: 6 14 15 20 34 36 38 61 64 87 97 99 101 112
GO:0032313, 0.00437737063912, 0.0304360279648
GO:0033121, 0.00713707863638, 0.0304360279648
GO:0043087, 0.00713707863638, 0.0304360279648
GO:0031329, 0.00736688141879, 0.0304360279648
GO:0006184, 0.00759665760364, 0.0304360279648
GO:0009146, 0.00759665760364, 0.0304360279648
GO:0009203, 0.00759665760364, 0.0304360279648
GO:0006140, 0.00782640719095, 0.0304360279648
GO:0009154, 0.00782640719095, 0.0304360279648
GO:0009166, 0.00874513956476, 0.0306079884767
GO:0034655, 0.00989295658728, 0.0314775891413
GO:0046700, 0.0144775752913, 0.0364514911151
GO:0050790, 0.0149354520157, 0.0364514911151
GO:0030259, 0.0151643504816, 0.0364514911151
GO:0046578, 0.0156220676207, 0.0364514911151
GO:0009966, 0.0215627089237, 0.0441167149714
GO:0009205, 0.0224750578869, 0.0441167149714
GO:0009141, 0.0227030786338, 0.0441167149714
GO:0009259, 0.0252095514122, 0.0441167149714
GO:0044282, 0.0252095514122, 0.0441167149714
GO:0006163, 0.0295313331838, 0.0477045211879
GO:0035466, 0.0299856990324, 0.0477045211879
ROWS: 13536 13886 19361
COLS: 5 6 10 17 19 26 37 50 52 69 83 89 101 110
ROWS: 1424 2726 15023
COLS: 6 24 30 31 34 39 40 76 80 97 99 114 115
ROWS: 7605 17016 18562
COLS: 10 22 27 31 44 62 73 84 88 92 102 106 108
ROWS: 14054 17565 20251
COLS: 6 8 14 22 28 31 70 77 80 98 104 110 114
ROWS: 16432 19406 20813
COLS: 1 5 8 11 15 18 32 34 35 80 83 84 85
ROWS: 1036 4404 13255
COLS: 11 20 37 41 51 55 57 62 66 98 101 107 121
GO:0006465, 0.000461254612546, 0.0142988929889
GO:0016485, 0.00149907749077, 0.023235701107
ROWS: 7591 10024 10190
COLS: 0 10 14 21 29 48 66 67 77 82 89 96 116
ROWS: 15096 20398 21336
COLS: 0 9 26 40 47 64 72 74 83 87 119 120 122
ROWS: 7592 12127 16681
COLS: 14 30 32 44 46 66 90 95 100 112 118 119
ROWS: 5759 12643 20666
COLS: 0 19 21 49 65 66 82 85 87 100 103 120
GO:0007213, 0.000461254612546, 0.00524677121771
GO:0001508, 0.000807195571956, 0.00524677121771
GO:0006873, 0.00242158671587, 0.0104935424354
GO:0043051, 0.00380535055351, 0.0122924354244
GO:0048878, 0.0047278597786, 0.0122924354244
GO:0042755, 0.00645756457565, 0.0139913899139
GO:0050795, 0.00807195571956, 0.0149907749077
GO:0019725, 0.0110701107011, 0.0179889298893
GO:0065008, 0.0314806273063, 0.0454720172202
ROWS: 465 9483 20893
COLS: 0 7 8 23 27 47 55 63 74 93 114 119
ROWS: 873 6312 12521
COLS: 3 4 12 29 35 36 42 48 78 91 94 121
ROWS: 11246 11425 17849
COLS: 5 19 26 27 35 38 52 54 70 85 92 107
ROWS: 1076 5968 8574
COLS: 3 8 9 25 31 32 35 53 67 78 88 113
ROWS: 12455 14982 18824
COLS: 22 31 38 40 42 61 68 77 82 95 111 121
ROWS: 720 13474 18992
COLS: 2 3 7 10 12 27 45 65 68 77 78
ROWS: 10727 14786 17619
COLS: 2 4 20 49 52 55 66 72 76 90 118
ROWS: 6276 13876 20973
COLS: 2 28 39 54 59 78 84 88 96 103 110
GO:0050830, 0.000230627306273, 0.00336331488315
GO:0045089, 0.00034594095941, 0.00336331488315
GO:0002684, 0.000461254612546, 0.00336331488315
GO:0031347, 0.000461254612546, 0.00336331488315
GO:0048584, 0.000576568265683, 0.00336331488315
GO:0050776, 0.000576568265683, 0.00336331488315
GO:0050829, 0.00149907749077, 0.00749538745387
GO:0009103, 0.00196033210332, 0.00762351373514
GO:0009617, 0.00196033210332, 0.00762351373514
GO:0007243, 0.002536900369, 0.00887915129151
GO:0044264, 0.00403597785978, 0.0124442650677
GO:0000271, 0.00426660516605, 0.0124442650677
GO:0034637, 0.0047278597786, 0.0127288532501
GO:0009607, 0.00553505535055, 0.0138376383764
GO:0051704, 0.00968634686347, 0.0226014760148
ROWS: 568 4343 16287
COLS: 8 11 19 31 35 58 78 87 97 113 120
ROWS: 5588 8180 13745
COLS: 37 39 40 71 80 84 95 106 111 117 118
GO:0006548, 0.00345661685195, 0.0259246263896
GO:0009075, 0.00345661685195, 0.0259246263896
GO:0009063, 0.00644751070392, 0.0302104881777
GO:0016054, 0.00805613018072, 0.0302104881777
ROWS: 8457 13535 21587
COLS: 8 25 26 43 47 50 53 58 96 120
ROWS: 8889 15937 19530
COLS: 2 25 41 55 58 76 98 112 121
ROWS: 1821 12186 12232 18988 21336
COLS: 27 53 86 89 99
ROWS: 6862 12129 20637
COLS: 16 20 34 43 75 96 111 120
GO:0042759, 0.000230627306273, 0.00576568265682
ROWS: 6262 8804 10653
COLS: 4 10 12 19 21 26 67 111
ROWS: 6544 12229 17597
COLS: 12 15 16 23 24 27 45 76
ROWS: 2471 2860 4021
COLS: 0 19 25 49 70 91 104
GO:0009949, 0.00161383259548, 0.0314820236773
GO:0006468, 0.00214378866485, 0.0314820236773
GO:0045167, 0.00391704694062, 0.0314820236773
GO:0006796, 0.00482753407571, 0.0314820236773
GO:0009798, 0.00483758794744, 0.0314820236773
GO:0009880, 0.00506765670528, 0.0314820236773
GO:0009952, 0.00598766576122, 0.0314820236773
GO:0006464, 0.00599657593854, 0.0314820236773
GO:0030010, 0.00805613018072, 0.0375952741767
ROWS: 90 555 4776
COLS: 3 7 8 10 69 107 118
ROWS: 13656 13880 16324
COLS: 15 17 19 38 49 98 114
GO:0006680, 0.000461228015002, 0.00691802126187
GO:0006677, 0.000691802126187, 0.00691802126187
GO:0019377, 0.000691802126187, 0.00691802126187
GO:0046514, 0.000691802126187, 0.00691802126187
GO:0006687, 0.000922349639827, 0.00737879711862
GO:0030149, 0.00161383259548, 0.0107588839699
GO:0046519, 0.0029960803731, 0.0171204592748
GO:0044242, 0.00345661685195, 0.0172830842597
GO:0006643, 0.00483758794744, 0.0215003908775
GO:0032880, 0.00575770339355, 0.0230308135742
ROWS: 13459 15107 18326
COLS: 4 27 35 53 56 95 117
ROWS: 996 8481 14002
COLS: 18 35 45 93 107 113 121
GO:0048755, 0.000115313653137, 0.00161439114391
GO:0008039, 0.00034594095941, 0.00242158671587
GO:0050808, 0.002536900369, 0.0118388683887
GO:0008037, 0.00899446494465, 0.0314806273063
GO:0007267, 0.0118773062731, 0.0332564575646
GO:0048666, 0.0201798892989, 0.0452029520295
GO:0048699, 0.0226014760148, 0.0452029520295
ROWS: 949 1255 12216
COLS: 6 8 10 14 17 106
ROWS: 14191 14898 22219
COLS: 1 32 34 65 94 104
GO:0051446, 0.00034594095941, 0.0144142066421
GO:0045836, 0.000576568265683, 0.0144142066421
GO:0001556, 0.0012684501845, 0.0187384686347
GO:0021700, 0.00149907749077, 0.0187384686347
GO:0009994, 0.00415129151292, 0.0339534645346
GO:0010564, 0.00461254612546, 0.0339534645346
GO:0035046, 0.00541974169742, 0.0339534645346
GO:0040023, 0.0059963099631, 0.0339534645346
GO:0009566, 0.00611162361624, 0.0339534645346
GO:0007067, 0.00980166051661, 0.0388222632226
GO:0048285, 0.0100322878229, 0.0388222632226
GO:0007281, 0.0104935424354, 0.0388222632226
GO:0051640, 0.0108394833948, 0.0388222632226
GO:0040002, 0.0114160516605, 0.0388222632226
GO:0042335, 0.0116466789668, 0.0388222632226
GO:0007292, 0.0147601476015, 0.0461254612546
ROWS: 5424 9353 10748
COLS: 2 12 62 71 104 111
ROWS: 2135 8773 16848
COLS: 7 14 21 79 93 104
ROWS: 5813 9939 16514
COLS: 14 23 28 41 45 80
GO:0006836, 0.00495848708487, 0.0148754612546
ROWS: 8317 19572 22218
COLS: 17 83 88 110 114
ROWS: 1351 7206 19968
COLS: 10 20 35 45 86
ROWS: 13572 17538 22417
COLS: 3 9 39 83
GO:0030972, 0.00034594095941, 0.0103782287823
GO:0008272, 0.00311059687298, 0.0466589530948
ROWS: 12369 12992 16429 21933
COLS: 25 34 87
GO:0044254, 0.000922349639827, 0.0348406963694
GO:0045116, 0.00138328511866, 0.0348406963694
GO:0030953, 0.00184406108584, 0.0348406963694
GO:0044259, 0.00184406108584, 0.0348406963694
GO:0009252, 0.00230467757819, 0.0348406963694
GO:0010382, 0.00230467757819, 0.0348406963694
GO:0042546, 0.00230467757819, 0.0348406963694
GO:0070589, 0.00230467757819, 0.0348406963694
GO:0006023, 0.00276513463249, 0.0348406963694
GO:0007586, 0.00276513463249, 0.0348406963694
ROWS: 2508 9769 15180
COLS: 33 45 96 102
ROWS: 2394 10546 17250
COLS: 0 13 85
ROWS: 423 11628 17534
COLS: 81 117 122
ROWS: 4644 5813 15406
COLS: 30 62 68
ROWS: 692 14265 14640
COLS: 18 42 95
