ROWS: 0 4 42 56 60 102 112 139 155 162 232 245 249 286 296 348 669 800 895 1018 1136 1149 1150 1203 1232 1276 1314 1321 1358 1394 1408 1415 1421 1426 1447 1465 1466 1503 1507 1539 1589 1642 1653 1689 1723 1755 1763 1765 1767 1782 1790 1796 1810 1827 1828 1836 1849 1866 1868 1872 1918 1931 1943 1951 1972 1977 1990 1999 2012 2025 2033 2041 2073 2084 2086 2110 2127 2140 2153 2173 2174 2189 2194 2217 2231 2232 2233 2252 2263 2265 2328 2333 2342 2362 2369 2411 2415 2425 2428 2431 2466 2477 2548 2576 2597 2713 2766 2767 2792 2832 2863 2924 2946 2995 3029 3039 3047 3052 3062 3157 3184 3244 3245 3247 3259 3297 3298 3299 3336 3354 3424 3428 3430 3511 3539 3548 3556 3576 3584 3595 3603 3604 3615 3618 3661 3682 3697 3698 3751 3797 3805 3816 3829 3831 3845 3853 3858 3905 3949 4033 4034 4088 4090 4092 4093 4132 4235 4252 4261 4323 4332 4432 4523 4538 4668 4688 4710 4764 4779 4800 4849 4856 4872 4897 4905 4918 4950 4983 5016 5036 5082 5087 5113 5220 5299 5338 5387 5448 5544 5545 5600 5657 5682 5702 5703 5826 5882 5908 5964 6006 6021 6048 6054 6074 6095 6199 6215 6229 6230 6246 6266 6291 6298 6336 6339 6420 6491 6501 6551 6581 6718 6775 6815 6848 6852 6873 6904 6905 6928 7005 7012 7026 7048 7066 7086 7110 7113 7115 7119 7175 7191 7222 7231 7250 7312 7319 7321 7332 7341 7342 7362 7426 7580 7617 7691 7716 7730 7736 7765 7795 7851 7856 7883 7884 7901 7903 7959 7981 8006 8025 8047 8121 8211 8296 8308 8318 8327 8348 8353 8367 8371 8397 8398 8421 8505 8511 8526 8534 8579 8604 8607 8629 8649 8696 8703 8713 8783 8906 8964 8975 9015 9284 9361 9459 9477 9492 9501 9545 9571 9579 9582 9612 9640 9644 9697 9703 9779 9786 9803 9823 9858 9901 9927 9970 9988 10049 10052 10065 10092 10093 10096 10122 10138 10189 10191 10220 10238 10246 10359 10369 10443 10468 10491 10520 10597 10598 10702 10709 10720 10742 10794 10820 10828 10884 10948 10960 10977 11009 11068 11077 11089 11122 11149 11156 11195 11202 11241 11318 11354 11385 11463 11474 11516 11571 11577 11681 11737 11808 11816 11833 11842 11895 11900 11914 11939 11950 11968 12110 12169 12171 12178 12205 12238 12321 12342 12355 12363 12377 12420 12509 12549 12556 12674 12675 12751 12815 12828 12848 12851 12866 12885 12889 12943 12947 12982 13002 13017 13035 13038 13056 13060 13147 13185 13199 13221 13223 13240 13260 13315 13346 13482 13490 13508 13531 13540 13582 13593 13594 13599 13605 13656 13707 13738 13739 13750 13763 13798 13803 13850 13851 14006 14019 14077 14136 14161 14162 14245 14257 14262 14314 14394 14428 14469 14480 14527 14599 14600 14615 14643 14718 14746 14805 14825 14883 14885 14913 14954 14964 14967 14991 15015 15032 15042 15046 15047 15060 15082 15105 15109 15147 15154 15170 15232 15238 15255 15290 15319 15359 15372 15451 15453 15465 15468 15480 15488 15492 15493 15509 15510 15554 15556 15572 15616 15625 15626 15637 15675 15716 15733 15746 15795 15798 15804 15821 15836 15838 15863 15868 15887 15900 15958 16019 16050 16058 16079 16191 16259 16260 16262 16263 16279 16292 16302 16321 16357 16382 16387 16389 16425 16426 16427 16444 16453 16502 16516 16517 16533 16542 16569 16635 16667 16695 16704 16709 16841 16857 16870 16886 16896 16897 16911 16930 16935 16949 16959 17020 17040 17041 17057 17122 17134 17152 17211 17264 17274 17344 17350 17413 17438 17450 17485 17503 17546 17549 17553 17631 17668 17676 17707 17747 17810 17839 17892 17906 17932 17933 17939 17976 17996 18030 18035 18059 18099 18147 18156 18199 18325 18332 18387 18392 18400 18426 18439 18454 18496 18504 18509 18531 18617 18621 18685 18700 18715 18732 18736 18761 18763 18768 18855 18893 18894 18935 18958 18970 19016 19045 19053 19100 19120 19149 19171 19195 19218 19223 19266 19296 19308 19320 19327 19342 19379 19475 19483 19492 19507 19523 19533 19535 19539 19624 19734 19738 19766 19774 19775 19784 19808 19824 19828 19844 19900 19935 19963 19997 20013 20016 20041 20069 20092 20131 20148 20166 20204 20282 20319 20359 20361 20365 20383 20405 20421 20430 20458 20460 20483 20497 20514 20516 20521 20540 20577 20610 20626 20627 20628 20631 20632 20641 20661 20676 20689 20701 20703 20704 20744 20751 20757 20794 20814 20816 20864 20869 20880 20886 20951 20952 20969 20972 20991 21003 21004 21022 21058 21106 21110 21127 21128 21130 21141 21142 21154 21156 21165 21177 21190 21228 21310 21312 21319 21328 21334 21337 21350 21352 21354 21355 21379 21439 21458 21466 21471 21480 21491 21496 21500 21505 21521 21544 21606 21618 21652 21671 21686 21687 21708 21718 21736 21751 21770 21786 21813 21824 21827 21858 21892 21925 21952 21976 21986 22024 22051 22093 22096 22140 22159 22162 22185 22186 22239 22240 22256 22287 22298 22338 22360 22371 22456 22493 22495 22497 22499 22500 22522
COLS: 0 1 2 3 4 5 6 7 8 9 12 34 35 37 38 39 40 41 61 62 63 64 65 66 67 96 97 101 102
GO:0009792, 5.20049144122e-18, 5.91295876866e-15
GO:0007275, 9.41909328114e-15, 5.35475453033e-12
GO:0030163, 3.23792806507e-12, 1.22717473666e-09
GO:0051603, 9.40829817926e-09, 2.67430875746e-06
GO:0006281, 2.5207437237e-08, 5.73217122769e-06
GO:0009056, 2.90157088044e-07, 5.49847681843e-05
GO:0000279, 6.89393753039e-07, 0.000111977242458
GO:0045132, 3.78647287619e-06, 0.000538152457529
GO:0051321, 5.05350956432e-06, 0.000638426708292
GO:0033554, 4.69365188959e-05, 0.00533668219846
GO:0022402, 7.37734095666e-05, 0.00762548787975
GO:0006511, 0.00010267366711, 0.00897999688493
GO:0043632, 0.00010267366711, 0.00897999688493
GO:0000003, 0.000139797334822, 0.0113535406923
GO:0034599, 0.00017283511293, 0.0131009015601
GO:0044265, 0.000387791717187, 0.0275574489026
GO:0006650, 0.000415417413424, 0.0277840940626
GO:0008629, 0.000560291755536, 0.035391762558
ROWS: 13 17 18 58 62 70 77 78 80 85 104 113 134 177 178 190 192 205 206 236 240 257 274 287 289 291 295 298 303 326 364 403 406 433 539 623 796 797 821 848 858 859 922 927 972 1008 1012 1034 1057 1059 1075 1080 1087 1100 1113 1143 1147 1161 1163 1170 1172 1200 1227 1231 1240 1303 1305 1309 1366 1367 1378 1398 1405 1428 1442 1455 1468 1473 1474 1480 1485 1497 1498 1529 1533 1557 1559 1566 1567 1575 1581 1592 1606 1609 1610 1613 1655 1660 1679 1683 1685 1694 1696 1702 1706 1719 1727 1738 1752 1770 1805 1852 1863 1903 1919 1936 1947 1956 1960 1966 2021 2027 2040 2044 2060 2090 2106 2143 2151 2155 2161 2162 2175 2191 2239 2270 2283 2291 2300 2307 2314 2365 2371 2418 2427 2439 2441 2455 2460 2462 2486 2493 2505 2513 2515 2516 2520 2557 2562 2565 2567 2579 2581 2586 2590 2594 2629 2641 2666 2668 2686 2695 2702 2714 2778 2791 2808 2811 2817 2861 2867 2875 2877 2882 2886 2895 2914 2915 2938 2942 2948 2950 3017 3049 3055 3059 3069 3086 3087 3096 3098 3123 3168 3172 3190 3214 3228 3233 3253 3284 3287 3291 3302 3334 3345 3372 3399 3414 3418 3423 3442 3447 3453 3467 3503 3505 3527 3534 3535 3575 3590 3594 3613 3625 3638 3647 3659 3665 3678 3691 3719 3749 3777 3846 3864 3881 3895 3942 3955 4004 4051 4054 4055 4077 4079 4131 4189 4212 4320 4321 4377 4497 4565 4712 4714 4756 4758 4786 4812 4844 4889 4895 4920 4948 4959 4982 5004 5020 5053 5078 5162 5228 5298 5381 5431 5457 5463 5489 5509 5604 5697 5741 5788 5985 6002 6090 6103 6118 6180 6259 6271 6305 6319 6346 6348 6406 6442 6455 6520 6539 6562 6583 6596 6639 6656 6759 6763 6838 6883 6895 6901 6934 6945 6952 6970 7021 7042 7055 7073 7078 7262 7379 7459 7532 7537 7564 7582 7623 7682 7685 7848 7849 7908 7967 7991 8001 8016 8028 8079 8086 8089 8113 8136 8160 8190 8201 8257 8379 8493 8517 8543 8592 8626 8655 8656 8743 8770 8881 8929 9138 9145 9214 9242 9264 9356 9376 9399 9415 9430 9510 9529 9634 9778 9817 9832 9879 9925 9979 9981 9994 9995 10043 10072 10120 10196 10212 10234 10254 10275 10287 10343 10400 10422 10438 10444 10446 10486 10506 10586 10590 10612 10641 10678 10729 10743 10750 10765 10793 10922 10957 11109 11119 11129 11185 11227 11234 11307 11339 11374 11446 11488 11575 11598 11640 11729 11749 11792 11815 11917 11953 11974 12024 12051 12055 12077 12125 12211 12227 12242 12312 12412 12562 12571 12620 12644 12689 12699 12716 12776 12831 12856 12917 12956 12957 13019 13043 13076 13125 13176 13182 13194 13203 13274 13290 13395 13442 13494 13554 13588 13616 13620 13630 13667 13754 13757 13900 13902 13995 14013 14034 14093 14178 14189 14341 14429 14580 14586 14622 14679 14738 14856 14890 14896 14909 15014 15055 15070 15084 15091 15193 15233 15316 15349 15353 15394 15449 15473 15477 15502 15541 15562 15584 15620 15655 15730 15732 15742 15749 15834 15856 15885 15894 15943 15944 15957 15961 15984 16061 16086 16121 16190 16250 16266 16267 16275 16340 16445 16461 16469 16513 16549 16553 16658 16662 16664 16685 16700 16754 16783 16793 16805 16809 16816 16852 16883 16887 16903 16914 16920 16934 16937 16968 16986 17044 17098 17105 17120 17126 17136 17186 17299 17302 17332 17349 17361 17372 17375 17401 17449 17491 17547 17548 17621 17630 17652 17690 17705 17718 17730 17764 17807 17808 17885 18028 18100 18134 18163 18275 18317 18381 18433 18442 18505 18511 18576 18580 18624 18629 18680 18683 18694 18709 18740 18754 18804 18812 18833 18846 18850 18854 18859 18870 19009 19021 19043 19047 19145 19200 19262 19275 19279 19345 19427 19484 19574 19647 19735 19825 19863 19874 19887 19906 19932 19951 19958 19973 19992 20003 20012 20063 20116 20170 20175 20207 20238 20289 20293 20310 20314 20372 20376 20377 20384 20415 20433 20435 20485 20525 20557 20574 20576 20623 20644 20714 20732 20779 20784 20824 20825 20831 20842 20844 20865 20935 20959 20979 20987 21102 21115 21143 21184 21199 21204 21258 21264 21270 21371 21377 21407 21426 21431 21443 21454 21514 21558 21581 21620 21625 21662 21745 21746 21828 21876 21894 21922 21953 21963 21972 22031 22039 22040 22041 22048 22050 22082 22083 22113 22171 22180 22199 22209 22225 22242 22243 22263 22266 22277 22279 22422 22460 22468 22479 22490 22506 22508 22526 22543
COLS: 0 1 2 3 4 5 6 7 8 9 34 35 36 37 38 39 40 41 61 62 63 64 65 66 67 68 71 95 96 97 98 99 100 101 102
GO:0006412, 1.25780875394e-09, 4.61919859863e-07
GO:0009791, 1.35289831344e-09, 4.61919859863e-07
GO:0048518, 1.36393659408e-09, 4.61919859863e-07
GO:0040010, 9.05258898701e-09, 1.83518445542e-06
GO:0040008, 1.04754748723e-08, 1.83518445542e-06
GO:0002119, 1.08377034769e-08, 1.83518445542e-06
GO:0009059, 1.13407710047e-06, 0.000164603190582
GO:0006333, 2.62260158331e-06, 0.000333070401081
GO:0065007, 1.17728090802e-05, 0.00132901933616
GO:0044249, 1.317833739e-05, 0.00133891907882
GO:0042180, 3.07268287167e-05, 0.00260863407854
GO:0009987, 3.08106387229e-05, 0.00260863407854
GO:0006334, 5.56296358513e-05, 0.00434767000192
GO:0000003, 0.000109350316732, 0.00793570869995
GO:0006082, 0.000153996155133, 0.0104306729077
GO:0051276, 0.000199279074546, 0.0126542212337
GO:0006323, 0.000238952404229, 0.0142809201586
GO:0010171, 0.000323470031897, 0.0182580862449
GO:0042464, 0.000383856115513, 0.0205262007032
GO:0008152, 0.000404196369072, 0.0205331755489
GO:0009792, 0.000590912081763, 0.0285888892891
GO:0019752, 0.000774701365682, 0.0347902680048
GO:0016358, 0.000787574964675, 0.0347902680048
ROWS: 4 41 56 102 108 112 139 162 188 197 213 233 245 249 286 320 894 895 905 1018 1136 1149 1150 1221 1232 1245 1246 1285 1287 1308 1314 1321 1338 1390 1394 1415 1421 1422 1426 1503 1516 1517 1604 1625 1661 1662 1689 1723 1767 1782 1788 1794 1796 1808 1809 1822 1827 1828 1849 1918 1933 1943 1951 1963 1964 1970 1974 1977 1981 1990 1999 2019 2025 2033 2041 2073 2084 2086 2110 2136 2153 2173 2194 2217 2229 2231 2232 2233 2251 2263 2265 2328 2333 2342 2352 2362 2375 2389 2401 2411 2424 2428 2429 2466 2527 2597 2599 2602 2663 2680 2707 2723 2731 2766 2767 2771 2774 2792 2863 2870 2911 2924 2934 2946 2989 2995 3020 3029 3030 3052 3062 3122 3157 3184 3198 3213 3244 3245 3259 3279 3294 3297 3298 3299 3336 3341 3354 3366 3411 3424 3430 3511 3513 3553 3556 3576 3584 3595 3603 3604 3615 3618 3653 3661 3677 3682 3694 3697 3711 3731 3751 3776 3791 3800 3802 3822 3829 3845 3853 3854 3858 3879 3885 3890 3905 3949 3980 4046 4085 4088 4090 4092 4132 4222 4235 4261 4323 4332 4385 4538 4665 4710 4750 4779 4833 4849 4872 4873 4897 4918 4949 4950 4970 5036 5057 5082 5199 5261 5308 5358 5387 5514 5544 5600 5652 5682 5702 5724 5752 5778 5904 5929 6015 6019 6021 6048 6050 6074 6177 6199 6215 6229 6230 6246 6266 6291 6339 6350 6420 6620 6633 6750 6775 6814 6815 6848 6852 6870 6884 6904 6905 6928 7005 7007 7012 7027 7048 7066 7086 7110 7113 7115 7175 7191 7212 7231 7297 7312 7319 7332 7341 7342 7345 7362 7426 7553 7600 7665 7716 7765 7795 7856 7883 7903 7917 7981 8211 8270 8304 8308 8353 8367 8371 8381 8397 8421 8505 8511 8526 8550 8558 8607 8649 8696 8703 8713 8783 8831 8885 8906 8976 9015 9256 9284 9361 9545 9582 9592 9644 9653 9678 9697 9754 9774 9803 9858 9901 9924 9927 9970 9988 10049 10052 10057 10065 10092 10093 10104 10118 10220 10238 10246 10323 10453 10468 10491 10592 10597 10702 10704 10709 10720 10794 10820 10828 10884 10948 10960 11018 11068 11089 11114 11149 11156 11202 11214 11304 11385 11463 11474 11570 11571 11681 11699 11737 11808 11809 11861 11895 11900 11914 11968 11988 12110 12184 12205 12238 12272 12276 12355 12363 12473 12507 12514 12528 12549 12568 12601 12712 12769 12851 12873 12889 12947 12982 13056 13060 13069 13147 13185 13223 13260 13315 13508 13580 13582 13593 13594 13605 13684 13740 13750 13803 13851 13870 13901 14077 14136 14223 14257 14278 14314 14426 14428 14430 14467 14483 14503 14527 14600 14613 14615 14718 14740 14746 14754 14800 14825 14913 14964 14967 14984 14997 15030 15032 15042 15047 15082 15105 15147 15154 15170 15194 15222 15232 15255 15290 15319 15357 15372 15380 15441 15457 15468 15492 15493 15510 15526 15551 15556 15565 15569 15572 15626 15675 15695 15706 15733 15737 15795 15805 15821 15836 15845 15887 15919 15920 15958 16015 16019 16050 16074 16153 16219 16254 16262 16279 16302 16304 16382 16389 16425 16426 16444 16453 16495 16502 16516 16533 16542 16548 16554 16569 16635 16695 16740 16785 16786 16857 16886 16897 16905 16911 16918 16930 16949 16959 17020 17040 17041 17049 17057 17122 17134 17152 17178 17274 17344 17395 17413 17438 17445 17485 17503 17549 17601 17643 17675 17676 17698 17707 17740 17747 17789 17890 17933 17934 17939 17979 17996 18013 18030 18035 18059 18081 18140 18147 18156 18187 18268 18325 18332 18336 18387 18392 18400 18420 18439 18444 18454 18496 18504 18509 18526 18531 18617 18621 18685 18700 18715 18721 18736 18763 18785 18958 19016 19045 19053 19100 19120 19195 19223 19296 19350 19475 19488 19492 19516 19533 19535 19624 19683 19734 19766 19775 19824 19828 19844 19880 19921 19963 20131 20133 20163 20166 20282 20316 20319 20359 20383 20405 20430 20460 20483 20514 20516 20521 20523 20547 20577 20581 20610 20615 20626 20627 20631 20632 20657 20670 20703 20704 20737 20751 20794 20807 20814 20833 20869 20880 20906 20951 20953 20969 20991 21004 21044 21058 21110 21127 21128 21130 21142 21154 21170 21177 21196 21310 21312 21319 21328 21337 21344 21352 21387 21406 21439 21471 21480 21496 21500 21505 21521 21544 21562 21578 21590 21628 21666 21687 21708 21718 21736 21764 21824 21830 21892 21924 21925 22010 22051 22065 22140 22162 22186 22203 22215 22223 22239 22256 22287 22297 22298 22328 22338 22356 22360 22362 22371 22456 22471 22493 22495 22499 22500 22522
COLS: 27 28 29 30 31 32 33 49 50 51 52 53 54 55 56 57 58 59 60 82 83 84 85 86 87 88 89 90 91 92 93 94 114 115 116 117 118 119 120 121 122
GO:0009792, 6.07208017798e-20, 6.39997250759e-17
GO:0007275, 2.44992658716e-17, 1.29111131143e-14
GO:0000003, 9.23604666413e-09, 3.24493106133e-06
GO:0030163, 3.73425936026e-08, 9.83977341429e-06
GO:0051603, 2.84589068311e-07, 5.99913756e-05
GO:0007276, 5.56426586333e-06, 0.000977456036658
GO:0048477, 1.94925401243e-05, 0.002935019613
GO:0000910, 4.77125851776e-05, 0.00628613309715
GO:0018992, 0.000105712850466, 0.0123801493768
GO:0000279, 0.000124471215312, 0.0129801388783
GO:0051321, 0.00013546634503, 0.0129801388783
GO:0032504, 0.000196857520289, 0.0160816343061
GO:0044265, 0.000198350328254, 0.0160816343061
GO:0033554, 0.000272240784504, 0.019865340528
GO:0006281, 0.000282713574876, 0.019865340528
GO:0007126, 0.000358176717458, 0.0234741991212
GO:0090068, 0.000378616114859, 0.0234741991212
GO:0042006, 0.000435283809457, 0.0254882852871
GO:0007281, 0.000497969648335, 0.0276242110182
GO:0022402, 0.000579394420071, 0.0305340859378
ROWS: 45 233 418 1594 1625 1781 1933 2032 2815 2870 3020 3122 3366 3513 3553 4776 5195 5199 5261 5305 5577 5886 5929 6050 6884 7539 7648 8083 9678 10057 10104 11214 11403 11922 13069 13242 13409 14426 14430 14485 14503 14613 15357 15398 15737 15866 15991 16074 16108 16554 16702 16703 16877 17083 17944 18009 18292 18336 18420 18541 18721 18785 19516 19743 19744 19839 19853 20127 20523 20807 21406 21536 21666 22215 22328 22484
COLS: 0 2 3 4 5 6 7 8 9 10 11 12 13 14 15 16 17 34 35 37 38 39 40 41 43 62 63 66 67 70 96 101 102 103
ROWS: 17 58 70 80 85 169 192 205 257 287 295 298 303 311 796 797 848 858 1008 1143 1200 1226 1367 1398 1402 1428 1437 1442 1474 1480 1485 1497 1498 1575 1592 1606 1609 1610 1651 1656 1683 1685 1696 1719 1770 1802 1805 1861 1903 1919 1956 1959 2056 2090 2143 2155 2212 2213 2226 2239 2279 2283 2360 2439 2441 2461 2462 2505 2513 2520 2567 2579 2629 2668 2702 2791 2808 2817 2867 2877 2942 2950 2993 3017 3069 3087 3098 3126 3194 3195 3228 3287 3302 3372 3378 3418 3423 3442 3527 3559 3594 3596 3613 3625 3678 3713 3719 3764 3864 3881 3895 3927 3942 3959 4004 4041 4077 4079 4109 4131 4189 4290 4320 4336 4559 4683 4696 4712 4756 4758 4766 4812 4914 4982 5004 5080 5222 5298 5300 5385 5489 5554 5604 5788 5827 6090 6118 6180 6259 6271 6305 6406 6520 6562 6662 6679 6759 6763 6883 6895 6901 6934 6970 7021 7078 7623 7967 7991 8089 8160 8169 8289 8543 8626 8735 8770 8788 8953 9055 9118 9399 9515 9529 9633 9634 9778 9817 9981 10198 10212 10262 10438 10444 10455 10498 10586 10641 10678 10750 10765 10815 10854 10922 10957 11032 11234 11446 11598 11640 11697 11894 11917 11953 12010 12124 12173 12227 12242 12412 12562 12571 12649 12764 12856 13025 13076 13125 13196 13203 13442 13494 13534 13588 13620 13696 13868 14013 14189 14341 14362 14429 14580 14586 14622 14679 14849 14856 14894 14896 14978 15014 15173 15394 15475 15477 15529 15538 15584 15602 15620 15622 15678 15725 15730 15732 15749 15751 15885 15915 15955 15984 16121 16250 16461 16549 16658 16685 16711 16733 16809 16816 16883 16914 16920 16934 17126 17159 17299 17302 17332 17401 17491 17548 17556 17652 17683 17730 17794 17808 17885 17941 17985 17992 18028 18100 18159 18190 18218 18275 18505 18576 18580 18624 18629 18734 18754 18804 18812 18833 18846 19043 19047 19070 19111 19145 19188 19345 19484 19553 19570 19712 19825 19887 19902 19906 19941 19958 19973 19988 20012 20048 20063 20134 20170 20175 20182 20238 20277 20289 20310 20349 20372 20539 20623 20706 20824 20842 20847 20959 21038 21052 21115 21204 21237 21258 21264 21332 21358 21368 21371 21377 21454 21558 21581 21586 21620 21684 21745 21746 21819 21876 21963 21972 21980 22040 22048 22050 22086 22112 22171 22231 22479 22505 22526
COLS: 22 23 24 25 26 27 28 29 30 31 32 33 49 50 51 52 53 54 55 56 57 58 59 60 82 83 84 85 86 87 88 90 91 93 94 118 119 120 121 122
GO:0002119, 2.14977304266e-13, 1.96489256099e-10
GO:0009791, 1.42363075752e-12, 6.50599256188e-10
GO:0040010, 2.49635019616e-08, 7.60554693096e-06
GO:0048518, 4.21997770089e-08, 9.64264904653e-06
GO:0040008, 2.38935734016e-07, 4.36774521782e-05
GO:0065007, 3.38311654954e-07, 5.15361421047e-05
GO:0006364, 3.67751749879e-06, 0.000480178713414
GO:0006333, 7.98763308342e-06, 0.00091258707978
GO:0051276, 1.12330659418e-05, 0.0010313031891
GO:0022613, 1.12834046947e-05, 0.0010313031891
GO:0048513, 1.26299721466e-05, 0.00104943586745
GO:0007548, 1.46294471001e-05, 0.00111427622079
GO:0040035, 2.09754000189e-05, 0.00144194473242
GO:0016192, 2.2086680803e-05, 0.00144194473242
GO:0048870, 4.36810678779e-05, 0.00266163306936
GO:0022414, 7.3893173057e-05, 0.00422114751088
GO:0010324, 7.97542820496e-05, 0.00428796551726
GO:0009792, 0.000107290319496, 0.00544796400107
GO:0034660, 0.000127145056002, 0.0061163463782
GO:0061024, 0.000156322938214, 0.00714395827637
GO:0000003, 0.000210341717974, 0.00915487286801
GO:0006898, 0.000273622276013, 0.0111304139749
GO:0040007, 0.000280087003745, 0.0111304139749
GO:0009072, 0.000467500186556, 0.017803965438
GO:0006412, 0.000714163082263, 0.0261098022875
GO:0009786, 0.00107040522554, 0.036853041561
GO:0006396, 0.00108865658878, 0.036853041561
ROWS: 427 1604 1662 2223 2934 5736 5932 6129 6620 8171 10097 10118 11248 11280 11809 12323 13419 14208 15469 15974 16459 16975 17268 17979 19136 19210 19458 20368 20953 21559 21580 21723
COLS: 0 1 2 3 4 5 6 7 8 9 10 11 12 13 14 15 34 35 37 41 62 63 64 66 67
ROWS: 16266 21391
COLS: 1 2 3 4 5 6 7 36 42 46 62 64 68 69 71 73 95 99 100 103 105 106 111
