ROWS: 1642 4752 6815 7553 9361 9640 11248 11524 12420 14780 15545 15821 16387 16449 16959 17789 18013 18268 18802 19535 20316 21770 22362 22456 22493
COLS: 0 2 5
GO:0048477, 4.95524814383e-05, 0.00639227010555
GO:0007276, 0.000643329937366, 0.0289457814925
GO:0035188, 0.000673157709129, 0.0289457814925
ROWS: 1653 4261 5082 6021 7342 7795 9579 11474 12556 15359 15444 15920 15987 16695 18621 18763 18766 20361 20615 21189
COLS: 3 4 6
ROWS: 22548 22553 22605 22610
COLS: 3 4 10 11 25 30 95 96 110
ROWS: 1080 1567 9242 22243 22508
COLS: 18 19 21 23 48 83 93
ROWS: 184 251 1436 22469
COLS: 2 6 12 21 24 25 29 30
ROWS: 22 1061 1062 16698
COLS: 34 62 63 66 92 99 119 122
GO:0006511, 7.27787959338e-07, 7.40617976593e-06
GO:0043632, 7.27787959338e-07, 7.40617976593e-06
GO:0051603, 1.00993360445e-06, 7.40617976593e-06
GO:0030163, 2.78511260945e-06, 1.5318119352e-05
GO:0044248, 1.94022551027e-05, 8.5369922452e-05
GO:0044267, 0.00191086007278, 0.00700648693354
GO:0040032, 0.00380096347725, 0.0111516065887
GO:0010171, 0.00405512966863, 0.0111516065887
GO:0048856, 0.00713117839914, 0.0163751712589
GO:0040010, 0.00744325966314, 0.0163751712589
GO:0002119, 0.00923188557664, 0.0174610467242
GO:0009791, 0.00952420730413, 0.0174610467242
GO:0040008, 0.0110100429544, 0.0184128748972
GO:0008283, 0.0117172840255, 0.0184128748972
GO:0048518, 0.0130604925627, 0.0191553890919
GO:0009792, 0.0265263773759, 0.0339489795864
GO:0043170, 0.0276813493126, 0.0339489795864
GO:0000003, 0.0277764378434, 0.0339489795864
ROWS: 1807 2460 15562 18433 18639 19903
COLS: 28 33 91 93 94
ROWS: 8086 18393 19992 22041
COLS: 26 48 52 56 60 91 93
GO:0006097, 0.00034594095941, 0.0141835793358
GO:0006081, 0.00138328511866, 0.0283573449324
ROWS: 3534 3535 15502 17372
COLS: 29 56 58 85 86 90 93
ROWS: 6539 17349 19200
COLS: 25 27 29 47 48 75 86 87 91
ROWS: 1581 20779 22422
COLS: 28 52 55 58 59 83 87 88 93
GO:0006097, 0.000230627306273, 0.00484317343174
GO:0006081, 0.000922349639827, 0.00968467121818
GO:0008340, 0.00552404396723, 0.0290912967622
GO:0007568, 0.00554119938328, 0.0290912967622
ROWS: 493 579 6491
COLS: 2 3 4 6 8 10 16 23 62
ROWS: 15070 15944 18859
COLS: 21 29 30 31 48 51 84 87 93
GO:0044255, 0.00182229696881, 0.0278442699305
GO:0007040, 0.00241991139269, 0.0278442699305
GO:0006309, 0.00345582003002, 0.0278442699305
GO:0006921, 0.00380096347725, 0.0278442699305
GO:0006308, 0.00449101127911, 0.0278442699305
GO:0005975, 0.00560785531408, 0.0289739191228
GO:0006665, 0.00690366907973, 0.0305733916388
ROWS: 22573 22574 22594 22595
COLS: 2 11 17 26 27 31
ROWS: 1556 14178 20979
COLS: 18 19 20 114 119 120 121 122
GO:0006833, 0.00115287055592, 0.0115287055592
GO:0006665, 0.00460749259205, 0.0230374629603
ROWS: 1231 1752 15091
COLS: 25 27 30 51 60 83 92 93
ROWS: 2429 7212 16304 21110
COLS: 2 3 14 63 64 97
GO:0010845, 0.000461228015002, 0.01168040022
GO:0051054, 0.000922349639827, 0.01168040022
GO:0060631, 0.000922349639827, 0.01168040022
GO:0000018, 0.00161383259548, 0.01168040022
GO:0007130, 0.00184427371895, 0.01168040022
GO:0090068, 0.00184427371895, 0.01168040022
GO:0051445, 0.00506765670528, 0.0275101364001
ROWS: 1539 1952 4092 4093 8607 15005 15457 20421
COLS: 0 2 97
GO:0031532, 0.000691802126187, 0.0269756150523
GO:0006546, 0.00138336487447, 0.0269756150523
GO:0009069, 0.00391704694062, 0.0381912076711
GO:0043652, 0.00391704694062, 0.0381912076711
GO:0006909, 0.00598766576122, 0.0419088195755
GO:0009063, 0.00644751070392, 0.0419088195755
GO:0016054, 0.00805613018072, 0.044884153864
ROWS: 2767 3682 20577
COLS: 34 37 62 63 64 67 96 97
ROWS: 10597 10794 14600
COLS: 0 3 4 12 35 64 65
ROWS: 1990 3931 16959
COLS: 7 62 63 69 97 101 102
GO:0046660, 0.000691802126187, 0.0311275050099
GO:0045746, 0.00115287055592, 0.0311275050099
ROWS: 8308 8831 9924
COLS: 12 34 39 41 62 63 67
ROWS: 17906 20701 22055
COLS: 28 30 33 58 90 92 120
GO:0000239, 0.000691802126187, 0.0371714996992
GO:0051324, 0.00103758350953, 0.0371714996992
GO:0006542, 0.00172890696275, 0.0371714996992
GO:0008285, 0.00172890696275, 0.0371714996992
ROWS: 15047 15513 17485
COLS: 2 4 8 11 13 16 101
GO:0032851, 0.00034594095941, 0.0224835691011
GO:0043547, 0.000691802126187, 0.0224835691011
ROWS: 1809 2766 3294
COLS: 3 6 9 61 64 97 104
ROWS: 2316 3731 14997
COLS: 3 7 8 34 62 101 117
GO:0006839, 0.00230507617324, 0.0391862949451
ROWS: 1422 3584 20163
COLS: 0 2 5 14 97 101 102
GO:0006898, 0.00569679501719, 0.0469940927209
GO:0030728, 0.00598766576122, 0.0469940927209
GO:0010324, 0.00637750596743, 0.0469940927209
GO:0061024, 0.00680817340407, 0.0469940927209
GO:0016192, 0.00761078089964, 0.0469940927209
GO:0048599, 0.00805613018072, 0.0469940927209
GO:0006030, 0.0094339095709, 0.0471695478545
ROWS: 45 9284 20627
COLS: 4 7 12 13 15 40
