ROWS: 142 460 495 681 876 1412 1536 2543 4149 4330 4687 4857 4953 5059 5142 5331 5649 5842 6683 6810 6894 7075 7317 7358 7556 7680 7804 7950 8194 8305 8432 8509 8663 9296 9773 9958 9973 10137 10227 10330 10436 10644 10705 10772 10934 11046 11153 11194 11364 11504 11513 11574 11738 11751 12017 12343 12454 12512 12531 12679 12681 12849 12914 13778 13807 14039 14226 14287 14946 15667 15705 16407 16586 16616 16666 16691 17857 18105 18346 18389 18916 18918 19090 19348 19452 19697 20045 20575 20809 20898 21486 21968 22621 22624
COLS: 4 7 8 10 11 12 14 18 19 20 21 25 26 27 28 39 63 66 74 77 93 96 119 122
ROWS: 76 438 715 721 733 854 2020 2756 4014 4181 4612 5104 5126 5712 5836 6085 6310 6337 6610 6776 6899 6926 7020 7349 7702 7708 7792 8151 8886 8951 9215 9316 9654 9783 9866 10776 10790 10850 11179 11731 11735 11795 12080 12253 12286 12314 12388 12719 12762 12797 12899 12929 13009 13160 13238 14044 14081 15228 15671 16150 16564 16722 16723 17380 17412 17688 17735 18178 19537 21773 22575
COLS: 4 5 8 9 10 14 16 18 19 21 23 25 48 63 66 77 85 94 96 110 120 122
ROWS: 132 834 841 933 1328 2540 2908 3393 3481 3547 3591 4286 4525 4681 4704 5267 5613 5946 6207 6286 6353 6722 6731 6742 6893 7097 7194 7302 7813 7846 8033 8619 8829 8969 9161 9330 9617 10240 10874 11757 11906 12019 12417 12582 12592 13345 13418 13502 13524 13956 14011 14037 14040 14783 15094 16861 17405 17490 17562 17717 18382 19029 19124 19129 19656 19882 20085 20578 21543 22579 22580 22598 22622
COLS: 4 7 8 9 10 11 12 14 15 16 19 23 28 33 67 70 85 96 120 122
ROWS: 1897 2349 3396 4473 4512 4823 4901 5043 5097 5306 5396 5404 5973 6130 6287 6589 6941 7203 7385 7735 7935 8495 8853 9131 9366 9750 10201 10266 10375 10424 10633 10787 11052 11639 11821 12195 12410 12597 12822 13095 13312 13353 13498 13564 13571 14250 14510 15010 15251 15818 15992 16796 17250 17550 17609 18168 19213 20762 20873 21306 22131 22379
COLS: 4 5 7 9 10 11 12 16 20 26 35 52 66 70 86 93 96 110 119 122
ROWS: 315 471 1020 1120 3117 4206 4325 4719 4891 5870 5875 5919 6474 6586 6992 7565 7829 7847 8088 8219 8300 8792 8941 9637 9740 10355 10414 10580 11456 12012 12061 12326 12379 13591 13724 14219 14431 14841 15074 16069 16100 16670 16851 16865 17163 17377 17427 17761 17848 18307 19225 19611 19675 19732 20066 21182 21519 22053
COLS: 4 7 8 9 11 13 14 16 18 23 25 27 28 33 63 77 119 120 122
ROWS: 705 1119 1254 5750 6248 6359 6635 6710 7200 7292 7722 9445 9565 10157 10477 11198 11560 11775 12085 13016 13512 13595 13997 14111 16054 16198 16557 17011 18093 19577 20157 21249 21451 22326 22576
COLS: 4 7 8 9 10 12 14 17 19 20 21 26 28 35 39 48 67 77 85 93 94 110
ROWS: 354 523 653 881 1025 1269 1363 3550 4020 4275 4284 5069 5731 5749 5757 6347 6428 6847 7430 7432 7783 8324 8602 8982 9453 9458 9506 9704 9834 10009 10511 10665 10731 10833 11003 11215 11315 12210 12589 12934 13282 13805 13814 13832 14432 14530 15787 16738 17201 17400 18622 19098 19760 20132 20550 20697 21292 21342 21626
COLS: 7 12 14 18 19 20 21 25 35 77 82 85 93 96 108 110 119 122
ROWS: 367 456 591 747 1371 1558 3311 3784 4558 4619 4697 4711 5475 5617 5869 5913 5942 6147 6300 7551 7594 8613 8680 9041 9384 9434 9920 10020 10053 10208 11458 11769 11794 11841 11920 12183 12289 12317 12632 12783 13915 14086 14753 14993 15454 16397 16860 17123 17271 18748 19088 19759 19807 20054
COLS: 4 5 10 11 14 18 19 23 25 26 28 33 48 52 86 94 110 122
ROWS: 513 597 823 945 1414 1420 3683 4153 4306 4317 5137 6148 6440 6590 6732 7291 8063 8416 8464 8555 8778 8784 9030 9232 9303 9538 9944 10392 10825 10843 11224 11659 12036 12136 13110 13422 13732 13783 13855 14454 14692 14870 15138 15522 15850 16810 17154 17303 18483 19740 20397 22184 22233 22381
COLS: 8 9 12 14 15 18 19 20 25 27 35 39 63 66 67 85 93 120
ROWS: 277 586 618 746 814 1362 2509 2979 5198 5782 5938 6405 6504 7368 7757 7806 7817 8765 9091 9663 11311 11359 12212 12361 12416 13543 13853 13871 14270 14427 14471 14578 14686 14823 15140 17467 17499 17666 17861 18173 18220 18688 18780 20571 21321 21641
COLS: 4 5 7 8 10 12 14 25 28 63 67 74 77 85 94 96 110 120
ROWS: 812 2563 3658 4693 4967 5276 5435 6313 6611 6653 6696 7334 7786 9120 9208 9562 10566 12204 12337 12427 12517 13169 13840 13954 14769 16447 17026 17454 17520 18152 18502 18538 19336 19564 19578 20101 20124 20499 20723 21173 21691 22014 22423 22623
COLS: 4 5 8 9 11 14 16 21 26 28 48 66 70 86 93 108 110 119 122
ROWS: 530 594 648 874 964 3840 4238 5362 6435 6830 7216 7374 8738 8971 9084 9830 10044 10500 10628 10733 10842 10893 11568 11739 12004 13398 14477 14828 16223 16421 17042 17586 17744 17776 17981 18123 18217 18934 19242 19243 19829 20129 21005 21420 21591 21753
COLS: 5 7 8 12 13 18 21 23 28 35 48 66 67 77 85 94 96 104
ROWS: 642 925 1263 3484 3819 4094 5425 5814 6295 7174 7404 7408 7640 7821 7890 8410 8457 8585 9417 10017 10419 10421 11386 11793 12088 12230 12239 12250 12760 12989 13248 13434 13463 13560 13909 13935 14540 14936 15571 15829 18283 18318 18867 18952 18983 19253 20788 21495 21597 21727 22509 22596
COLS: 4 5 9 12 18 19 23 25 35 38 39 52 66 74 77 82 93 120
ROWS: 468 652 781 1007 4177 4492 5423 5490 5529 6208 6393 7275 7555 8927 9085 10331 10658 10836 11105 11438 12474 12893 13006 14139 15763 16226 17472 17608 17731 17763 18263 18471 18558 19567 20292 20545 21940
COLS: 4 5 7 9 11 12 14 16 21 23 25 26 27 35 39 66 77 85 108 122
GO:0006233, 0.00207468824486, 0.0300829795505
GO:0009139, 0.00207468824486, 0.0300829795505
GO:0009189, 0.00207468824486, 0.0300829795505
GO:0009196, 0.00207468824486, 0.0300829795505
GO:0009221, 0.00414554953513, 0.0480883746075
ROWS: 181 538 888 1256 3646 3761 3841 4576 5109 5315 5493 5615 6401 7516 8855 9060 9097 9132 9313 9341 10554 10791 11361 11563 11905 12779 13393 13553 14297 14386 14670 14994 15160 15779 15833 16246 16537 16620 17950 18362 18731 19217 19485 19568 20464 21487 21749 22600
COLS: 7 8 9 11 14 18 20 26 28 35 48 66 74 86 93 96 119
ROWS: 544 1341 1515 3137 5618 6746 6792 7279 8571 9277 10459 10767 10921 10999 11852 12311 12319 12387 12432 12608 12859 12958 12974 13004 13057 13186 13522 13642 13654 14117 14453 14803 15853 16839 17278 19571 20806 20836 21615 22176 22246
COLS: 9 11 17 18 19 21 22 25 26 27 66 67 70 77 93 104
ROWS: 683 4148 4283 6086 6190 7120 7877 8589 9270 9906 10272 10391 10780 11063 11217 11421 11787 12076 13159 13533 14049 14271 14775 16026 16436 16872 17578 17913 17982 18227 18391 18725 19459 19604 19813 20455 21613 22620
COLS: 7 11 14 18 19 20 21 23 27 38 63 66 67 70 74 77 82 85 96
ROWS: 422 647 3745 4666 5533 6268 6343 6657 7267 7517 7732 7882 8008 9632 9919 9974 10233 10887 11395 11908 13235 14059 14078 14491 14598 14624 14774 14787 16715 16804 17498 17653 17737 17803 18165 18253 18491 18898 19160 20408 20548 21363 21735
COLS: 5 7 9 12 13 14 15 16 19 20 28 39 82 96 108 119 122
ROWS: 704 3446 4253 4605 6209 6515 6572 7502 7697 7784 8650 8943 9087 9291 10974 11006 11145 11258 12564 12650 12835 13102 13277 13890 13966 14186 14498 14649 14878 15638 16010 16639 17711 18620 18649 19505 19815 20198 20489 22353 22375
COLS: 12 16 20 25 26 27 38 39 63 70 74 85 93 96 108 110
ROWS: 459 1376 2015 2703 3724 4208 4483 4587 4936 4957 5188 5411 5698 6000 6496 7204 7398 9209 9586 10146 10206 10214 10269 10557 10657 11317 13046 13120 13156 13183 13267 14132 14934 15017 17791 18965 19060 19477 19487 19913 21941
COLS: 5 9 14 16 19 20 21 25 28 63 66 70 77 93 96 104 122
ROWS: 3941 4304 4999 5982 6845 6930 7162 8191 8286 8362 9365 9976 10024 10121 10130 10131 10149 11373 11969 11983 12018 12380 12990 13126 13408 14929 15666 16840 17079 17389 17518 17524 17754 18276 18324 18954 21717
COLS: 5 7 9 14 16 17 18 23 38 66 67 85 86 94 110 122
ROWS: 650 1878 2964 3373 3402 4529 6008 6183 6341 6369 7919 8138 9522 9564 9928 11829 11993 12165 13568 13604 13691 13822 15301 15983 16849 16926 17320 17430 17595 17952 18593 19669 20160 20595 20603 20985 21811 22601
COLS: 5 12 17 19 20 21 22 35 63 77 82 93 96 110 119 120
ROWS: 632 1749 1778 2407 3459 3804 4137 4943 5253 5386 6093 6916 6957 6959 7152 7443 10270 10368 10515 10866 11047 11250 11691 12168 12274 12294 12969 13129 13213 13366 13780 13797 15460 15673 17121 17536 17613 19285 19358 19707 20445 21886 22378 22416
COLS: 5 7 9 10 23 25 28 39 63 66 67 70 86 93 94 122
ROWS: 276 480 676 774 968 1460 3782 3818 3962 4124 5648 8146 8469 8767 9299 9367 10241 10653 10761 11341 11601 12277 12479 13467 14405 14637 14721 15548 18657 20778 21081 21800 21956 22021
COLS: 8 9 10 12 16 18 19 23 26 33 66 67 70 77 85 96 108 110
ROWS: 137 751 845 1092 1174 4351 4361 4495 5340 6329 6430 6896 7071 7336 8027 8066 9033 9466 10662 11759 12050 12162 12587 13448 13963 15295 15543 16192 16204 16794 16927 17626 18390 18445 18788 19067 19102 19390 20596 22043 22565
COLS: 10 11 14 17 18 20 25 26 28 33 52 63 77 82 110 119 122
ROWS: 306 1512 2587 3229 4611 5798 6071 6186 6413 6558 7428 7668 7876 8167 8418 8882 9023 10263 10625 11004 11302 11576 12141 13191 13216 13347 14102 14365 16022 16781 17217 18975 20076 20334 21158 21263 21937 22148 22369
COLS: 11 14 19 26 28 36 63 66 67 74 77 85 86 93 103 120 122
ROWS: 510 2737 2777 2813 3357 3666 4486 4598 5467 6361 6530 7054 7117 7533 7861 8038 8518 8701 9281 9473 9504 9705 9835 9984 10417 11695 12145 12167 12368 12385 12439 13090 13536 13949 14831 16167 16706 17576 18801 19645 21508 22554
COLS: 7 8 9 10 12 16 17 21 22 25 33 86 94 110 122
ROWS: 388 420 481 609 727 4952 5538 6621 6700 6721 6816 6974 7192 7241 7657 8087 10982 11791 11934 12394 14164 14303 14360 14799 14983 16224 16890 17625 17949 18416 19405 19425 19595 20629 21704 21825 22143
COLS: 8 10 11 12 14 18 19 20 23 35 38 48 66 67 77 122
ROWS: 497 543 3663 4311 4634 5025 5316 6322 7017 7686 8370 8499 8952 9727 11093 11871 12090 12121 12159 12599 12622 12931 13116 13334 13982 14369 15376 16608 17194 17241 17431 18137 18320 18360 18600 18844 19377 20136 20327 20502 20843 21139
COLS: 5 7 11 12 13 14 16 21 26 38 66 77 93 96 119
ROWS: 369 1239 5263 5668 6117 6397 6804 7122 7184 7326 7586 9005 9730 10674 11491 13094 13337 13480 14725 15125 16909 18116 19110 19495 19686 20598 21278
COLS: 5 7 12 13 21 22 23 39 70 74 77 82 85 93 104 108 119 122
ROWS: 789 1242 2763 4327 4706 4848 5710 6469 8473 8557 8734 9158 9213 9595 10738 12808 13468 14389 14757 15309 15328 15396 16361 16452 17164 17227 17561 18645 18747 19361 19657 20179 20492 20895 20963 21287 21848
COLS: 5 7 10 13 16 18 20 25 33 35 48 52 63 66 77 108 110 120
ROWS: 628 636 822 1342 3492 3704 4192 4338 5147 5206 5334 6153 6364 6643 7129 9185 9344 9403 9904 10437 11290 11461 12458 13361 13614 13993 13996 15171 16494 16587 17960 19592 19596 20474 21460 22566
COLS: 14 18 19 21 26 27 28 38 39 48 66 70 74 96 120 122
ROWS: 2489 4147 5050 5436 6973 8760 9401 11465 11478 12108 12841 13109 13365 13389 13891 14056 14370 14520 15516 16392 17663 18895 19097 19691 19845 19883 20686 20753 21859 22487
COLS: 7 9 14 16 19 21 23 25 27 35 52 63 67 85 94 96 110
ROWS: 779 4101 4518 4648 4783 5270 5382 6499 6682 6715 6741 6843 7059 7189 7504 8837 9013 9828 9841 10426 10535 11641 11673 12336 12354 12999 13911 14261 15136 15832 16625 17084 17579 18216 18401 18530 19114 20899
COLS: 7 11 13 14 16 23 26 33 66 67 70 85 94 96 104 110 122
ROWS: 1111 2524 3468 3564 3675 3990 4388 4842 6267 6398 6765 6886 7794 7850 8728 9323 9359 9829 10074 10823 10895 10953 11409 12398 12876 13872 13922 14082 14420 14492 14874 15539 16969 17254 17650 18287 19186 19668 19859 19916 20605 20634 22581
COLS: 5 7 11 12 14 19 23 39 52 66 74 85 93 120
ROWS: 343 931 1418 1692 2994 5441 6175 6881 7207 7429 8491 9796 10638 10864 11182 11326 12248 12478 12872 13270 13674 15642 15914 16727 16811 16842 16943 17407 17759 18064 18706 18742 19020 19027 20828
COLS: 5 7 8 18 19 23 26 36 39 47 52 67 77 96 108 119
ROWS: 836 3743 4597 5878 6135 6495 6689 7285 8388 9102 9373 9476 9675 10064 10806 11162 12026 12983 13107 13545 13939 15039 15415 15595 15703 16497 17052 17558 17858 18597 18807 19698 19864 20422 21002 21138 22603
COLS: 12 13 14 19 21 23 25 28 35 37 85 96 110 119 120 122
ROWS: 1146 1487 2669 4581 5988 6463 6494 6818 6918 7306 7388 7721 8115 8229 8966 9762 10061 10451 11252 11269 11885 12138 12623 13230 13413 14088 15553 15927 16199 16790 19119 19224 20147
COLS: 5 8 9 12 14 25 31 33 38 66 67 74 82 104 122
ROWS: 423 3738 3746 5470 5867 6982 8560 8612 9620 9938 10388 11383 12037 12818 12925 13061 13679 13752 14046 14182 14398 14513 15563 16819 18252 18476 19101 19391 19620 20371 20681
COLS: 7 9 11 14 23 27 35 52 67 70 94 96 119 120 122
ROWS: 129 488 758 765 4578 4626 5157 5614 5970 6092 6477 6594 7199 7296 7477 8408 9019 9436 10367 11141 11314 11450 12349 12540 13051 13753 14256 14955 15095 15314 16403 16714 16764 16925 18940 19056 19286 20105 20222 20254 22234
COLS: 9 10 11 14 16 17 18 19 20 21 22 31 108 119
ROWS: 455 2325 4382 4405 6115 7701 8443 8974 9243 9548 10965 11158 11444 11624 14391 14468 14951 15998 16570 16866 16893 17212 17489 17785 19383 19470 19791 20197 20698 21810 21857
COLS: 5 7 8 12 20 21 23 39 47 66 74 77 85 119 122
ROWS: 701 829 856 912 4553 5621 6550 6654 8280 8281 8989 9001 9420 9578 10614 10816 10873 10955 10968 11264 11744 12006 12071 14552 14919 17093 17294 17477 17514 17636 20625 21805
COLS: 7 10 11 17 20 25 26 63 66 67 70 77 85 86 96 108 110
ROWS: 1587 3835 4292 4447 5343 5943 6692 7124 7520 7825 10167 10278 11231 11371 11405 11514 11892 12902 13222 13718 14054 14404 14717 15175 15520 17428 18313 18546 19258 19783 20089 21087 21096
COLS: 5 7 10 11 14 18 35 36 66 67 70 74 77 85 103 119
ROWS: 1457 4305 4910 4917 5234 5363 5428 5522 5629 5714 5884 6316 6381 6938 6946 7061 7441 7810 8893 8920 9263 11604 12118 12351 12413 13211 13432 13499 13813 15614 16039 17272 17959 17975 18272 19974 21307 21651 22619
COLS: 5 8 11 12 16 18 19 21 23 26 28 31 86 110 120
GO:0009123, 9.85047613775e-05, 0.0141846856384
GO:0009190, 0.000657145745898, 0.0473144937047
ROWS: 788 2571 4040 4300 5759 5885 6481 6706 7236 7712 8265 9464 9983 10890 11583 12913 15000 15098 15447 15692 16235 17473 17770 17772 18079 19827 20594 21762
COLS: 5 7 9 13 14 19 20 25 26 28 37 48 66 77 85 108 122
ROWS: 107 338 473 1148 1479 2620 4105 4506 4886 4899 5064 6073 6325 7707 7920 8450 8459 8504 8632 8902 9011 9770 10102 10445 10546 10558 11281 12054 13375 13788 15239 16508 16515 18718 19201 20379 20896 21348
COLS: 5 7 8 9 10 16 19 23 25 27 38 63 67 70 77
ROWS: 1235 2518 3476 4061 5437 5716 6789 6808 6826 7367 7475 8903 9741 11107 11165 11313 11353 11388 11468 11553 11653 11918 12545 12884 13576 13957 14085 14662 17363 17938 18503 19925 21393 21964
COLS: 5 9 11 12 13 17 20 21 26 27 63 66 77 82 96
ROWS: 561 620 837 1554 3450 4699 4827 4900 5377 5780 7234 7489 7798 7830 7858 8035 8109 8206 9736 10745 11406 12031 12740 12852 13694 14112 15803 16822 16998 17969 18205 20030 20097 22061
COLS: 14 18 20 27 31 36 39 47 52 63 66 67 70 74 93
ROWS: 120 559 2216 4398 4682 5176 5923 6702 7356 7797 8024 8391 8606 8758 9063 9576 9755 9795 9918 10316 10404 10579 10817 11163 12468 13600 14558 16674 17161 18679 19324 19849
COLS: 15 18 19 20 21 23 26 28 33 35 96 108 119 120 122
ROWS: 700 1948 3708 4795 6879 8458 8631 9222 9483 9691 9967 10478 10652 11510 12114 12313 12490 12521 12583 13308 13325 14055 14252 14808 14852 15694 16435 17436 17455 18971 19410 19562 19769 20363 20486 21527
COLS: 5 7 8 12 16 21 22 48 63 85 93 94 96 104
ROWS: 450 4894 5001 5138 5454 6642 6724 7064 7270 7468 7733 7820 8562 9026 9517 10019 10035 10281 11060 12269 12627 12732 12810 15157 17187 17508 18515 18787 19482 22450
COLS: 8 9 16 17 18 19 21 23 27 35 52 96 103 108 120 122
ROWS: 1829 4453 5588 6553 7079 7579 8311 8508 9107 9110 9479 9900 9980 11508 13577 14052 14710 14741 14761 14819 17736 18847 19371 19615 19886 22200
COLS: 7 10 12 13 14 15 20 21 26 28 35 48 63 82 96
ROWS: 549 4239 4268 4670 6214 6396 6821 7052 7452 8183 8484 8710 9254 9677 10277 11985 12753 12971 14995 15989 16863 16878 16985 17951 18260 18831 18973 19310 20024 20750 22270 22284
COLS: 5 8 9 16 23 26 33 52 70 77 93 94 120 122
ROWS: 568 1326 4448 6615 7506 7955 8112 8471 8544 9223 9494 9715 9766 9934 10481 11229 11637 14330 14733 15201 15278 15735 16362 18331 18338 20462
COLS: 8 10 11 12 14 16 19 20 23 35 48 77 94 103
GO:0048808, 0.000576568265683, 0.0480689894879
GO:0016601, 0.00115287055592, 0.0480689894879
GO:0006004, 0.00230467757819, 0.0480689894879
GO:0031346, 0.00230467757819, 0.0480689894879
GO:0045597, 0.00230467757819, 0.0480689894879
GO:0045773, 0.00230467757819, 0.0480689894879
GO:0050769, 0.00230467757819, 0.0480689894879
ROWS: 868 1624 3429 4359 6304 6566 6929 8781 9038 9914 10271 10514 11331 11847 11896 11975 12692 13236 13496 13652 16962 17287 17388 17533 17837 18321 18668 18941 19794 20146 21397
COLS: 7 14 18 20 63 66 67 77 86 96 110 120 122
ROWS: 1271 1275 5040 5954 6112 7004 7046 7412 8009 8179 8695 9346 9615 10510 10855 11724 11762 12161 12280 13055 13677 14185 15714 15767 15782 17526 17843 18004 18271 18551 20125 20759 21763 21818 22117
COLS: 5 7 10 18 22 25 35 37 66 70 93 108 119 122
ROWS: 634 1737 1850 1864 4744 4958 5540 6505 6796 7164 8189 8700 11981 12357 13135 14201 14802 15197 16238 16527 17202 17900 18189 18651 18777 20040 20678 20973
COLS: 5 8 9 12 15 27 28 38 39 66 70 74 77 85 86 93 122
ROWS: 332 813 2054 2179 4645 7030 8272 8711 8789 8807 9360 9599 10374 10561 11425 12307 12364 12714 14436 16463 16676 17092 17108 17112 19823 20908
COLS: 5 7 12 14 17 19 21 23 25 27 66 86 93 94 96 104
ROWS: 1233 2338 4429 5252 5746 6281 6756 7620 7666 7968 8897 10232 10386 10603 13198 13232 13360 14202 14324 15100 15713 16874 18095 19179 19889 21347 21643 21991 22012 22602
COLS: 5 9 13 15 16 18 35 66 67 77 85 96 108 119
GO:0006816, 0.000218815809143, 0.0323454797048
GO:0015674, 0.000695517101746, 0.0323454797048
GO:0007204, 0.00103782287823, 0.0323454797048
GO:0015693, 0.00103782287823, 0.0323454797048
GO:0042713, 0.00103782287823, 0.0323454797048
GO:0051489, 0.00103782287823, 0.0323454797048
ROWS: 646 938 4384 4761 5603 7463 8608 9371 9636 9818 10034 10290 10569 11542 11592 12001 12829 13994 14832 15291 15609 16090 16182 16323 16410 17616 18695 20604 20712 21472
COLS: 7 14 25 28 33 35 38 39 48 52 63 119 122
ROWS: 282 492 654 665 3524 4893 5143 5949 5975 6317 7053 7596 8180 8466 9475 10030 10032 10333 10856 11098 11803 12819 13285 14106 15145 21838 22577
COLS: 10 12 13 18 23 25 48 63 66 67 77 94 104 120 122
ROWS: 2413 3304 4303 5035 5223 5734 6210 6855 7056 8264 9130 9309 9728 10098 10509 10849 11347 11376 11499 11866 12005 12053 12129 12228 12617 14822 15505 15630 16124 16420 16901 17002 17018 17185 17588 18311 19768 19780
COLS: 5 7 11 12 14 16 19 21 23 26 28 33 96 108 122
ROWS: 2596 3809 6409 7179 8963 9163 9210 9228 9553 10209 10305 10795 11451 13621 14288 14876 14939 15825 16298 16614 17525 17704 19140 19651 20002 22332
COLS: 11 12 18 19 20 23 25 26 27 52 66 67 70 74 77 96
ROWS: 717 787 4224 4676 4689 4882 6097 6975 8314 8468 8861 10949 11783 11854 12358 12421 13244 14246 14706 18303 19954 20680 21251 21413 21633 22023 22049 22374
COLS: 16 20 36 38 66 70 82 85 93 94 96 108 119 120 122
ROWS: 709 2652 3515 6270 6331 8988 9679 9768 9913 10577 10581 10941 12691 12930 14058 15007 16009 16745 16974 17199 17637 20209 20217
COLS: 5 7 8 9 11 13 14 21 22 25 26 48 67 77 93 94 96 119
ROWS: 2801 4353 4794 5601 5796 6009 6487 7137 8664 11708 12224 12607 14533 14545 15463 15744 16233 16485 17168 18239 18269 19687 21047 21973
COLS: 5 7 9 10 13 14 17 19 21 22 27 70 86 94 96
ROWS: 728 1322 2492 3461 3520 5346 5951 7314 7740 8566 8898 12142 12318 12836 13052 13066 13297 14406 16111 16331 18208 18610 19138 19711 20691 20752 21195 21721
COLS: 9 10 14 19 21 23 28 36 52 85 86 93 96 108 120
ROWS: 432 454 1116 2484 2495 5282 5523 5753 6224 6321 6518 7197 7664 8806 10090 11271 12011 13368 13661 13736 14516 14723 15399 16540 17245 18773 20793 20974 21841 22103
COLS: 11 14 23 25 26 28 35 66 67 70 74 85 104 119
ROWS: 1453 1489 3605 4413 4422 5434 6687 7255 7455 7645 7739 7771 8895 9486 9759 11139 11206 11754 12814 13511 14565 16045 16388 19276 19489 19785
COLS: 5 7 8 11 13 17 21 37 39 66 94 96 110 122
ROWS: 863 1379 2689 7660 8864 8928 9694 10630 11138 11151 11661 12563 12811 12937 13130 15174 16375 17488 17515 18415 20178 20782 22099 22348
COLS: 5 7 11 14 18 20 33 52 63 93 94 103 110 122
ROWS: 334 1234 2826 3838 4324 6498 7490 8017 8218 8476 8503 9790 10349 10389 12985 13040 14776 16203 16257 16482 17200 18299 18693 19972 20536 20653 20839 21071 21231 22026
COLS: 5 8 11 12 15 16 20 21 25 66 96 103 120
ROWS: 4358 4977 5030 6012 6276 6733 6880 6910 10161 10372 10475 10578 10931 11030 12111 13089 14276 14332 18464 19465 20666 21545 21550 21774
COLS: 5 7 9 10 11 17 20 25 26 27 37 38 39 52 66 85
ROWS: 1155 3479 3926 6755 7389 7442 8609 9745 10611 10688 11118 11240 11410 12327 12744 12976 13268 13526 14149 16135 18882 19566 20043 20186 21225 22241 22384
COLS: 8 11 12 14 16 17 21 22 27 28 33 82 85 93
ROWS: 350 613 1340 2146 4180 4262 4708 5241 5288 6471 7226 8014 8158 8489 8568 8869 10188 11330 12070 12397 12634 14570 15385 18118 21164 21427 22120 22248
COLS: 7 9 10 11 13 14 18 20 33 37 38 48 94 119 122
GO:0019915, 0.00056473424995, 0.0473172528366
GO:0045161, 0.000922509225092, 0.0473172528366
GO:0034763, 0.00184427371895, 0.0473172528366
GO:0042992, 0.00184427371895, 0.0473172528366
GO:0046823, 0.00184427371895, 0.0473172528366
GO:0090317, 0.00184427371895, 0.0473172528366
GO:0010260, 0.00276529399694, 0.0473172528366
GO:0032386, 0.00276529399694, 0.0473172528366
GO:0042306, 0.00276529399694, 0.0473172528366
ROWS: 4297 5356 6395 7035 7240 8019 9905 10168 11193 12023 12508 12816 13546 14359 16244 17065 17110 17897 18179 19512 19632 19833 20227 21415 21653
COLS: 10 11 12 17 18 19 20 28 38 39 63 66 70 77
ROWS: 1628 2382 4144 5007 7824 10799 10838 11186 11442 12717 13380 14030 14323 15259 15761 16173 16401 16788 17000 18606 18611 20110 20137 20396 21639 22428
COLS: 5 8 12 14 16 19 20 23 48 67 70 74 77 108 122
ROWS: 25 133 2361 5764 6330 7869 7891 8042 8824 9593 9720 11211 11349 11558 11562 11660 13228 13689 14061 15904 16657 16756 18500 19184 19621 19706 19733
COLS: 5 7 9 16 19 23 26 52 66 70 77 82 94 96 103 110
ROWS: 540 592 833 908 4270 4907 4964 7118 7130 7485 7706 8962 9140 10622 11188 11392 11414 11802 11822 13349 13444 13565 14203 15436 16478 17139 20374 21632 21975
COLS: 5 18 28 36 39 52 55 66 67 86 93 96 108 110 120
ROWS: 760 1369 2037 4213 5693 5729 7160 7359 8176 8287 8563 9168 9611 10928 11797 11870 12748 13205 13649 13794 15371 19690 19871 19980 20288 22313
COLS: 7 12 14 19 27 38 63 66 74 82 93 94 96 120
ROWS: 622 635 1307 5499 5696 5808 6146 6219 7002 7008 7390 7727 8128 8756 9125 10334 12078 13874 14167 14209 15186 17266 18386 18479 21582 22335 22539
COLS: 8 13 20 25 26 27 35 67 85 93 104 110 120 122
GO:0019509, 0.00138328511866, 0.0195829801701
GO:0071265, 0.00138328511866, 0.0195829801701
GO:0006555, 0.00207444905103, 0.0195829801701
GO:0043094, 0.00241991139269, 0.0195829801701
GO:0000097, 0.00311059687298, 0.0195829801701
GO:0009067, 0.00345582003002, 0.0195829801701
GO:0006790, 0.00759228318193, 0.0368768040265
ROWS: 3227 3358 4801 5478 5821 5976 6001 6382 6559 7805 8486 9285 9716 11335 11923 12441 12625 12765 13167 13417 14381 15276 17061 17779 18109 18489 18557 19386
COLS: 7 8 12 19 21 26 38 39 48 63 66 70 74 119 120
ROWS: 1760 4259 5492 6465 6725 6875 8357 8911 9488 9566 10488 11272 11294 11501 11996 12577 13529 13906 15050 16481 17654 19420 21435
COLS: 9 12 13 14 22 23 25 33 36 39 66 93 108 110 122
ROWS: 346 390 3349 4556 5056 5150 5849 6072 6293 6764 7116 7415 7867 10000 10365 11130 11400 11767 12285 13437 13983 17004 17767 18566 19235 19945 20904 22306
COLS: 5 7 8 10 11 12 16 33 36 47 52 55 63 77 85
ROWS: 1743 2659 5399 6955 7313 7790 8052 8741 8742 9322 9350 9511 10082 11177 11812 12670 13105 13507 14756 15652 15934 16994 18197 18376 19078 20042 21074
COLS: 5 7 16 18 19 21 25 35 37 86 94 96 110
ROWS: 4333 6023 6205 6837 8595 9096 9521 9849 9864 9929 10083 10591 10624 10671 10682 14094 15061 15162 16353 18138 18719 19534 20646
COLS: 10 14 16 18 19 21 26 48 52 63 77 82 85 93 103 122
ROWS: 554 562 5226 6367 6536 8498 9153 9411 9993 10600 12291 12890 13572 14115 16671 17328 17386 18262 18567 18598 18697 19141 19499 19897 20954 22336
COLS: 9 20 25 26 28 35 52 66 70 74 82 85 93 103
ROWS: 839 3930 4778 6064 6314 6669 8582 9212 9543 10302 10383 12170 12429 13818 14554 14562 14701 14818 16411 17032 17153 18741 19144 19513 22004 22253
COLS: 10 17 20 22 33 63 66 67 70 77 82 93 96 122
ROWS: 3674 4814 5663 5969 6587 6772 7144 8521 9806 10307 10961 11417 12998 13328 13881 13910 14247 14350 14488 15865 16405 16971 18482 20665 20817 21733
COLS: 7 8 10 12 13 23 27 31 37 96 108 110 120
GO:0042595, 0.00103782287823, 0.0290456354281
GO:0006458, 0.00207468824486, 0.0290456354281
GO:0051085, 0.00207468824486, 0.0290456354281
ROWS: 552 3580 3587 4159 5089 5743 6069 6371 6591 7934 8170 8776 10012 10450 10814 11178 11200 11935 13137 13379 13839 14140 14231 14505 16396 16779 17390 18088 18529 19150
COLS: 11 12 13 14 17 18 21 25 28 33 52 66 77 110
ROWS: 1073 1284 1449 4179 4229 4606 6779 9690 10314 10533 10699 11756 11849 11992 13296 13673 18080 18745 20065 20202 20916 22190 22329
COLS: 8 12 27 35 39 66 70 77 85 86 93 96 110
ROWS: 1217 2546 4370 4931 4954 5738 6007 6358 6462 7868 8684 9178 10994 11013 13633 14315 14433 14785 16247 16681 16737 17051 17063 17739 17817 18881 19240 19696 22346
COLS: 7 9 14 16 23 26 27 31 37 52 104 108 122
ROWS: 696 761 852 1177 2635 2800 5293 5721 6675 7936 8512 8748 8936 10648 10735 11087 11698 13863 13918 17532 20674 21126
COLS: 5 16 21 22 25 33 39 48 82 85 94 96 103 104 119
ROWS: 5359 5863 6027 6704 8777 9463 9638 9647 9852 11725 11956 12109 12527 13122 13923 17492 18408 19290 20893 21649 21743 21960
COLS: 8 12 19 23 25 28 35 36 47 66 74 77 82 94 122
GO:0006952, 0.000146713142274, 0.0217135450566
GO:0040017, 0.000800814549858, 0.0469326568266
GO:0001934, 0.0012684501845, 0.0469326568266
GO:0045937, 0.0012684501845, 0.0469326568266
ROWS: 782 4128 4210 4215 4437 5958 6825 7224 7838 8948 11172 11669 12082 12265 12493 12700 13523 13711 13877 17535 17738 18691 19177 19605 20532 20857 21449
COLS: 18 22 27 33 35 63 77 86 93 94 96 108 122
ROWS: 4765 5208 5852 6686 6859 7619 8574 8828 9279 10760 11790 13415 14258 14380 15428 16585 17145 18222 18866 19106 19271 20734 21033 21667 21756 21836 22320
COLS: 7 8 9 13 14 16 23 26 47 66 70 77 82 85 120
ROWS: 883 4788 5274 6307 6773 7827 8238 9310 9606 10328 11103 12973 13119 15037 15054 17655 18016 18409 18555 19356 20103
COLS: 5 7 8 9 12 14 15 16 17 18 21 25 26 33 108 119
ROWS: 1372 1373 3158 4703 4803 5465 6172 8686 10602 11416 11991 12348 12660 12916 13214 14397 16946 18790 19438 19501 21901
COLS: 11 14 18 21 23 27 28 36 39 66 74 82 85 86 120
ROWS: 4216 5211 6028 6290 6427 6452 6578 7469 7747 8123 8811 10466 11337 12127 12453 12551 13234 13583 14839 15420 16484 17204 17792 17804 18778 19103 19335 19546 19638 19737 19806 20630 21250
COLS: 11 14 19 26 35 52 63 66 77 96 119 120 122
ROWS: 731 4674 5196 6234 6820 7581 9074 9123 9810 10060 12039 13471 13685 14555 14837 15071 15318 15558 16834 17728 19175 19457 19982 20044 20159 20875
COLS: 8 9 11 12 14 18 19 25 28 63 66 77 93
GO:0006813, 0.000329410682827, 0.0289881400888
ROWS: 589 4535 6043 7438 7487 7969 8172 8461 8610 9266 9581 9588 10749 11643 11945 13535 13964 17907 18798 19480 20823 21414 22518
COLS: 5 10 11 12 14 25 33 38 63 77 82 96 120 122
