ROWS: 10 139 339 354 370 544 639 647 748 800 1305 1363 1517 1753 2418 3154 3478 3784 4288 5083 5101 5136 5232 5618 5972 6004 6011 6134 6160 6438 6571 6644 6946 7029 7296 7612 7789 7824 8040 8433
COLS: 4 11 12 13 15 18 25 111
GO:0007276, 2.67956833894e-05, 0.0195072575075
GO:0016265, 5.46134272129e-05, 0.0198792875055
GO:0010941, 0.000146418176781, 0.0355308108988
GO:0043518, 0.000305088775236, 0.0464333102574
GO:0043069, 0.000318910097922, 0.0464333102574
ROWS: 155 886 1064 1066 1337 1594 1728 2426 3764 3993 4216 4222 5416 5435 6224 6359 6715 6981 7047 7117 7397 7772 7991 8294 8398 8672
COLS: 11 13 58 59 111
ROWS: 462 683 1377 1420 2872 7207 7537
COLS: 11 18 19 20 24
ROWS: 558 2609 4217
COLS: 10 12 18 19 22 23 26 27 111
GO:0070208, 3.35090847597e-07, 3.41792664549e-05
GO:0043589, 2.00991134402e-06, 0.000102505478545
GO:0030199, 4.01221778938e-05, 0.00136415404839
GO:0008544, 0.000711519864697, 0.0181437565498
GO:0060346, 0.00141743428533, 0.0283186938876
GO:0043062, 0.0016658055228, 0.0283186938876
GO:0034505, 0.00283352852415, 0.0388789373468
GO:0051259, 0.00314446336174, 0.0388789373468
GO:0001957, 0.00354107332415, 0.0388789373468
GO:0048729, 0.00395292017636, 0.0388789373468
GO:0001568, 0.00479581545774, 0.0388789373468
GO:0060325, 0.00495515868146, 0.0388789373468
GO:0060351, 0.00495515868146, 0.0388789373468
GO:0071300, 0.00566169939718, 0.0412495241795
GO:0060322, 0.00636790557659, 0.0433017579208
GO:0001958, 0.0077793146433, 0.0466758878598
GO:0010171, 0.0077793146433, 0.0466758878598
GO:0010812, 0.00848451768904, 0.0480789335712
