ROWS: 6 10 31 36 63 80 81 105 112 117 134 135 139 148 155 173 188 202 204 265 267 279 303 337 339 354 367 370 385 386 412 441 444 450 487 512 531 544 584 639 641 647 692 699 730 740 742 748 752 781 791 800 803 814 819 831 835 851 880 886 892 927 935 944 955 956 957 964 989 992 994 1003 1008 1010 1021 1064 1066 1079 1163 1165 1219 1252 1287 1305 1326 1327 1334 1336 1337 1340 1344 1345 1363 1376 1410 1411 1413 1415 1430 1463 1491 1517 1534 1544 1594 1643 1655 1657 1662 1674 1678 1697 1702 1706 1726 1728 1731 1732 1753 1781 1803 1814 1824 1871 1902 1917 1918 1919 1929 1933 1951 1961 1969 1989 1992 1997 2003 2030 2069 2071 2074 2075 2076 2093 2155 2156 2171 2215 2232 2269 2296 2325 2328 2332 2333 2352 2354 2389 2392 2401 2405 2410 2418 2426 2441 2448 2463 2488 2509 2512 2513 2520 2524 2527 2555 2567 2593 2601 2627 2643 2645 2664 2670 2684 2685 2696 2701 2734 2743 2746 2757 2763 2768 2791 2799 2809 2810 2816 2854 2855 2858 2862 2898 2913 2922 2927 2933 2952 2960 2966 2990 3048 3052 3053 3073 3080 3083 3129 3148 3154 3156 3159 3162 3171 3187 3199 3205 3218 3234 3236 3331 3358 3388 3403 3410 3458 3478 3518 3566 3578 3581 3611 3623 3635 3638 3658 3707 3731 3761 3770 3776 3784 3788 3818 3854 3872 3881 3935 3954 3964 3993 4008 4037 4099 4152 4203 4222 4268 4273 4288 4293 4330 4331 4390 4417 4448 4470 4501 4515 4532 4536 4556 4613 4642 4678 4684 4697 4740 4756 4770 4789 4853 4865 4943 4947 4988 5041 5071 5083 5101 5106 5130 5136 5158 5166 5174 5179 5185 5191 5197 5220 5232 5312 5363 5369 5400 5416 5417 5426 5430 5435 5441 5450 5470 5575 5576 5577 5579 5586 5614 5618 5676 5776 5817 5920 5923 5926 5935 5936 5972 5994 6004 6008 6011 6021 6027 6029 6036 6053 6091 6134 6136 6141 6151 6160 6168 6178 6201 6208 6215 6224 6229 6232 6235 6237 6246 6265 6267 6273 6279 6304 6328 6353 6359 6376 6384 6390 6395 6399 6401 6406 6429 6434 6438 6440 6447 6469 6525 6526 6528 6537 6557 6571 6640 6644 6709 6715 6732 6742 6751 6781 6798 6806 6816 6825 6830 6863 6868 6878 6916 6917 6924 6936 6941 6944 6946 6975 7029 7047 7108 7111 7117 7138 7152 7162 7172 7216 7231 7269 7279 7296 7303 7316 7336 7358 7368 7371 7443 7454 7465 7480 7503 7524 7579 7583 7587 7601 7611 7612 7613 7617 7632 7645 7662 7665 7666 7683 7693 7696 7732 7733 7742 7752 7769 7772 7773 7782 7789 7790 7815 7824 7830 7835 7852 7870 7876 7889 7906 7918 7935 7938 7990 7991 7993 8012 8023 8039 8040 8041 8051 8056 8059 8061 8116 8185 8196 8198 8250 8252 8256 8266 8294 8318 8371 8381 8404 8421 8432 8433 8434 8460 8485 8487 8554 8558 8565 8566 8590 8606 8610 8614 8642 8658 8661 8664 8672 8673 8675 8679 8688 8697 8698 8710 8719 8734 8745 8755 8795 8796
COLS: 2 3 28 29 30 31 32 33 34 35 36 37 38 39 40 41 42 43 44 45 46 47 48 49 50 51 52 53 54 55 56 57 61 62 63 64 65 66 67 68 69 70 71 72 73 74 75 76 77 78 79 80 81 82 83 84 85 86 87 88 89 90 91 92 93 94 95 96 97 98 99 100 101 102 103 104 105 106 107 108 109 110 111 112 113 115 116 117 118 119 121
GO:0060562, 2.88787351624e-07, 0.000993717276937
GO:0001763, 3.87889857965e-05, 0.0425948897929
GO:0001657, 4.38830528284e-05, 0.0425948897929
GO:0009887, 5.27380911065e-05, 0.0425948897929
GO:0001658, 6.60382076842e-05, 0.0425948897929
GO:0009617, 7.42718217837e-05, 0.0425948897929
ROWS: 93 152 221 266 323 461 534 876 881 960 962 1012 1096 1309 1342 1668 1750 1872 1875 1878 1892 1913 1940 1998 2031 2081 2094 2160 2249 2297 2320 2479 2546 2547 2562 2573 2606 2687 2699 2713 2759 2783 2825 2875 2903 3040 3127 3204 3294 3368 3432 3585 3684 3740 4249 4290 4361 4415 4459 4508 4519 4575 4869 4989 4994 5036 5114 5192 5208 5310 5399 5498 5683 5741 5818 5906 5968 5976 5984 6009 6031 6032 6069 6094 6106 6119 6180 6205 6233 6241 6286 6315 6317 6325 6360 6378 6412 6442 6470 6489 6496 6506 6610 6693 6710 6738 6757 6761 6771 6884 6980 7130 7193 7212 7268 7306 7326 7402 7491 7550 7651 7827 8088 8159 8340 8398 8405 8530 8539 8574 8587 8632 8690 8783
COLS: 2 40 41 42 44 46 47 48 49 50 51 52 53 54 61 62 63 64 65 66 71 72 73 74 76 77 78 79 80 81 82 85 87 93 94 95 96 97 98 99 100 101 104 106 107 108 109 115 116 117 118 119
ROWS: 102 127 141 308 310 379 482 509 513 523 553 642 650 668 732 790 804 953 1129 1229 1339 1365 1407 1557 1566 1686 1725 1733 1783 1840 1893 1915 1920 1927 1956 1983 2102 2175 2342 2494 2503 2549 2689 2700 2756 2776 2798 3151 3724 3888 3968 3992 4025 4100 4102 4150 4266 4314 4343 4392 4660 4685 4706 4872 4890 4917 5011 5075 5193 5245 5274 5290 5380 5406 5483 5616 5647 5680 5887 5917 6132 6149 6202 6204 6256 6285 6299 6302 6362 6448 6460 6463 6471 6477 6575 6589 6623 6730 6740 7020 7030 7055 7182 7191 7277 7313 7397 7596 7867 7877 7916 7932 8062 8129 8186 8329 8401 8416 8438 8494 8523 8781
COLS: 3 42 44 46 47 48 49 50 51 52 53 54 61 62 63 64 65 66 70 71 73 75 77 79 80 81 82 86 87 93 94 95 96 97 98 99 101 104 106 107 108 109 115 116 117 118 119
ROWS: 73 111 227 371 423 541 648 657 753 1140 1306 1308 1315 1444 1622 1665 1876 1901 2191 2253 2350 2481 2495 2561 2603 2710 3034 3044 3067 3078 3120 3376 3681 3726 3942 3952 4028 4251 4302 4340 4530 4681 4794 4821 4861 4879 4929 5069 5268 5336 5398 5408 5736 5938 5980 6044 6196 6206 6595 6881 6885 6981 7178 7183 7581 7630 7781 8660
COLS: 36 46 50 52 53 61 62 64 66 73 77 79 80 81 82 84 85 87 89 90 93 94 95 96 98 101 106 107 108 109 115 116 117 118 119
ROWS: 114 368 636 812 948 950 951 958 1090 1409 1561 1962 1978 2004 2057 2504 2530 2533 2622 2626 2686 2826 2857 2948 3061 3552 3728 3748 3796 3811 3997 4121 4137 4142 4667 4764 5267 5383 5390 5691 5958 6041 6051 6052 6088 6282 6320 6356 6686 6737 6891 6966 7209 7210 7320 7341 7347 7721 7895 7984 8013 8042 8096 8112 8184 8247 8322 8447 8680
COLS: 3 38 39 40 50 51 52 53 54 61 62 64 65 66 73 78 79 80 81 82 87 93 94 95 96 97 98 99 101 103 104 106 107 108 109 115 116 117 118 119
ROWS: 43 170 314 409 439 566 586 818 1013 1136 1279 1424 1480 1635 1912 2161 2316 2344 3237 4880 4968 5214 5261 5420 5448 5629 5962 6188 6261 6269 6391 6844 7920 7985 8010 8079 8478
COLS: 36 42 43 45 47 50 51 52 56 63 69 70 73 74 77 80 81 82 86 87 88 93 98 99 100 104 107 109 116 119
ROWS: 213 475 563 583 613 963 1026 1490 1495 1777 1873 2049 2216 2298 2474 2611 2979 3370 3671 3764 3799 4045 4391 4569 5093 5156 5228 5248 6026 6030 6085 6219 6242 6305 6433 6689 6912 6985 6987 7248 7275 7557 7607 7886 8275 8343 8489
COLS: 42 49 50 52 53 54 61 62 64 65 70 73 74 79 80 81 82 84 86 87 93 94 95 98 107 108 115 116 117 119
ROWS: 366 413 533 947 1040 1086 1154 1190 1717 1966 1979 2398 2605 3409 3963 4212 4547 4896 5035 5559 6278 6720 7149 8431 8515
COLS: 3 46 48 49 52 53 61 62 63 64 71 77 78 79 80 81 82 85 87 89 92 95 96 101 107 108 116 119
ROWS: 548 551 578 655 966 1960 2153 2240 2294 2532 2551 2677 2688 3019 3246 3278 3467 3593 3744 3987 4026 4474 4497 4805 4864 4867 5202 5562 5594 5766 5960 6076 6107 6170 6341 6398 6400 6443 6893 6931 7044 7389 7515 7685 7698 8084 8230 8674 8740 8741
COLS: 49 50 52 53 54 61 62 63 64 65 73 80 82 87 93 94 96 98 99 106 107 109 116 118 119
ROWS: 528 540 697 1046 1747 2109 2758 2832 3004 3870 4129 4423 4484 4925 5609 5880 5995 6022 6045 6175 6272 6870 7494 8137 8490 8681 8752
COLS: 28 42 43 50 53 62 66 70 74 77 78 79 81 82 85 86 89 94 95 98 107 115 117 119
ROWS: 77 372 679 754 805 1105 1352 1906 2084 2642 3029 3232 3269 3285 3844 4130 4229 4267 4335 4830 4946 5070 5196 5404 5423 6245 6864 7188 7240 7278 7464 7518 7578 7597 7909 8553 8563 8754
COLS: 3 46 50 51 52 54 61 64 65 66 73 74 79 80 81 86 87 89 90 93 94 98 100 107 109 115 117 119
GO:0018119, 3.92056291688e-05, 0.0325798778393
ROWS: 210 557 614 1193 1362 1440 1628 2362 2366 2453 2790 3332 3563 4772 4973 5005 5154 5195 6274 6593 6702 7097 7960 8373
COLS: 61 63 64 65 66 70 79 80 81 87 93 95 99 101 115 116 118 119
ROWS: 116 744 832 874 1119 1167 1823 1922 2226 2321 3165 3417 3640 3916 4184 4452 4980 5042 5763 5867 5928 6104 6336 7065 7511 7582 7586 7650 7910 8482
COLS: 50 52 53 54 71 73 77 80 81 82 93 94 95 98 104 106 107 116 119
ROWS: 1035 1244 2314 3153 3215 3243 3496 4782 5352 6058 6182 6405 6439 6450 7564 8117 8364 8385 8492 8569 8703
COLS: 28 31 32 46 47 48 52 62 65 67 69 71 77 80 81 87 99 101 108 109 115
ROWS: 262 823 1700 1734 2176 2197 2961 3085 3607 3648 3940 4079 4572 5820 5953 6071 6262 6280 6300 6340 6349 6950 6995 7254 7259 7386 7653 7832 8166 8662
COLS: 50 52 53 62 64 66 80 81 82 93 94 95 98 107 109 115 116 117 119
ROWS: 369 1099 2669 2695 3002 3473 4033 4762 4842 4984 6013 6318 6465 6547 6890 7471 7555 7647 7754 8653
COLS: 50 52 53 61 64 70 71 78 89 94 96 97 106 109 117 118 119
ROWS: 99 113 691 767 1125 2355 2508 2534 4097 4935 5313 5861 6173 6342 6996 7015 7554 7979 8425 8458 8557
COLS: 42 43 52 53 54 62 73 79 81 82 87 93 94 98 107 115 116 119
GO:0033005, 0.000174485529022, 0.0467097862388
GO:0043306, 0.000174485529022, 0.0467097862388
GO:0033006, 0.000324373515547, 0.0467097862388
GO:0043300, 0.000324373515547, 0.0467097862388
GO:0002886, 0.000416197594192, 0.0479459628509
ROWS: 704 710 1835 2610 3136 3786 4482 6034 6234 6367 6813 6906 7113 7559 8573 8682 8684
COLS: 32 36 38 39 44 51 52 53 67 69 72 73 79 80 82 99 100 107 109
ROWS: 225 284 1361 1448 1632 2521 2650 2971 2995 3071 3161 3436 3505 3661 5157 6003 6065 6142 6150 6176 6498 7472 7692 7758 8158
COLS: 50 52 53 61 64 66 74 80 81 82 86 93 94 98 99 107 108 109 115 116 117 119
ROWS: 714 749 1371 1477 3079 4139 5535 5934 6312 6910 7132 7342 7374 7673 7866 8174 8305
COLS: 49 50 52 53 61 79 80 81 93 94 95 106 107 116 117
ROWS: 34 352 670 965 2672 2739 3281 3797 4061 4926 5117 5129 5314 5619 5686 5946 6455 6873 6894 6947 8359 8735
COLS: 42 52 53 66 73 79 81 87 93 94 109 118
GO:0032733, 4.40926800087e-05, 0.0260103685676
GO:0045348, 7.33719846758e-05, 0.0260103685676
GO:0032735, 0.00015359590759, 0.0362998328271
ROWS: 468 536 776 1269 1564 1652 2206 2338 2604 2870 2949 3007 4065 6275 6633
COLS: 49 50 54 62 65 70 74 80 94 96 101 107 109 116 117 119
ROWS: 799 1177 2510 2936 3097 3245 4856 5871 5929 7604 8101 8550 8637 8638
COLS: 51 53 79 80 81 82 93 95 99 102 106 109 115
GO:0006957, 3.11865006125e-05, 0.00570712961209
GO:0006954, 0.000303231610924, 0.0277456923995
GO:0002541, 0.000775686866364, 0.0314487025262
GO:0001798, 0.00189035916824, 0.0314487025262
GO:0001866, 0.00189035916824, 0.0314487025262
GO:0001970, 0.00189035916824, 0.0314487025262
GO:0002888, 0.00189035916824, 0.0314487025262
GO:0002892, 0.00189035916824, 0.0314487025262
GO:0010954, 0.00189035916824, 0.0314487025262
GO:0045062, 0.00189035916824, 0.0314487025262
GO:0050691, 0.00189035916824, 0.0314487025262
ROWS: 1658 2089 2309 2736 2767 3430 3543 3729 5389 6042 6293 6452 6991 7131 8620
COLS: 48 50 53 54 61 62 64 73 74 80 82 93 94 95 107 115 116 117 119
ROWS: 330 1120 2423 3241 6023 6190 6284 7223 7400 8264 8491 8520 8624
COLS: 48 50 54 61 62 64 74 79 81 87 96 98 109 116
ROWS: 945 1000 1216 1449 1834 3016 4256 5480 5951 5961 6216 6220
COLS: 50 52 64 70 71 73 78 82 86 97 106
GO:0016540, 6.00506056882e-05, 0.0103287041784
ROWS: 717 1485 1532 1719 1937 3239 4132 4345 4800 4875 4970 5768 6307 6419 6555 6882 7089 7127 7405 7962 8015 8312 8782
COLS: 50 53 62 64 65 77 79 81 87 93 94 95 99 101 107 108 116 119
ROWS: 123 340 374 1102 1176 2125 2600 2807 4015 4461 6164 6357 6622 7900
COLS: 36 46 50 53 66 73 74 79 80 85 86 87 89 90 104 107 119
GO:0001781, 1.84038547786e-05, 0.0118720265186
GO:0050755, 3.67555000577e-05, 0.0118720265186
GO:0042832, 6.11722743978e-05, 0.0131724297537
GO:0010675, 0.000104912469138, 0.0158297000977
GO:0051971, 0.000122520898589, 0.0158297000977
GO:0002262, 0.00047175617364, 0.0460768927326
GO:0051052, 0.000499285215369, 0.0460768927326
ROWS: 401 959 995 1386 2501 2539 4143 5169 5474 5751 6018 6140 6314 7488 7497 7664 7812
COLS: 52 62 77 80 93 94 101 106 118 119
ROWS: 78 396 518 1294 1468 1692 1954 2272 3020 3738 3974 4954 6122 6338 6425 6598 7126 7337 8635
COLS: 50 51 52 54 61 64 81 82 89 93 94 99 100 117 118
ROWS: 1318 1607 1704 1914 2329 2901 3260 4308 5259 6040 6240 6252 8119 8529
COLS: 42 49 50 53 87 89 94 96 98 107 109
ROWS: 174 190 733 946 961 1403 1758 1813 2732 3130 4690 6056 6067 6327 6365 8586
COLS: 52 53 61 80 85 89 100 106 107 108 117
ROWS: 349 911 2447 2982 3292 3913 3938 3975 3984 4796 5217 5365 5465 5611 5898 6886 8085 8775
COLS: 47 49 50 53 62 64 65 66 80 82 87 98 106 107 108 109 115 116
ROWS: 952 2737 3185 4044 5200 6550 7146 7549 7606 7674 7725 8100 8751
COLS: 53 62 64 66 70 82 87 94 98 108 116 117
ROWS: 283 351 2867 3225 3507 3898 5641 5722 6010 6370 7508 8394 8572 8588 8708
COLS: 36 52 69 73 77 80 94 95 96 106 108
ROWS: 153 1211 1656 1681 2900 3461 3925 6064 6428 6815 6963 7686 8055
COLS: 50 52 62 66 81 93 95 98 107 116 119
ROWS: 7 1074 1292 2058 2157 2265 2270 2468 3829 4339 5881 6110 8102
COLS: 47 51 52 62 65 77 80 81 109 118 119
GO:0010763, 4.02109017116e-06, 0.00281476311981
GO:0050921, 2.1226076521e-05, 0.00742912678235
GO:0050795, 0.000139564000815, 0.0325649335236
ROWS: 39 1290 3634 3769 4216 4313 5087 5123 6926 7119 7486 8650
COLS: 50 52 53 54 62 77 79 80 101 102 119
ROWS: 345 633 933 1240 1612 2853 3542 3889 4282 4928 5460 5708 6039 6112 7534 7548 7775 7919
COLS: 46 49 52 53 62 73 79 80 81 87 93 97 98 108 115 116 117 118 119
ROWS: 424 768 1063 1782 2029 2182 2228 5247 5639 6195 7682
COLS: 53 61 62 65 73 78 79 80 81 89 94 96 106 117 119
ROWS: 1858 2287 2464 2537 3886 5212 5273 5433 5539 6194 6457 6510 6512 6972
COLS: 49 53 64 65 82 96 99 101 115 118 119
ROWS: 808 1058 1175 2101 2411 2498 3533 3953 7535 7844 8209 8743
COLS: 51 61 63 66 82 87 93 94 96 98 108 117 118
ROWS: 62 347 637 884 1597 2236 2676 2740 2887 3315 4395 5142 5167 5563 5785 6642 6888 7360 7580 7820 8016
COLS: 49 50 51 52 53 54 61 62 64 70 79 80 81 82 87 94 95 96 98 106 109 115 118
ROWS: 1701 1718 2657 4584 5233 5244 6108 6635 6735 6827 6933 7456
COLS: 71 73 78 79 80 100 102 107 116 117
GO:0043030, 1.40516425121e-05, 0.00543798565217
ROWS: 100 324 383 2473 2706 4303 4707 4840 4848 5211 5545 6183 7761 7857 8363
COLS: 32 36 37 42 51 56 67 76 87 89 99 103 104 108 116
GO:0034440, 7.3390332069e-06, 0.00325853074386
ROWS: 628 873 1446 2978 3665 4020 5165 6230 6303 6478 7272 7309 7573 8377
COLS: 50 52 64 66 80 94 98 106 107 116 119
ROWS: 1228 1234 1720 2032 2705 3075 4003 5437 6147 6213 7201 7706 8531 8596
COLS: 52 53 62 81 82 87 94 108 109 119
ROWS: 610 1016 1729 2928 4627 6221 6416 6998 7552 7570 7588 8068
COLS: 42 61 73 76 77 79 81 87 94 98 104 115
ROWS: 590 2811 4422 4596 5180 5411 6319 6383 6437 6653 6913 7788
COLS: 52 54 64 82 94 96 100 107 109
ROWS: 264 1338 1416 1620 1791 2548 3231 4172 4291 5016 6354 6666 7049 8162 8234
COLS: 50 52 53 71 82 94 95 97 101 107 116 119
ROWS: 1675 1712 1767 2773 2869 4318 6014 6343 6347 6368 7073 7239 7353 7434
COLS: 42 50 52 61 62 64 79 93 109
ROWS: 177 1226 1293 1360 1633 2070 3141 4167 4384 6330 7840 8254 8459
COLS: 45 51 52 53 64 65 81 86 87 115 116 117 119
ROWS: 1241 1417 1756 1866 2289 3534 4111 5424 5863 6923 7068 7226 8291
COLS: 46 52 61 62 66 73 93 95 96 97 119
ROWS: 532 2815 2977 4024 4957 5203 7235 7468 8328 8695 8760
COLS: 52 64 66 82 85 95 102 117 119
ROWS: 1264 2252 2846 3367 3753 4019 4888 4999 5103 5188 6177 7715 7858 7903 8114 8217 8477 8481 8787
COLS: 50 51 52 53 61 62 64 81 82 93 94 96 100 101 107 116 118 119
ROWS: 669 1390 2335 3178 5876 5988 6948 7187 7855 8191 8437 8516
COLS: 28 48 50 51 54 73 81 93 99 107 109
ROWS: 472 1615 2614 2981 3887 4228 4780 6077 7038 7633
COLS: 46 50 51 53 79 80 87 93 104 107
ROWS: 338 375 644 802 1107 1367 1590 2595 2634 2635 3455 5181 5189 5463 6324 7177
COLS: 47 50 62 64 65 77 80 87 93 106 107 109 117 119
ROWS: 452 1091 1268 2800 5037 7615 7929 8353 8370
COLS: 45 46 49 50 52 81 87 94 96 101 118 119
ROWS: 355 1147 2068 4179 4338 5177 5885 5933 6099 6659 7270 7691 7816 8643
COLS: 62 64 66 93 94 96 98 116 117 119
ROWS: 1822 3254 4489 5018 5052 5987 6983 7232 7528 7600 7726 8317 8683 8742
COLS: 49 52 54 61 62 64 65 94 95 98 101 106 107 108 115
ROWS: 2483 2656 3163 3571 5421 6057 6568 7050 7562 7622 8407
COLS: 42 43 45 51 52 53 71 77 80 81 82 87 99 106 108
ROWS: 50 1760 2351 3645 4058 5090 5171 5464 6084 6095 6155 6171 6409 7765 8269
COLS: 46 52 53 62 73 80 82 87 93 94 98 100 116 118
ROWS: 435 1037 1737 1936 3336 4160 4233 4677 6174 6308 6671 7061
COLS: 52 53 64 80 81 93 107 115 116 117
GO:0045926, 5.42578989996e-05, 0.0031916813334
GO:0032729, 6.11722743978e-05, 0.0031916813334
GO:0044110, 6.11722743978e-05, 0.0031916813334
GO:0044130, 6.11722743978e-05, 0.0031916813334
GO:0044144, 6.11722743978e-05, 0.0031916813334
GO:0043901, 7.33719846758e-05, 0.0031916813334
GO:0002705, 0.000305088775236, 0.0113754529052
GO:0044419, 0.00089913932483, 0.0273657876185
GO:0002706, 0.000943647848915, 0.0273657876185
GO:0061032, 0.00118147448015, 0.0308364839319
GO:0043068, 0.00149808124567, 0.0355453822836
GO:0002323, 0.00236183199081, 0.0362610676236
GO:0002855, 0.00236183199081, 0.0362610676236
GO:0002860, 0.00236183199081, 0.0362610676236
GO:0002876, 0.00236183199081, 0.0362610676236
GO:0034393, 0.00236183199081, 0.0362610676236
GO:0072284, 0.00236183199081, 0.0362610676236
GO:0002697, 0.00331777458781, 0.0425050911274
GO:0032836, 0.00354107332415, 0.0425050911274
GO:0072010, 0.00354107332415, 0.0425050911274
GO:0072112, 0.00354107332415, 0.0425050911274
GO:0008285, 0.00468401505844, 0.0425050911274
GO:0010224, 0.00471919927199, 0.0425050911274
GO:0032816, 0.00471919927199, 0.0425050911274
GO:0061005, 0.00471919927199, 0.0425050911274
GO:0002293, 0.00589621062573, 0.0425050911274
GO:0002833, 0.00589621062573, 0.0425050911274
GO:0002839, 0.00589621062573, 0.0425050911274
GO:0002925, 0.00589621062573, 0.0425050911274
GO:0003338, 0.00589621062573, 0.0425050911274
GO:0007379, 0.00589621062573, 0.0425050911274
GO:0042093, 0.00589621062573, 0.0425050911274
GO:0042832, 0.00589621062573, 0.0425050911274
GO:0043367, 0.00589621062573, 0.0425050911274
GO:0060231, 0.00589621062573, 0.0425050911274
GO:0072028, 0.00589621062573, 0.0425050911274
GO:0001817, 0.00602562594527, 0.0425050911274
GO:0001823, 0.00707210817645, 0.0439481008108
GO:0002676, 0.00707210817645, 0.0439481008108
GO:0002834, 0.00707210817645, 0.0439481008108
GO:0048535, 0.00707210817645, 0.0439481008108
GO:0072210, 0.00707210817645, 0.0439481008108
GO:0002714, 0.00824689271481, 0.0480912246796
GO:0048147, 0.00824689271481, 0.0480912246796
GO:0006917, 0.008291590462, 0.0480912246796
ROWS: 185 306 3393 3565 5254 6464 6587 7461 8268 8457
COLS: 52 53 73 80 82 87 94 104 106 107 118
GO:0051045, 1.87296136732e-05, 0.00799754503845
GO:0048665, 6.53678230712e-05, 0.0139560302257
GO:0033619, 0.000526268412944, 0.0384373030876
GO:0045666, 0.00107208045023, 0.0384373030876
GO:0032583, 0.00126392633592, 0.0384373030876
GO:0009895, 0.00160355916249, 0.0384373030876
GO:0002875, 0.00189035916824, 0.0384373030876
GO:0003323, 0.00189035916824, 0.0384373030876
GO:0003359, 0.00189035916824, 0.0384373030876
GO:0007400, 0.00189035916824, 0.0384373030876
GO:0014016, 0.00189035916824, 0.0384373030876
GO:0021527, 0.00189035916824, 0.0384373030876
GO:0021530, 0.00189035916824, 0.0384373030876
GO:0030886, 0.00189035916824, 0.0384373030876
GO:0060163, 0.00189035916824, 0.0384373030876
GO:0060165, 0.00189035916824, 0.0384373030876
GO:0060166, 0.00189035916824, 0.0384373030876
GO:0061100, 0.00189035916824, 0.0384373030876
GO:0061103, 0.00189035916824, 0.0384373030876
GO:0061104, 0.00189035916824, 0.0384373030876
GO:0071259, 0.00189035916824, 0.0384373030876
GO:0030162, 0.00247156104099, 0.047970752932
ROWS: 109 1239 2154 3401 3624 5184 5948 6667 7646 8366
COLS: 50 51 61 64 65 78 81 96 115 119
ROWS: 1020 2433 2591 3302 3497 5088 5561 7364 8020 8169
COLS: 50 79 80 87 93 94 106 117
ROWS: 1585 2835 2890 3003 3588 5974 6685 6697 6879 7756 8227
COLS: 52 53 54 73 79 81 85 116
ROWS: 2385 2950 3939 4002 4460 4471 5895 6225 6818 6837 7281 7431 7605 7629 7680 8397 8611 8671
COLS: 50 52 53 54 61 62 64 65 81 87 95 116 118
ROWS: 66 271 342 3045 4746 4985 5670 5677 7485 7931
COLS: 54 61 65 70 79 80 82 93 95 119
ROWS: 172 519 840 1433 1642 3501 4549 7437 8044 8332
COLS: 50 77 80 81 82 115 117 119
ROWS: 1570 3502 4094 6184 6290 6388 6949 7276 7479 8337 8567
COLS: 54 62 70 82 93 94 98 106 107 108 116
ROWS: 535 581 646 1036 1507 3115 3545 4353 4781 5983 6509
COLS: 49 61 74 79 81 96 109 116
ROWS: 24 603 1271 2178 4218 4992 6063 6313 7315 8655
COLS: 52 54 61 62 63 65 76 107 116
ROWS: 774 3732 3937 4081 4759 5999 6103 6109 6468 6675 6799 7354 8495
COLS: 42 50 53 73 96 98 106 116 118
ROWS: 165 2132 2304 2323 3792 4118 4206 4652 5371 5617 6625 6809 7255
COLS: 53 64 80 93 94 107 108 119
ROWS: 327 1724 1991 2327 2436 2667 5567 7274 7420 7861 8736
COLS: 53 64 73 79 82 95 106 109 116 119
ROWS: 1721 3043 3347 4555 4991 5599 5971 6254 6880
COLS: 42 52 66 85 94 98 116 117
ROWS: 1497 2082 3606 4774 5206 5215 5904 7719 7872 7996
COLS: 53 61 94 98 107 108 116 119
ROWS: 17 954 2782 3383 4833 5975 6125 6156 6688 7072 7271 7681 8103 8207
COLS: 47 48 52 54 76 77 83 84 87 89 90 106 107
ROWS: 163 807 2017 2655 2725 3160 3291 4787 6292 6922 6978 7610 7783
COLS: 49 54 61 62 64 82 94 104 115 119
ROWS: 1267 2172 2221 2419 2462 2476 4086 5922 6892 7831 8368
COLS: 50 53 66 85 93 99 117
ROWS: 1608 2698 2907 4183 4226 4234 4294 6214 6369
COLS: 42 48 49 53 87 94 109 119
ROWS: 576 1395 1984 2088 5458 6181 7144 7287 7864
COLS: 43 45 49 50 61 65 66 77 80 82 87
ROWS: 634 664 1245 1488 1489 2053 2334 2631 2972 4089 5297 6563 7928 8732
COLS: 52 62 64 82 87 94 101 106 107 116 119
ROWS: 837 2727 3682 3835 4188 6404 6427 6786 7542 7625 8519
COLS: 64 73 79 81 82 93 94 97 109
ROWS: 1254 1321 1739 1996 4113 4914 5573 5583 7447
COLS: 44 54 64 85 95 99 104 107 118
ROWS: 400 1571 2337 3118 5063 7037 7556 7908
COLS: 49 54 61 70 71 82 99 104 108
ROWS: 457 464 1464 3157 4729 5439 6636 6714 7859 8066
COLS: 51 52 65 80 82 95 96 98 100 107 109 115 118 119
ROWS: 1379 1636 1745 2174 3412 4520 4693 5109 5897 6965 8192 8689
COLS: 50 71 80 102 107 108 109
ROWS: 1736 2683 2802 3677 3755 5589 5593 5944 6494 7593 7690
COLS: 49 53 61 64 93 98 107 117 118 119
ROWS: 915 949 2211 2762 4223 4803 5006 6288 6690 7784
COLS: 52 53 73 74 80 81 87 94 95 119
ROWS: 640 1030 2552 3146 3238 3951 4285 4986 6385 7083
COLS: 50 54 64 81 89 95 116 117 119
ROWS: 2399 4259 4883 5627 6033 6467 6951 7069 7970 8221
COLS: 52 53 71 74 95 108 109
ROWS: 727 1776 2545 3444 4897 5513 5652 6436 6536
COLS: 54 61 64 73 89 96 99 100 107
ROWS: 1683 4371 5886 6131 6268 6645 7024 7160 8289
COLS: 43 62 64 81 85 89 93 104 107 115
ROWS: 859 2152 2994 3344 4646 6392 7826 8067 8083 8232
COLS: 48 49 61 64 80 107 115 116 117 119
ROWS: 2286 3592 5734 5849 6089 6306 6817 7090 8559
COLS: 52 61 80 82 94 96 116 119
ROWS: 399 436 865 2652 2820 3103 3152 3890 6301 8386
COLS: 43 62 80 81 87 102 107 116
ROWS: 619 1277 1508 2814 3803 3929 6508 7806 8476 8713
COLS: 53 76 80 81 87 104 106 107
