ROWS: 1317 1921 2446 3065 3650 3651 3699 4377 4505 5288 5372 5534 5640 5706 5816 7940 8008 8124 8208 8282 8283 8576
COLS: 14 15 16 17 18 19 20 21 22 23 24 25 111 112 120
GO:0006414, 3.24406638579e-32, 6.29348878843e-30
GO:0009059, 1.83826002516e-12, 1.7831122244e-10
GO:0019538, 4.84375434023e-11, 3.13229447335e-09
GO:0044249, 1.87503385237e-09, 9.09391418398e-08
GO:0044260, 4.11290922527e-08, 1.5958087794e-06
GO:0006396, 5.5870829085e-06, 0.000180649014042
GO:0006364, 4.86260685443e-05, 0.0013476367568
GO:0033119, 0.000210423479946, 0.00510276938869
GO:0034660, 0.000305075423929, 0.00657607024914
GO:0042274, 0.00113778829112, 0.0220730928477
GO:0008152, 0.00129317084518, 0.0228068312696
ROWS: 599 1296 1351 1741 1743 1886 2027 2585 2636 2738 2787 2868 3282 4527 4528 5098 5159 5278 5328 5445 5509 5752 5828 5829 6043 6624 6777 6904 7002 7179 7917 7957 8027 8152
COLS: 4 5 6 7 8 10 12 14 15 16 17 18 19 20 21 22 23 24 25 26 27 34 58 59
ROWS: 1740 1741 4527 4528 5159 5278 5509 5752 8027
COLS: 28 29 32 33 55 56 57 68 72 83 86 88 110 111 112 113
GO:0015980, 6.57322465669e-05, 0.00292932518667
GO:0055093, 0.000116562448727, 0.00292932518667
GO:0042773, 0.000133151144849, 0.00292932518667
GO:0046688, 0.000358912544087, 0.00592205697744
GO:0015992, 0.00098920930182, 0.013057562784
GO:0055114, 0.00264716719063, 0.029118839097
GO:0006123, 0.00354107332415, 0.0292138549243
GO:0033590, 0.00354107332415, 0.0292138549243
GO:0022904, 0.0056831502053, 0.0416764348388
GO:0006120, 0.00707210817645, 0.0466759139646
ROWS: 1372 4168 5659 6851
COLS: 10 11 12 13 14 15 17 20 21 120
ROWS: 90 91 120 230 273 320 376 448 459 479 480 481 592 600 676 794 815 938 1051 1081 1082 1104 1139 1146 1169 1181 1184 1246 1284 1295 1350 1380 1382 1399 1481 1546 1591 1623 1638 1669 1677 1711 1770 1801 1827 1879 1990 2012 2026 2112 2120 2165 2205 2379 2380 2406 2434 2435 2443 2450 2540 2560 2572 2586 2658 2665 2788 2818 2872 2937 3001 3028 3133 3140 3228 3299 3446 3537 3549 3746 3851 3867 3903 3949 3958 4112 4128 4230 4246 4299 4316 4403 4444 4481 4614 4616 4832 4904 4979 5003 5032 5057 5222 5229 5345 5350 5475 5481 5487 5490 5497 5590 5689 5703 5718 5769 5771 5783 5786 5790 6239 6426 6486 6497 6511 6549 6583 6602 6615 6616 6629 6649 6661 6669 6670 6681 6736 6831 6900 6905 6962 7042 7076 7168 7200 7238 7257 7350 7359 7377 7463 7537 7546 7547 7716 7717 7774 7834 7875 7912 7913 7924 7953 7973 7974 8064 8111 8210 8261 8284 8356 8358 8361 8409 8419 8480 8556 8605 8657 8663
COLS: 8 9 10 11 12 13 14 15 16 17 18 19 20 21 22 23 24 25 26 27
GO:0022008, 1.06625916779e-06, 0.000936538419161
GO:0030182, 1.15479459823e-06, 0.000936538419161
GO:0031175, 4.49950632279e-05, 0.0175178977909
GO:0050877, 4.86080865646e-05, 0.0175178977909
GO:0016079, 6.28605020174e-05, 0.0175178977909
GO:0048858, 6.48011015693e-05, 0.0175178977909
GO:0006836, 9.87618933114e-05, 0.0228845415644
GO:0032989, 0.000179240557741, 0.036341023082
GO:0007409, 0.00027286815032, 0.0491769044243
ROWS: 1197 1201 2146 2529 2569 3609 3662 4000 4604 5242 5607 5648 5653 8030 8241
COLS: 0 1 2 3 4 6 7 10 11 12 13 18 19 22 23 24 25 26 27 58 59 60 114
GO:0015992, 6.40899894282e-08, 6.79353887938e-06
GO:0042773, 9.55894184524e-06, 0.000506623917798
GO:0015980, 5.48806661808e-05, 0.00193911687172
GO:0006091, 7.50802498369e-05, 0.00198962662068
GO:0006120, 0.000109884531334, 0.00232955206429
GO:0009206, 0.000298303335017, 0.00479779570168
GO:0009142, 0.000316835565205, 0.00479779570168
GO:0034220, 0.000449345090989, 0.0059538224556
GO:0006812, 0.000976819371762, 0.0108749955954
GO:0015986, 0.0010259429807, 0.0108749955954
GO:0016310, 0.00187047249384, 0.0180245531225
GO:0006200, 0.00230691964478, 0.0203777901955
GO:0042776, 0.00283553875236, 0.02312054675
GO:0006793, 0.00391990886994, 0.0296793100153
GO:0006122, 0.00566370550608, 0.0400235189096
GO:0009260, 0.00789233660257, 0.0499643819466
GO:0033590, 0.00848451768904, 0.0499643819466
GO:0046314, 0.00848451768904, 0.0499643819466
