---------------------------------------
41 272 415 477 540 541 713 765 996 1033 1034 1154 1155 1160 1161 1162 1212 1449 1456 1475 1480 1535 1557 1815 1842 1909 1913 1921 2115 2119 2154 2175 2182 2183 2219 2311 2342 2372 2375 2421 2422 2446 2467 2468 2469 2470 2471 2472 2473 2475 2476 2477 2549 2551 2570 2632 2637 2639 2640 2648 2744 2760 2784 2837 2908 2942 2960 3024 3026 3065 3135 3160 3176 3180 3188 3235 3248 3253 3352 3353 3454 3505 3546 3556 3568 3637 3646 3650 3688 3695 3706 3719 3846 3953 3994 4004 4038 4048 4085 4105 4114 4166 4185 4296 4366 4373 4467 4505 4533 4574 4608 4620 4642 4734 4749 4810 4847 4852 4866 4871 4882 4892 4915 4928 4947 4965 4966 4971 4973 4985 5044 5048 5072 5119 5143 5152 5174 5288 5296 5312 5331 5349 5404 5421 5505 5506 5534 5624 5640 5645 5664 5678 5705 5706 5720 5724 5868 5871 5894 5973 6209 6226 6283 6451 6478 6479 6617 6618 6673 6743 6808 6809 6829 6835 6836 6903 6997 7008 7084 7119 7122 7159 7210 7317 7346 7458 7527 7550 7663 7665 7697 7704 7705 7709 7899 7915 7920 7940 7958 7969 7986 7987 7988 7999 8006 8007 8008 8009 8012 8013 8017 8021 8034 8092 8106 8117 8118 8123 8124 8127 8132 8190 8207 8218 8222 8224 8280 8282 8283 8295 8326 8339 8350 8378 8395 8396 8408 8464 8476 8576 8791|18 19 20 21
0.360335,0.608586,0.265873,0.400332,
4
41 272 477 541 713 810 996 1034 1127 1154 1155 1160 1162 1212 1316 1317 1475 1615 1815 1842 1909 1913 1921 2154 2183 2219 2375 2421 2422 2446 2476 2477 2637 2639 2640 2720 2744 2760 2806 2837 2908 2951 3026 3065 3135 3176 3180 3184 3248 3352 3353 3391 3431 3454 3556 3646 3650 3686 3713 3719 3846 3926 3953 4004 4038 4085 4105 4114 4185 4366 4373 4505 4620 4642 4659 4871 4947 4965 4966 4973 4985 5044 5048 5119 5143 5172 5288 5349 5372 5505 5506 5534 5640 5646 5678 5705 5706 5720 5856 5868 5884 6209 6283 6618 6724 6808 6809 6835 6903 7122 7159 7458 7527 7550 7704 7705 7899 7939 7940 7941 7955 7969 7986 7987 7988 7999 8006 8007 8008 8009 8012 8013 8017 8021 8034 8086 8092 8104 8117 8118 8123 8124 8127 8131 8207 8218 8222 8223 8224 8255 8280 8282 8283 8285 8295 8339 8350 8351 8375 8464 8465 8576 8581 8643|18 19 20 21 24 25
0.311594,0.33617,0.252874,0.340767,0.263855,
5
12 16 26 27 28 46 111 118 119 294 664 753 754 855 856 893 976 1058 1103 1108 1109 1111 1121 1144 1145 1174 1188 1194 1197 1201 1202 1206 1223 1281 1282 1283 1298 1359 1372 1375 1441 1442 1583 1644 1649 1650 1659 1661 1664 1716 1748 1766 1769 1787 1788 1796 1825 1846 1847 1870 1874 1887 1888 1958 1959 1960 2042 2043 2104 2146 2151 2301 2325 2346 2359 2414 2445 2452 2466 2529 2568 2569 2716 2781 2823 2824 2975 3098 3099 3137 3182 3183 3187 3203 3206 3218 3225 3229 3233 3246 3247 3262 3294 3300 3312 3319 3320 3321 3322 3331 3332 3358 3375 3376 3377 3378 3395 3403 3414 3484 3488 3491 3497 3498 3499 3574 3689 3715 3718 3906 3943 3961 3962 3989 4000 4136 4168 4253 4254 4278 4283 4284 4319 4320 4321 4347 4379 4398 4399 4439 4485 4656 4657 4695 4702 4713 4722 4723 4813 4927 4939 4940 5022 5023 5068 5074 5114 5178 5184 5242 5272 5291 5324 5325 5339 5357 5358 5368 5398 5399 5499 5514 5516 5517 5522 5524 5533 5536 5537 5538 5541 5543 5604 5607 5614 5615 5630 5653 5656 5657 5659 5660 5695 5696 5702 5795 5883 5915 6029 6059 6187 6220 6384 6407 6851 6871 6872 6964 7011 7229 7330 7372 7416 7533 7596 7598 7655 7666 7667 7755 7791 7878 7891 7923 7964 7965 7981 8025 8030 8046 8047 8048 8049 8084 8085 8150 8151 8177 8241 8242 8246 8259 8334 8393 8410 8483 8484 8493 8731 8742|10 11 12 13
0.419355,
1
41 272 541 713 809 810 1034 1316 1317 1815 1842 1921 2154 2446 2491 2637 2639 2640 2806 3026 3041 3065 3176 3180 3184 3248 3454 3646 3650 3686 3713 3849 4105 4114 4366 4373 4505 4642 4646 4659 4749 4871 4966 5288 5349 5372 5505 5506 5534 5640 5705 5706 5720 5868 6724 6842 6903 7092 7159 7705 7939 7940 7955 7986 7999 8006 8007 8008 8009 8031 8086 8092 8102 8104 8123 8124 8130 8131 8207 8218 8222 8223 8224 8280 8283 8285 8351 8464 8465 8576|16 17 18 19 20 21 22 23 24 25
0.270857,0.280199,
2
41 178 272 330 415 476 477 539 540 541 543 601 675 713 765 829 996 1033 1034 1055 1086 1154 1155 1160 1161 1162 1212 1311 1313 1316 1317 1385 1449 1456 1457 1459 1460 1475 1480 1495 1535 1557 1558 1615 1648 1652 1671 1735 1754 1815 1842 1855 1909 1913 1921 2087 2115 2119 2154 2175 2182 2183 2218 2219 2255 2292 2311 2312 2342 2372 2375 2421 2422 2446 2467 2468 2469 2470 2471 2472 2473 2474 2475 2476 2477 2548 2549 2551 2552 2556 2564 2570 2571 2623 2631 2632 2637 2639 2640 2648 2649 2720 2721 2722 2744 2760 2784 2804 2806 2837 2908 2909 2942 2960 2966 2976 2982 3024 3026 3041 3051 3065 3097 3135 3160 3161 3176 3180 3184 3186 3188 3224 3227 3235 3248 3253 3261 3263 3352 3353 3370 3408 3421 3431 3454 3503 3505 3546 3556 3567 3568 3602 3637 3643 3646 3650 3651 3686 3687 3688 3695 3703 3706 3713 3719 3846 3856 3891 3953 3994 4004 4038 4048 4085 4089 4094 4105 4113 4114 4166 4185 4219 4296 4326 4366 4367 4373 4377 4467 4488 4505 4514 4524 4533 4563 4574 4608 4620 4642 4646 4659 4682 4734 4749 4761 4766 4810 4847 4852 4866 4871 4877 4882 4892 4915 4928 4947 4965 4966 4971 4973 4985 4989 4997 5044 5048 5072 5119 5143 5152 5172 5174 5175 5204 5288 5292 5295 5296 5312 5331 5335 5343 5349 5367 5372 5404 5421 5496 5505 5506 5534 5614 5624 5628 5640 5645 5664 5673 5678 5705 5706 5720 5724 5726 5739 5756 5760 5856 5868 5871 5884 5894 5917 5973 6014 6099 6209 6226 6283 6364 6451 6478 6479 6482 6510 6540 6617 6618 6673 6724 6743 6808 6809 6829 6835 6836 6903 6997 7008 7055 7084 7088 7119 7120 7122 7150 7159 7209 7210 7309 7317 7346 7385 7457 7458 7527 7550 7608 7663 7665 7690 7691 7694 7696 7697 7704 7705 7709 7823 7861 7899 7915 7920 7939 7940 7941 7958 7969 7986 7987 7988 7999 8006 8007 8008 8009 8012 8013 8017 8021 8034 8086 8087 8091 8092 8104 8106 8113 8117 8118 8123 8124 8127 8132 8190 8207 8218 8219 8222 8223 8224 8255 8269 8280 8282 8283 8285 8295 8323 8326 8339 8350 8351 8378 8395 8396 8408 8464 8465 8476 8506 8576 8581 8620 8779 8791|18 19 20 21
0.608586,0.315574,0.336538,0.657807,0.297297,
5
41 103 187 272 477 539 540 541 543 629 713 731 765 809 810 996 1033 1034 1055 1086 1127 1154 1155 1160 1161 1162 1212 1275 1276 1313 1316 1317 1449 1456 1475 1480 1535 1557 1558 1615 1652 1671 1762 1815 1842 1855 1909 1913 1921 2045 2154 2159 2175 2183 2217 2218 2219 2311 2342 2349 2364 2372 2375 2394 2421 2422 2446 2467 2468 2469 2470 2471 2472 2473 2476 2477 2491 2556 2570 2571 2623 2632 2637 2639 2640 2648 2649 2720 2721 2722 2744 2760 2784 2806 2837 2908 2909 2942 2951 2960 2976 3024 3026 3041 3051 3065 3097 3135 3160 3176 3180 3184 3186 3188 3248 3261 3335 3352 3353 3391 3408 3421 3431 3454 3546 3556 3568 3594 3637 3646 3650 3651 3666 3685 3686 3687 3688 3695 3706 3713 3719 3750 3846 3849 3856 3886 3887 3926 3935 3953 4004 4038 4048 4069 4085 4105 4114 4155 4185 4296 4326 4366 4373 4377 4441 4449 4458 4505 4533 4580 4608 4612 4620 4642 4646 4659 4682 4694 4749 4766 4847 4871 4877 4882 4915 4947 4965 4966 4971 4973 4985 4989 4994 5044 5048 5072 5119 5143 5152 5172 5174 5175 5253 5267 5288 5292 5343 5349 5367 5372 5404 5421 5505 5506 5532 5534 5624 5638 5640 5645 5646 5664 5678 5705 5706 5720 5721 5739 5756 5760 5826 5856 5868 5871 5884 5894 6050 6069 6131 6209 6283 6478 6479 6510 6618 6724 6743 6785 6808 6809 6835 6842 6903 6997 7075 7088 7092 7119 7120 7122 7134 7135 7159 7209 7210 7317 7457 7458 7527 7543 7550 7641 7663 7665 7690 7691 7696 7697 7704 7705 7709 7823 7838 7899 7939 7940 7941 7955 7967 7969 7978 7986 7987 7988 7999 8006 8007 8008 8009 8012 8013 8017 8019 8021 8028 8029 8031 8034 8080 8086 8087 8092 8102 8104 8106 8113 8117 8118 8123 8124 8130 8131 8132 8161 8190 8204 8207 8208 8218 8222 8223 8224 8237 8251 8255 8269 8280 8282 8283 8285 8287 8288 8295 8326 8339 8350 8351 8375 8378 8395 8396 8464 8465 8576 8581 8642 8643 8791|18 19 20 21 22 23 24 25
0.252513,0.340529,0.295359,0.564367,0.394604,0.261905,0.602694,0.364562,
8
41 272 477 540 541 629 713 764 765 809 810 1033 1034 1086 1155 1160 1161 1162 1276 1316 1317 1449 1456 1475 1557 1558 1615 1652 1671 1815 1842 1855 1909 1913 1921 2045 2154 2159 2219 2311 2349 2372 2375 2394 2421 2422 2446 2467 2468 2469 2470 2471 2472 2473 2491 2556 2564 2570 2571 2623 2632 2637 2639 2640 2648 2649 2720 2722 2744 2760 2784 2806 2837 2908 2942 2951 2976 3026 3041 3065 3097 3135 3176 3180 3184 3186 3188 3227 3248 3261 3352 3353 3391 3408 3431 3454 3503 3594 3646 3650 3651 3666 3685 3686 3688 3695 3706 3713 3719 3846 3849 3856 3887 3926 3935 3953 4004 4038 4069 4094 4105 4114 4185 4366 4373 4377 4449 4458 4505 4533 4580 4608 4612 4620 4642 4646 4659 4682 4688 4749 4757 4852 4871 4877 4947 4965 4966 4971 4973 4985 4989 5048 5072 5119 5143 5147 5152 5172 5174 5175 5267 5288 5292 5295 5296 5349 5367 5372 5404 5505 5506 5532 5534 5566 5624 5638 5640 5645 5664 5678 5705 5706 5720 5721 5739 5756 5760 5778 5826 5856 5868 5870 5884 5894 6014 6050 6131 6209 6478 6724 6785 6788 6789 6835 6842 6903 7088 7092 7119 7120 7122 7135 7159 7317 7457 7458 7527 7550 7641 7663 7691 7696 7697 7704 7705 7823 7838 7939 7940 7941 7955 7967 7969 7986 7987 7988 7999 8006 8007 8008 8009 8012 8013 8019 8021 8028 8029 8031 8034 8080 8086 8087 8092 8102 8104 8113 8117 8118 8123 8124 8130 8131 8132 8153 8161 8190 8204 8207 8208 8218 8222 8223 8224 8237 8255 8269 8280 8282 8283 8285 8288 8295 8339 8350 8351 8375 8464 8465 8576 8581 8642 8643|14 16 17 18 19 20 21 22 23 24 25
0.256891,0.280199,0.529981,0.622932,0.353874,
5
41 169 272 437 477 540 541 713 764 765 809 810 912 1033 1034 1086 1155 1160 1161 1162 1316 1317 1435 1449 1456 1457 1475 1557 1558 1615 1648 1652 1671 1684 1815 1842 1855 1909 1913 1921 2045 2062 2154 2219 2292 2311 2312 2349 2372 2375 2394 2421 2422 2446 2468 2469 2470 2471 2472 2473 2491 2556 2564 2570 2637 2639 2640 2648 2649 2720 2744 2760 2806 2837 2942 2951 2976 3026 3041 3065 3135 3176 3180 3184 3188 3227 3248 3261 3352 3353 3431 3454 3503 3511 3594 3646 3650 3651 3685 3686 3695 3706 3713 3719 3846 3849 3856 3882 3926 3953 4004 4038 4069 4085 4094 4105 4114 4185 4326 4366 4373 4377 4449 4492 4505 4533 4608 4612 4620 4629 4642 4646 4659 4676 4682 4688 4749 4757 4766 4852 4871 4965 4966 4971 4973 4985 5048 5072 5119 5143 5147 5152 5172 5174 5267 5288 5292 5295 5296 5317 5349 5372 5404 5505 5506 5532 5534 5566 5624 5628 5638 5640 5645 5664 5678 5705 5706 5720 5721 5723 5739 5760 5778 5826 5856 5868 5884 5894 6014 6050 6712 6724 6785 6842 6903 7088 7092 7119 7122 7159 7317 7458 7527 7543 7550 7663 7691 7696 7697 7704 7705 7709 7838 7922 7939 7940 7955 7969 7986 7987 7988 7999 8006 8007 8008 8009 8012 8013 8019 8021 8029 8031 8034 8086 8087 8092 8102 8104 8117 8118 8123 8124 8130 8131 8190 8207 8208 8218 8222 8223 8224 8237 8255 8269 8280 8282 8283 8285 8288 8295 8339 8350 8351 8464 8465 8576 8581 8643|6 7 14 15 16 17 18 19 20 21 22 23 24 25
0.341108,0.602298,
2
113 171 183 222 223 258 285 288 332 356 358 375 378 382 405 406 420 422 432 476 511 573 653 725 726 731 750 758 809 810 826 852 1006 1019 1025 1026 1127 1172 1177 1206 1208 1209 1214 1215 1250 1269 1288 1316 1317 1329 1330 1334 1426 1437 1439 1527 1575 1576 1581 1615 1645 1768 1815 1817 1921 1930 1933 1947 1948 1974 2028 2045 2062 2142 2177 2178 2185 2203 2221 2265 2279 2282 2285 2304 2336 2364 2371 2396 2465 2478 2491 2505 2507 2543 2557 2600 2601 2609 2639 2678 2720 2806 2831 2863 2864 2911 2918 2927 2951 2976 2984 2986 2997 2998 3046 3047 3048 3058 3065 3068 3069 3081 3089 3137 3184 3189 3212 3248 3317 3335 3360 3368 3391 3404 3431 3438 3448 3454 3512 3513 3531 3540 3553 3562 3566 3581 3582 3592 3593 3594 3601 3608 3614 3615 3632 3666 3669 3670 3685 3686 3704 3705 3713 3726 3727 3743 3772 3840 3841 3849 3850 3853 3856 3857 3871 3897 3900 3905 3926 3942 3956 3982 3987 3990 4039 4040 4056 4069 4077 4083 4095 4103 4147 4155 4157 4164 4186 4213 4214 4215 4217 4236 4237 4240 4249 4250 4255 4274 4276 4335 4366 4396 4423 4468 4479 4535 4537 4550 4571 4580 4629 4659 4719 4736 4737 4751 4768 4780 4788 4877 4908 4958 5005 5029 5053 5061 5079 5085 5147 5150 5172 5176 5183 5203 5227 5235 5264 5272 5286 5288 5309 5339 5349 5362 5372 5378 5417 5428 5459 5465 5501 5505 5518 5519 5558 5566 5597 5608 5609 5620 5638 5646 5651 5666 5674 5678 5685 5688 5693 5694 5705 5706 5716 5720 5721 5722 5723 5725 5737 5743 5753 5756 5763 5770 5808 5819 5834 5840 5843 5856 5869 5870 5884 5985 6020 6028 6109 6121 6491 6558 6688 6724 6733 6747 6774 6780 6781 6785 6788 6789 6834 6842 6891 6895 6899 6903 6907 6908 6916 6929 6930 6933 6935 6945 6977 6978 7071 7079 7103 7139 7171 7353 7357 7360 7379 7380 7399 7438 7450 7488 7530 7553 7603 7637 7656 7657 7661 7677 7678 7704 7712 7735 7736 7797 7808 7828 7850 7897 7898 7901 7922 7927 7930 7939 7940 7941 7946 7947 7948 7949 7955 7977 7989 7999 8006 8007 8008 8009 8028 8029 8031 8058 8073 8074 8080 8086 8092 8097 8102 8104 8124 8130 8131 8153 8156 8161 8167 8204 8208 8222 8223 8224 8237 8255 8270 8274 8276 8280 8285 8286 8288 8296 8308 8309 8320 8321 8339 8341 8342 8351 8357 8375 8388 8392 8400 8450 8464 8465 8475 8507 8519 8528 8576 8581 8584 8601 8602 8609 8612 8613 8642 8643 8688 8699 8793 8794|24 25

0
37 41 74 103 178 272 293 330 345 363 415 437 476 477 539 540 541 542 543 596 601 656 675 700 713 764 765 810 829 902 996 1033 1034 1055 1067 1078 1086 1154 1155 1158 1159 1160 1161 1162 1212 1243 1275 1276 1310 1311 1313 1316 1317 1385 1435 1449 1456 1457 1459 1460 1475 1480 1495 1506 1535 1557 1558 1564 1615 1633 1647 1648 1651 1652 1671 1674 1684 1685 1735 1754 1762 1815 1842 1855 1909 1911 1913 1921 1972 2045 2087 2115 2119 2127 2154 2175 2182 2183 2217 2218 2219 2255 2292 2311 2312 2342 2349 2364 2372 2375 2394 2415 2421 2422 2446 2467 2468 2469 2470 2471 2472 2473 2474 2475 2476 2477 2491 2547 2548 2549 2551 2552 2553 2556 2564 2570 2571 2623 2631 2632 2637 2639 2640 2648 2649 2720 2721 2722 2744 2760 2774 2784 2802 2804 2806 2808 2837 2848 2856 2908 2909 2942 2951 2960 2966 2970 2976 2982 3024 3026 3041 3051 3064 3065 3087 3097 3124 3125 3126 3135 3160 3161 3176 3180 3184 3186 3188 3220 3224 3227 3235 3248 3253 3261 3263 3296 3303 3335 3345 3352 3353 3360 3365 3370 3391 3407 3408 3418 3420 3421 3431 3433 3436 3454 3503 3505 3511 3546 3551 3556 3563 3567 3568 3584 3594 3602 3637 3639 3643 3646 3650 3651 3674 3676 3685 3686 3687 3688 3695 3699 3703 3706 3713 3719 3750 3823 3843 3846 3849 3856 3882 3887 3891 3926 3930 3935 3953 3966 3994 4004 4038 4048 4069 4085 4089 4094 4105 4113 4114 4116 4155 4163 4166 4185 4219 4245 4295 4296 4326 4354 4366 4367 4373 4377 4412 4414 4449 4465 4467 4476 4488 4492 4500 4505 4514 4524 4533 4539 4558 4563 4574 4580 4608 4612 4620 4627 4637 4642 4646 4659 4662 4673 4682 4688 4694 4734 4749 4761 4766 4777 4810 4822 4847 4852 4866 4871 4877 4882 4892 4906 4915 4917 4928 4947 4965 4966 4971 4973 4985 4989 4994 4997 5014 5044 5048 5072 5076 5119 5143 5152 5168 5172 5174 5175 5184 5204 5209 5223 5224 5264 5267 5288 5292 5295 5296 5312 5313 5317 5331 5333 5335 5343 5349 5367 5372 5404 5421 5452 5466 5496 5505 5506 5532 5534 5566 5580 5605 5614 5624 5628 5633 5638 5640 5642 5645 5647 5664 5669 5673 5678 5693 5694 5705 5706 5720 5724 5726 5733 5739 5756 5759 5760 5774 5778 5811 5816 5835 5851 5856 5868 5871 5884 5894 5898 5901 5917 5973 6001 6014 6099 6111 6131 6209 6226 6283 6297 6364 6372 6377 6387 6451 6478 6479 6482 6507 6510 6540 6617 6618 6673 6724 6743 6776 6808 6809 6829 6835 6836 6842 6887 6903 6979 6997 7008 7055 7067 7084 7088 7092 7119 7120 7122 7130 7135 7150 7158 7159 7209 7210 7233 7309 7317 7346 7357 7385 7455 7457 7458 7527 7539 7543 7550 7603 7608 7641 7663 7665 7690 7691 7694 7696 7697 7703 7704 7705 7709 7823 7838 7861 7867 7899 7908 7915 7920 7939 7940 7941 7955 7958 7967 7969 7986 7987 7988 7999 8006 8007 8008 8009 8012 8013 8017 8019 8021 8031 8034 8066 8080 8086 8087 8091 8092 8102 8104 8106 8108 8113 8117 8118 8123 8124 8127 8132 8161 8175 8182 8190 8206 8207 8208 8218 8219 8222 8223 8224 8227 8237 8253 8255 8269 8280 8281 8282 8283 8285 8288 8295 8299 8323 8326 8339 8344 8347 8350 8351 8367 8369 8375 8378 8395 8396 8408 8464 8465 8476 8506 8576 8581 8620 8643 8779 8791|18 19 20 21
0.400332,0.657807,0.334008,0.355034,0.274081,
5
41 74 103 104 159 169 178 187 218 272 388 389 415 437 476 477 531 539 540 541 542 543 575 596 629 675 700 713 731 750 764 765 809 810 852 912 996 1033 1034 1045 1054 1055 1086 1127 1154 1155 1160 1161 1162 1212 1275 1276 1310 1311 1313 1316 1317 1356 1385 1435 1449 1456 1457 1459 1460 1475 1480 1506 1535 1557 1558 1584 1615 1633 1648 1651 1652 1671 1684 1754 1762 1815 1836 1842 1855 1909 1913 1921 2040 2041 2045 2115 2119 2127 2131 2154 2159 2167 2175 2182 2183 2217 2218 2219 2292 2311 2312 2338 2342 2349 2364 2372 2375 2394 2421 2422 2446 2467 2468 2469 2470 2471 2472 2473 2475 2476 2477 2491 2551 2556 2564 2570 2571 2623 2631 2632 2637 2639 2640 2648 2649 2680 2681 2720 2721 2722 2744 2760 2784 2804 2806 2808 2837 2863 2908 2909 2911 2942 2951 2960 2976 3024 3026 3041 3051 3064 3065 3097 3125 3126 3135 3160 3161 3176 3180 3184 3186 3188 3227 3235 3248 3253 3261 3263 3296 3335 3352 3353 3360 3391 3407 3408 3421 3431 3454 3481 3503 3505 3511 3540 3546 3556 3567 3568 3579 3581 3582 3594 3602 3632 3637 3643 3646 3650 3651 3666 3676 3677 3685 3686 3687 3688 3695 3699 3703 3706 3713 3719 3750 3757 3827 3843 3846 3849 3856 3886 3887 3895 3926 3930 3931 3935 3948 3953 3966 3994 4004 4038 4048 4069 4077 4083 4085 4089 4094 4104 4105 4113 4114 4147 4155 4163 4166 4185 4219 4296 4326 4327 4354 4366 4367 4373 4377 4414 4419 4441 4449 4457 4458 4465 4467 4478 4505 4514 4533 4563 4571 4574 4580 4608 4612 4620 4627 4629 4642 4646 4659 4676 4682 4688 4694 4706 4734 4749 4766 4771 4810 4847 4852 4866 4871 4877 4882 4892 4915 4928 4934 4947 4965 4966 4971 4973 4985 4989 4994 5044 5048 5061 5072 5076 5108 5119 5143 5147 5152 5172 5174 5175 5209 5218 5224 5253 5264 5267 5288 5292 5295 5296 5312 5331 5333 5335 5343 5349 5367 5372 5404 5421 5496 5505 5506 5532 5534 5539 5566 5606 5614 5624 5628 5638 5640 5645 5646 5663 5664 5673 5678 5693 5694 5705 5706 5720 5721 5724 5729 5733 5739 5747 5756 5760 5778 5811 5816 5825 5826 5839 5851 5856 5868 5870 5871 5874 5875 5884 5894 5973 6014 6050 6069 6121 6131 6209 6226 6283 6451 6478 6479 6510 6540 6618 6712 6724 6743 6776 6782 6785 6788 6808 6809 6829 6835 6836 6842 6862 6903 6929 6930 6979 6997 7008 7062 7074 7075 7084 7088 7092 7119 7120 7122 7134 7135 7158 7159 7209 7210 7233 7309 7317 7346 7357 7411 7412 7457 7458 7527 7538 7543 7550 7586 7603 7608 7637 7641 7663 7665 7690 7691 7696 7697 7704 7705 7709 7823 7838 7861 7899 7910 7915 7920 7927 7939 7940 7941 7950 7951 7955 7958 7967 7969 7978 7986 7987 7988 7989 7999 8006 8007 8008 8009 8012 8013 8017 8018 8019 8021 8028 8029 8031 8034 8080 8086 8087 8091 8092 8098 8101 8102 8104 8106 8108 8113 8117 8118 8123 8124 8127 8130 8131 8132 8153 8161 8190 8204 8206 8207 8208 8218 8219 8222 8223 8224 8226 8237 8251 8255 8269 8274 8280 8281 8282 8283 8285 8287 8288 8295 8299 8309 8321 8323 8326 8339 8347 8350 8351 8375 8378 8395 8396 8408 8422 8464 8465 8476 8506 8576 8581 8620 8642 8643 8648 8651 8652 8746 8791|18 19 20 21 22 23 24 25
0.289474,0.602694,0.411056,0.325436,0.322558,0.604888,
6
7 30 41 54 58 68 69 109 116 117 143 144 167 168 177 199 200 212 236 243 244 250 302 316 337 345 353 356 363 364 425 437 440 441 442 526 541 553 556 563 567 569 622 626 637 670 672 751 753 754 764 765 773 793 838 902 912 987 995 1021 1022 1030 1033 1034 1058 1071 1072 1073 1092 1093 1138 1143 1155 1158 1161 1162 1176 1189 1194 1195 1197 1202 1214 1215 1217 1221 1250 1270 1290 1293 1334 1355 1360 1376 1379 1399 1410 1424 1435 1456 1457 1463 1479 1481 1482 1490 1506 1513 1526 1553 1570 1571 1609 1624 1628 1630 1645 1647 1650 1651 1652 1660 1675 1684 1685 1688 1714 1723 1729 1746 1748 1749 1750 1751 1752 1759 1763 1765 1779 1780 1788 1794 1798 1800 1832 1836 1842 1856 1859 1861 1885 1887 1888 1889 1890 1891 1896 1906 1927 1931 1933 1941 1962 1981 1987 1989 1991 2006 2049 2050 2062 2065 2078 2079 2086 2089 2090 2091 2092 2108 2128 2144 2162 2185 2207 2213 2220 2221 2249 2250 2292 2293 2311 2312 2315 2327 2328 2339 2340 2349 2350 2351 2357 2358 2365 2393 2396 2409 2433 2445 2446 2447 2448 2457 2458 2469 2503 2507 2516 2556 2564 2573 2594 2614 2615 2628 2636 2640 2642 2646 2649 2655 2675 2678 2702 2703 2704 2720 2733 2746 2769 2782 2831 2833 2840 2855 2858 2870 2876 2903 2913 2923 2925 2928 2937 2938 2939 2974 2991 2998 3009 3026 3029 3033 3041 3061 3075 3083 3112 3122 3128 3135 3152 3157 3171 3175 3177 3181 3187 3188 3200 3216 3227 3235 3237 3238 3267 3271 3275 3310 3311 3317 3339 3346 3378 3402 3429 3434 3438 3448 3453 3471 3481 3490 3493 3495 3503 3511 3533 3542 3548 3549 3550 3571 3581 3593 3594 3598 3627 3636 3644 3646 3685 3686 3689 3695 3735 3751 3769 3775 3814 3846 3882 3883 3900 3914 3923 3938 3944 3950 3966 3970 3974 4000 4006 4050 4051 4058 4069 4094 4122 4124 4142 4158 4160 4161 4174 4221 4262 4285 4289 4299 4306 4323 4337 4338 4363 4364 4373 4377 4387 4403 4404 4405 4411 4413 4430 4441 4445 4460 4468 4492 4497 4523 4526 4535 4543 4544 4554 4562 4568 4571 4589 4594 4595 4599 4600 4629 4634 4637 4646 4657 4660 4667 4669 4673 4676 4682 4685 4688 4693 4702 4719 4730 4732 4733 4740 4741 4748 4757 4761 4789 4793 4800 4815 4816 4817 4822 4827 4836 4839 4843 4848 4850 4851 4855 4858 4862 4871 4918 4922 4971 4991 5007 5010 5013 5022 5023 5042 5043 5052 5065 5076 5085 5114 5119 5147 5155 5156 5168 5178 5184 5201 5204 5207 5217 5223 5226 5228 5234 5237 5263 5282 5288 5291 5295 5296 5303 5310 5317 5324 5325 5327 5334 5337 5344 5350 5360 5366 5372 5375 5378 5379 5393 5402 5474 5485 5488 5495 5516 5518 5519 5522 5532 5534 5544 5566 5600 5615 5621 5622 5624 5628 5629 5633 5640 5641 5642 5644 5649 5650 5651 5654 5660 5670 5674 5677 5684 5709 5722 5723 5726 5731 5733 5760 5770 5775 5778 5797 5803 5811 5825 5826 5855 5856 5867 5870 5874 5875 5880 5884 5887 5889 5891 5901 5905 5950 5951 5961 6001 6014 6024 6047 6053 6055 6093 6120 6133 6135 6187 6212 6221 6231 6278 6309 6326 6336 6350 6351 6352 6353 6356 6364 6375 6387 6404 6423 6428 6473 6474 6477 6480 6484 6528 6529 6570 6579 6589 6597 6598 6601 6623 6632 6641 6676 6689 6700 6712 6732 6744 6745 6759 6769 6777 6785 6788 6789 6794 6807 6836 6845 6849 6851 6854 6861 6862 6871 6875 6879 6880 6884 6885 6896 6897 6901 6911 6932 6933 6937 6980 6984 7008 7037 7038 7072 7073 7087 7088 7089 7119 7131 7139 7152 7170 7227 7228 7243 7298 7306 7307 7317 7319 7322 7347 7354 7363 7367 7393 7394 7400 7401 7438 7490 7509 7538 7560 7566 7588 7599 7638 7639 7645 7651 7654 7655 7659 7668 7679 7686 7688 7689 7703 7754 7776 7777 7784 7800 7821 7837 7861 7863 7882 7883 7896 7897 7898 7906 7917 7922 7923 7928 7977 8004 8012 8019 8039 8049 8058 8059 8060 8078 8083 8123 8141 8154 8157 8162 8172 8190 8194 8216 8218 8219 8227 8237 8243 8244 8353 8357 8365 8405 8413 8439 8442 8452 8455 8477 8494 8495 8496 8497 8501 8520 8536 8565 8576 8592 8639 8658 8686 8691 8709 8759 8766 8779|14 15 16 17
0.420792,
1
30 32 37 41 48 74 103 104 113 158 159 169 171 178 187 189 217 218 219 272 285 308 330 344 345 382 388 389 406 415 437 442 476 477 531 538 539 540 541 542 543 575 596 601 629 675 700 701 713 731 737 743 750 754 764 765 809 810 829 852 912 969 996 1006 1025 1033 1034 1045 1046 1054 1055 1059 1067 1070 1078 1086 1127 1152 1154 1155 1158 1160 1161 1162 1165 1177 1206 1208 1209 1211 1212 1214 1215 1221 1238 1243 1272 1275 1276 1310 1311 1313 1316 1317 1356 1377 1385 1435 1447 1449 1456 1457 1459 1460 1475 1479 1480 1487 1495 1506 1526 1527 1535 1557 1558 1559 1564 1575 1576 1584 1615 1619 1633 1647 1648 1651 1652 1671 1674 1684 1685 1735 1754 1762 1768 1798 1800 1815 1817 1820 1836 1842 1855 1857 1880 1899 1909 1913 1921 1930 1933 1942 1947 1979 2040 2041 2045 2052 2058 2062 2115 2119 2126 2127 2131 2154 2159 2167 2175 2182 2183 2207 2217 2218 2219 2255 2265 2279 2292 2311 2312 2336 2338 2342 2349 2364 2371 2372 2375 2394 2396 2415 2421 2422 2431 2446 2458 2467 2468 2469 2470 2471 2472 2473 2474 2475 2476 2477 2478 2491 2505 2543 2548 2549 2551 2552 2556 2557 2564 2570 2571 2577 2609 2623 2631 2632 2637 2639 2640 2643 2648 2649 2680 2681 2720 2721 2722 2744 2747 2760 2784 2796 2802 2804 2806 2808 2816 2826 2836 2837 2845 2856 2859 2863 2903 2908 2909 2911 2918 2939 2942 2951 2960 2966 2970 2976 2979 2982 2984 2985 2997 2998 3024 3026 3041 3047 3048 3051 3064 3065 3089 3097 3125 3126 3135 3137 3160 3161 3176 3180 3184 3186 3188 3189 3212 3224 3227 3235 3240 3248 3253 3261 3263 3296 3303 3322 3335 3345 3352 3353 3360 3365 3370 3391 3395 3407 3408 3421 3431 3436 3439 3454 3479 3481 3490 3502 3503 3505 3511 3512 3513 3517 3531 3540 3546 3556 3562 3567 3568 3579 3580 3581 3582 3584 3592 3594 3602 3608 3632 3637 3639 3643 3646 3647 3650 3651 3666 3669 3670 3675 3676 3677 3685 3686 3687 3688 3695 3699 3703 3704 3705 3706 3713 3719 3726 3742 3750 3757 3819 3823 3827 3828 3841 3843 3846 3849 3850 3856 3857 3871 3882 3883 3886 3887 3891 3895 3896 3926 3930 3931 3935 3942 3948 3953 3956 3966 3973 3979 3987 3994 4004 4016 4038 4046 4048 4056 4069 4077 4083 4085 4089 4094 4103 4104 4105 4113 4114 4146 4147 4155 4163 4166 4185 4212 4215 4217 4219 4232 4236 4237 4245 4249 4250 4255 4262 4274 4280 4295 4296 4326 4327 4354 4366 4367 4373 4377 4412 4414 4419 4424 4441 4449 4457 4458 4462 4464 4465 4467 4476 4478 4488 4492 4500 4505 4509 4514 4524 4529 4533 4539 4558 4563 4571 4574 4580 4589 4608 4612 4620 4627 4629 4637 4639 4642 4643 4644 4645 4646 4650 4659 4662 4666 4673 4676 4682 4688 4692 4694 4706 4734 4737 4749 4751 4757 4761 4766 4768 4771 4777 4780 4788 4809 4810 4838 4847 4852 4866 4871 4877 4882 4892 4915 4917 4928 4934 4936 4938 4947 4958 4965 4966 4971 4973 4983 4985 4989 4994 5005 5029 5044 5048 5061 5072 5076 5085 5102 5108 5119 5143 5147 5152 5172 5174 5175 5183 5184 5189 5198 5204 5209 5218 5219 5223 5224 5253 5264 5267 5286 5288 5292 5295 5296 5301 5312 5313 5317 5331 5333 5334 5335 5339 5343 5349 5367 5372 5393 5404 5421 5465 5496 5505 5506 5532 5534 5539 5558 5566 5580 5594 5598 5606 5608 5609 5614 5624 5628 5633 5638 5640 5645 5646 5663 5664 5666 5669 5673 5674 5676 5678 5693 5694 5698 5705 5706 5716 5720 5721 5723 5724 5725 5726 5728 5729 5733 5737 5739 5743 5744 5747 5753 5756 5760 5763 5770 5774 5778 5809 5811 5812 5816 5819 5825 5826 5834 5839 5840 5843 5851 5856 5868 5870 5871 5874 5875 5884 5891 5894 5901 5908 5917 5973 5985 6001 6014 6050 6069 6099 6102 6121 6131 6135 6209 6226 6283 6297 6364 6451 6478 6479 6482 6491 6510 6540 6599 6617 6618 6638 6688 6712 6716 6724 6733 6743 6774 6776 6780 6781 6782 6785 6788 6789 6805 6808 6809 6829 6834 6835 6836 6842 6851 6862 6903 6907 6908 6916 6929 6930 6934 6935 6977 6978 6979 6989 6997 7008 7022 7037 7055 7062 7074 7075 7079 7084 7088 7092 7119 7120 7121 7122 7134 7135 7139 7147 7150 7158 7159 7181 7209 7210 7233 7309 7317 7346 7357 7385 7411 7412 7438 7457 7458 7519 7527 7530 7538 7539 7543 7550 7553 7586 7587 7591 7603 7608 7637 7641 7654 7656 7659 7661 7663 7665 7677 7690 7691 7694 7696 7697 7704 7705 7707 7709 7712 7767 7795 7796 7797 7823 7837 7838 7861 7897 7899 7910 7915 7920 7922 7927 7930 7939 7940 7941 7946 7948 7949 7950 7951 7955 7958 7967 7969 7977 7978 7986 7987 7988 7989 7999 8006 8007 8008 8009 8012 8013 8017 8018 8019 8021 8028 8029 8031 8034 8058 8066 8073 8074 8080 8083 8086 8087 8090 8091 8092 8097 8098 8101 8102 8104 8106 8108 8113 8117 8118 8123 8124 8127 8130 8131 8132 8140 8153 8161 8175 8181 8182 8190 8196 8204 8206 8207 8208 8218 8219 8222 8223 8224 8226 8227 8237 8251 8255 8269 8270 8274 8280 8281 8282 8283 8285 8287 8288 8289 8295 8299 8303 8308 8309 8320 8321 8323 8326 8333 8339 8344 8347 8349 8350 8351 8352 8369 8375 8378 8388 8395 8396 8400 8408 8422 8464 8465 8475 8476 8489 8506 8507 8528 8576 8581 8602 8620 8641 8642 8643 8648 8651 8652 8699 8746 8779 8789 8791 8793 8794|18 19 20 21 22 23 24 25
0.364562,0.267522,0.267442,0.604888,0.369868,
5
12 14 16 26 27 28 29 33 46 54 75 98 111 112 118 119 128 228 237 256 264 294 315 336 380 381 397 431 463 550 552 558 606 625 627 653 664 691 702 711 753 754 772 777 778 788 789 855 856 893 976 978 980 1021 1022 1036 1037 1045 1047 1048 1058 1089 1103 1108 1109 1111 1112 1121 1144 1145 1156 1157 1158 1174 1188 1194 1197 1198 1201 1202 1206 1207 1220 1221 1223 1234 1281 1282 1283 1298 1314 1335 1346 1356 1359 1372 1375 1441 1442 1454 1456 1459 1460 1482 1486 1496 1579 1580 1583 1608 1644 1647 1648 1649 1650 1659 1661 1664 1687 1716 1746 1748 1766 1769 1771 1772 1787 1788 1796 1810 1811 1817 1820 1825 1828 1829 1844 1846 1847 1848 1849 1854 1870 1874 1882 1883 1887 1888 1904 1925 1943 1944 1953 1958 1959 1960 1969 2042 2043 2054 2084 2104 2146 2149 2151 2170 2200 2201 2301 2303 2325 2346 2359 2373 2374 2376 2414 2445 2452 2466 2505 2526 2529 2568 2569 2574 2604 2614 2616 2661 2673 2716 2762 2763 2766 2769 2781 2794 2795 2796 2823 2824 2847 2848 2916 2924 2975 3039 3089 3098 3099 3107 3124 3125 3126 3137 3159 3163 3167 3172 3181 3182 3183 3187 3193 3200 3203 3206 3208 3212 3214 3217 3218 3219 3222 3225 3227 3229 3233 3246 3247 3257 3258 3262 3287 3294 3300 3309 3312 3319 3320 3321 3322 3331 3332 3339 3342 3345 3349 3351 3358 3366 3369 3375 3376 3377 3378 3379 3380 3384 3394 3395 3397 3403 3411 3414 3444 3450 3453 3459 3465 3484 3488 3489 3490 3491 3497 3498 3499 3504 3506 3546 3562 3573 3574 3662 3679 3689 3690 3691 3709 3714 3715 3718 3735 3751 3771 3772 3789 3795 3822 3882 3901 3906 3931 3943 3961 3962 3974 3989 4000 4056 4108 4120 4136 4168 4195 4231 4251 4253 4254 4260 4271 4274 4278 4281 4283 4284 4291 4297 4306 4311 4319 4320 4321 4324 4325 4337 4347 4358 4375 4376 4379 4398 4399 4401 4404 4439 4479 4485 4523 4529 4585 4601 4604 4610 4622 4635 4656 4657 4695 4702 4703 4713 4722 4723 4728 4729 4786 4795 4812 4813 4838 4842 4927 4939 4940 4944 4971 5022 5023 5043 5050 5053 5068 5074 5095 5114 5120 5168 5178 5184 5224 5230 5242 5272 5282 5291 5308 5324 5325 5331 5339 5357 5358 5368 5379 5398 5399 5413 5434 5449 5499 5514 5515 5516 5517 5522 5524 5528 5533 5536 5537 5538 5541 5543 5546 5556 5565 5580 5598 5604 5607 5614 5615 5630 5632 5633 5650 5651 5653 5656 5657 5659 5660 5665 5666 5679 5695 5696 5702 5710 5737 5754 5755 5792 5794 5795 5797 5810 5816 5842 5856 5883 5888 5907 5914 5915 5918 5962 6002 6029 6059 6061 6187 6220 6243 6251 6294 6361 6383 6384 6407 6446 6475 6503 6614 6635 6636 6704 6758 6793 6794 6796 6797 6804 6832 6851 6871 6872 6930 6942 6943 6964 7011 7112 7121 7149 7157 7216 7229 7327 7330 7372 7416 7433 7481 7484 7507 7530 7533 7596 7598 7603 7648 7654 7655 7666 7667 7677 7678 7755 7763 7791 7836 7847 7850 7873 7874 7878 7891 7923 7927 7964 7965 7966 7967 7978 7981 8002 8003 8008 8025 8030 8042 8046 8047 8048 8049 8084 8085 8099 8142 8149 8150 8151 8153 8157 8177 8181 8237 8241 8242 8246 8247 8248 8249 8259 8270 8279 8308 8334 8335 8336 8340 8370 8387 8388 8393 8410 8442 8471 8483 8484 8493 8560 8592 8608 8615 8645 8649 8666 8669 8699 8730 8731 8742 8773 8776 8795|10 11 12 13
0.419355,
1
1 2 7 27 29 30 33 34 41 53 54 58 61 68 69 77 83 90 91 92 97 101 107 109 112 120 136 140 143 144 148 150 158 162 164 168 175 176 181 194 195 198 199 200 201 206 207 208 210 211 212 223 230 231 235 236 241 247 250 251 268 273 281 290 291 292 302 316 320 331 335 337 345 349 364 376 377 394 425 426 437 440 442 448 459 462 463 479 495 524 526 537 541 553 556 557 558 567 569 591 592 593 594 598 599 600 602 625 637 659 663 667 668 672 676 683 688 689 696 699 702 704 705 708 729 735 736 741 751 753 754 760 764 765 770 773 782 783 788 789 792 793 794 799 808 815 855 856 878 882 887 890 895 896 897 899 905 907 912 916 917 926 930 982 986 987 988 995 1021 1022 1032 1033 1034 1042 1051 1057 1058 1071 1072 1073 1081 1082 1092 1093 1104 1109 1111 1112 1117 1130 1131 1138 1141 1143 1147 1148 1150 1155 1161 1162 1168 1169 1170 1176 1179 1186 1187 1189 1192 1194 1195 1197 1201 1202 1206 1214 1215 1217 1218 1219 1221 1223 1224 1231 1232 1236 1246 1248 1249 1258 1270 1281 1289 1290 1291 1293 1294 1295 1296 1300 1302 1303 1304 1307 1326 1329 1330 1347 1348 1350 1351 1352 1355 1360 1369 1373 1376 1380 1381 1382 1386 1392 1399 1400 1406 1410 1412 1415 1422 1423 1424 1429 1435 1446 1453 1456 1457 1463 1466 1467 1470 1476 1479 1481 1482 1486 1490 1494 1500 1513 1521 1525 1526 1534 1543 1545 1546 1548 1551 1553 1554 1560 1568 1570 1571 1572 1573 1578 1579 1582 1583 1591 1605 1609 1610 1623 1628 1630 1634 1638 1641 1645 1647 1649 1650 1651 1652 1660 1662 1669 1673 1675 1684 1685 1688 1694 1703 1708 1710 1711 1714 1723 1729 1735 1738 1746 1748 1749 1750 1751 1752 1756 1763 1764 1765 1769 1770 1772 1777 1779 1780 1785 1786 1791 1792 1794 1796 1798 1800 1801 1804 1807 1811 1820 1825 1827 1831 1832 1833 1836 1837 1838 1842 1845 1856 1861 1862 1877 1880 1885 1886 1887 1888 1889 1890 1891 1896 1898 1900 1906 1919 1920 1924 1927 1928 1931 1941 1942 1945 1953 1962 1964 1987 1989 1990 1991 2006 2008 2012 2020 2021 2029 2039 2049 2050 2056 2062 2078 2079 2083 2089 2090 2091 2092 2096 2097 2099 2107 2108 2118 2120 2132 2137 2143 2144 2146 2148 2162 2165 2168 2178 2188 2204 2207 2212 2213 2220 2221 2234 2235 2245 2249 2250 2251 2255 2257 2273 2274 2276 2277 2292 2293 2296 2301 2302 2305 2306 2311 2312 2319 2325 2327 2328 2330 2339 2340 2341 2349 2350 2351 2353 2356 2357 2358 2365 2366 2367 2372 2374 2376 2377 2379 2386 2390 2393 2395 2404 2406 2407 2409 2417 2422 2428 2430 2431 2433 2434 2435 2443 2446 2449 2450 2457 2458 2460 2461 2468 2469 2470 2472 2473 2479 2485 2486 2489 2490 2502 2503 2507 2514 2515 2519 2523 2540 2556 2558 2560 2564 2569 2573 2576 2585 2587 2592 2594 2598 2614 2615 2619 2620 2624 2628 2636 2642 2649 2655 2658 2659 2665 2674 2675 2678 2704 2706 2707 2708 2709 2713 2720 2732 2733 2735 2746 2749 2761 2764 2765 2769 2771 2775 2777 2782 2793 2795 2809 2812 2813 2816 2819 2831 2833 2840 2851 2855 2858 2861 2863 2868 2870 2871 2872 2874 2876 2894 2903 2913 2921 2923 2925 2928 2929 2930 2937 2938 2939 2940 2942 2959 2963 2973 2974 2976 2983 2987 2991 2999 3000 3001 3005 3006 3009 3010 3015 3017 3026 3027 3028 3029 3033 3035 3036 3037 3041 3042 3049 3054 3061 3063 3087 3089 3091 3093 3109 3112 3119 3122 3128 3133 3135 3137 3139 3140 3143 3145 3146 3149 3155 3157 3169 3171 3175 3177 3181 3182 3187 3188 3191 3192 3200 3202 3216 3222 3223 3227 3228 3229 3233 3235 3238 3240 3251 3256 3267 3268 3270 3271 3275 3280 3282 3287 3301 3310 3311 3313 3317 3322 3326 3329 3330 3336 3339 3346 3349 3356 3362 3373 3378 3379 3381 3382 3400 3405 3416 3429 3433 3434 3437 3438 3446 3448 3449 3457 3459 3464 3466 3468 3470 3475 3476 3477 3481 3483 3490 3493 3494 3495 3496 3499 3511 3515 3521 3522 3526 3532 3533 3547 3548 3549 3550 3570 3571 3576 3580 3581 3590 3593 3594 3596 3598 3616 3627 3631 3636 3644 3646 3654 3655 3670 3679 3686 3689 3691 3695 3697 3717 3731 3735 3737 3751 3753 3763 3771 3772 3773 3775 3780 3791 3795 3806 3814 3816 3817 3820 3827 3831 3851 3856 3867 3869 3878 3880 3882 3883 3900 3903 3911 3915 3922 3923 3928 3933 3938 3943 3944 3949 3950 3952 3958 3964 3965 3966 3970 3972 3974 3976 4000 4004 4006 4007 4014 4022 4023 4049 4050 4051 4058 4059 4062 4069 4070 4075 4076 4083 4088 4090 4094 4112 4117 4122 4124 4127 4128 4149 4153 4158 4160 4169 4174 4175 4181 4192 4198 4201 4204 4205 4221 4246 4252 4257 4261 4262 4275 4279 4285 4286 4289 4299 4301 4316 4322 4323 4324 4337 4342 4344 4347 4351 4352 4354 4356 4361 4368 4370 4373 4374 4377 4382 4383 4384 4386 4387 4395 4396 4397 4403 4404 4405 4406 4407 4411 4413 4416 4423 4430 4433 4437 4438 4441 4442 4443 4444 4445 4454 4460 4468 4470 4472 4492 4494 4497 4498 4499 4503 4516 4523 4526 4534 4535 4536 4543 4544 4545 4553 4554 4560 4562 4566 4568 4571 4575 4588 4594 4595 4598 4600 4601 4602 4606 4607 4609 4626 4629 4630 4632 4634 4637 4642 4645 4646 4655 4657 4665 4667 4673 4675 4676 4679 4686 4688 4693 4694 4702 4704 4707 4710 4719 4720 4721 4730 4732 4733 4738 4740 4741 4743 4745 4746 4748 4752 4757 4760 4761 4763 4764 4773 4774 4778 4782 4787 4789 4792 4793 4794 4800 4811 4815 4816 4817 4818 4819 4821 4827 4828 4829 4831 4833 4834 4836 4839 4843 4846 4848 4850 4851 4853 4855 4858 4862 4870 4871 4898 4918 4931 4937 4951 4971 4979 4991 5003 5004 5007 5008 5009 5010 5013 5022 5023 5032 5042 5045 5052 5054 5065 5068 5076 5080 5089 5091 5098 5100 5107 5113 5114 5116 5122 5123 5128 5140 5147 5151 5152 5155 5156 5165 5168 5169 5171 5178 5184 5199 5201 5204 5207 5210 5216 5217 5223 5226 5228 5229 5234 5236 5237 5239 5248 5263 5276 5280 5282 5284 5291 5295 5296 5303 5309 5313 5315 5317 5318 5321 5324 5325 5326 5327 5334 5337 5344 5345 5350 5354 5360 5365 5366 5368 5372 5374 5375 5378 5387 5393 5402 5407 5442 5443 5444 5445 5446 5452 5474 5475 5477 5481 5484 5485 5487 5488 5490 5491 5495 5497 5507 5516 5518 5519 5522 5532 5533 5534 5537 5540 5542 5543 5544 5546 5547 5551 5558 5560 5566 5582 5584 5587 5590 5596 5610 5612 5614 5615 5620 5621 5622 5623 5624 5628 5629 5631 5632 5633 5636 5640 5641 5642 5643 5644 5649 5650 5651 5654 5660 5664 5665 5668 5670 5672 5677 5684 5688 5696 5697 5698 5707 5709 5712 5714 5718 5721 5722 5723 5726 5731 5733 5738 5754 5757 5759 5760 5769 5773 5775 5778 5783 5786 5795 5797 5803 5811 5822 5825 5826 5835 5839 5840 5841 5844 5847 5848 5855 5856 5862 5863 5864 5867 5874 5875 5878 5880 5883 5884 5889 5891 5892 5899 5901 5904 5905 5911 5917 5919 5937 5942 5950 5951 5958 5961 5965 5990 6000 6001 6005 6014 6016 6024 6043 6047 6049 6053 6054 6055 6093 6118 6120 6133 6135 6154 6163 6187 6212 6218 6221 6222 6231 6278 6323 6326 6336 6350 6351 6352 6353 6357 6366 6375 6387 6404 6420 6423 6426 6428 6435 6446 6473 6474 6480 6482 6483 6484 6485 6486 6493 6497 6499 6502 6511 6515 6524 6528 6529 6532 6533 6549 6550 6565 6566 6579 6583 6589 6597 6598 6601 6602 6612 6614 6623 6624 6629 6631 6632 6634 6638 6641 6649 6653 6660 6664 6665 6669 6676 6684 6685 6689 6698 6703 6712 6719 6728 6731 6732 6736 6740 6750 6755 6756 6759 6762 6765 6769 6777 6784 6785 6790 6792 6794 6796 6797 6807 6831 6835 6836 6845 6849 6851 6852 6853 6854 6855 6856 6859 6861 6862 6871 6872 6875 6880 6884 6885 6896 6897 6900 6901 6911 6918 6919 6923 6927 6928 6932 6933 6936 6937 6953 6954 6956 6959 6968 6973 6979 6980 6982 6984 6985 6987 6988 6992 6995 7000 7002 7008 7017 7020 7022 7027 7032 7033 7037 7038 7042 7051 7054 7063 7064 7072 7073 7076 7082 7087 7088 7089 7092 7094 7097 7098 7103 7119 7124 7128 7131 7139 7140 7142 7152 7156 7157 7163 7168 7170 7179 7182 7183 7191 7194 7197 7200 7203 7207 7209 7210 7218 7220 7221 7235 7238 7242 7243 7257 7262 7263 7264 7286 7291 7292 7298 7301 7306 7307 7317 7319 7324 7332 7343 7346 7347 7350 7351 7354 7355 7359 7363 7369 7372 7393 7394 7400 7401 7409 7417 7429 7438 7439 7463 7466 7469 7487 7489 7490 7495 7507 7509 7512 7520 7522 7527 7533 7537 7546 7551 7560 7566 7568 7572 7575 7588 7592 7593 7599 7616 7618 7619 7624 7637 7638 7639 7640 7644 7645 7651 7654 7655 7659 7668 7679 7685 7686 7687 7688 7689 7691 7699 7700 7701 7714 7716 7717 7727 7738 7747 7754 7759 7760 7768 7774 7776 7777 7779 7784 7786 7793 7800 7813 7821 7828 7834 7836 7837 7838 7843 7855 7861 7862 7863 7868 7880 7881 7882 7883 7893 7894 7896 7897 7898 7906 7907 7908 7910 7912 7913 7917 7922 7923 7924 7928 7942 7944 7953 7957 7967 7968 7973 7974 7975 7976 7977 7979 7983 7984 7988 8004 8012 8018 8019 8030 8036 8039 8049 8052 8053 8054 8058 8064 8065 8071 8078 8083 8111 8117 8118 8121 8138 8141 8144 8151 8152 8154 8157 8162 8167 8170 8171 8172 8177 8179 8188 8190 8194 8197 8198 8203 8206 8208 8210 8215 8216 8217 8227 8233 8235 8237 8243 8244 8260 8261 8284 8297 8298 8300 8302 8316 8317 8325 8329 8349 8352 8353 8356 8361 8364 8365 8370 8376 8385 8394 8402 8403 8409 8412 8413 8414 8419 8421 8423 8437 8439 8442 8444 8449 8452 8455 8470 8473 8474 8477 8480 8494 8495 8496 8497 8500 8501 8511 8524 8525 8536 8537 8555 8556 8565 8576 8577 8585 8591 8605 8630 8633 8639 8657 8658 8671 8686 8687 8691 8705 8706 8709 8712 8723 8727 8728 8749 8753 8759 8763 8765 8766 8768 8769 8771 8779 8784 8785|8 9 14 15

0
1 7 29 30 35 41 53 54 58 61 65 68 69 90 91 97 109 112 116 117 120 124 140 143 144 150 157 158 159 164 167 168 169 175 176 177 181 191 194 199 200 207 212 230 231 235 236 243 244 245 247 250 251 260 272 273 291 292 302 312 316 319 320 331 335 337 344 345 353 356 363 364 376 389 402 425 426 427 437 440 441 442 448 456 462 463 472 476 477 479 495 524 526 537 540 541 552 553 555 556 558 563 567 569 571 591 592 598 599 600 608 622 625 626 637 659 670 672 676 683 688 696 708 714 729 735 736 751 753 754 760 764 765 770 773 793 794 810 815 838 846 878 882 887 895 896 897 899 902 907 912 913 916 921 930 969 982 987 995 1004 1021 1022 1030 1032 1033 1034 1042 1051 1057 1058 1071 1072 1073 1081 1082 1086 1087 1092 1093 1102 1104 1111 1112 1130 1138 1143 1148 1155 1158 1159 1160 1161 1162 1169 1170 1176 1186 1187 1189 1192 1194 1195 1196 1197 1198 1201 1202 1206 1214 1215 1217 1221 1227 1233 1236 1246 1248 1249 1250 1259 1270 1284 1290 1291 1293 1294 1295 1296 1302 1303 1304 1307 1316 1317 1329 1330 1334 1347 1350 1351 1355 1360 1369 1373 1376 1378 1379 1380 1382 1385 1392 1399 1400 1406 1410 1412 1415 1420 1422 1423 1424 1435 1453 1456 1457 1463 1466 1469 1470 1479 1481 1482 1486 1490 1494 1504 1506 1513 1521 1525 1526 1531 1545 1546 1548 1549 1551 1553 1558 1560 1568 1570 1571 1574 1577 1578 1579 1582 1583 1591 1600 1609 1614 1615 1624 1625 1627 1628 1630 1633 1634 1638 1645 1647 1648 1649 1650 1651 1652 1660 1662 1669 1675 1683 1684 1685 1686 1688 1694 1698 1708 1710 1711 1714 1723 1729 1735 1738 1746 1748 1749 1750 1751 1752 1754 1759 1763 1764 1765 1770 1779 1780 1786 1787 1788 1791 1794 1796 1798 1800 1801 1804 1807 1809 1811 1820 1825 1829 1832 1833 1836 1838 1842 1845 1847 1851 1856 1859 1860 1861 1876 1885 1886 1887 1888 1889 1890 1891 1896 1906 1920 1927 1928 1931 1933 1941 1942 1953 1962 1981 1987 1989 1990 1991 2006 2008 2009 2012 2020 2021 2029 2030 2039 2041 2049 2050 2057 2058 2062 2065 2066 2078 2079 2086 2089 2090 2091 2092 2096 2097 2099 2107 2108 2118 2120 2127 2128 2137 2138 2143 2144 2147 2148 2162 2165 2168 2178 2185 2207 2210 2213 2220 2221 2234 2235 2249 2250 2251 2254 2255 2266 2292 2293 2301 2302 2308 2311 2312 2315 2319 2325 2327 2328 2339 2340 2341 2349 2350 2351 2357 2358 2365 2372 2374 2375 2376 2377 2379 2380 2386 2390 2393 2396 2404 2406 2407 2409 2417 2422 2428 2430 2431 2433 2434 2435 2445 2446 2447 2448 2449 2450 2457 2458 2460 2467 2468 2469 2470 2471 2472 2473 2483 2489 2491 2503 2507 2514 2515 2516 2519 2540 2556 2560 2564 2569 2573 2576 2585 2594 2598 2614 2615 2619 2620 2624 2628 2631 2636 2639 2640 2642 2646 2649 2655 2658 2659 2661 2665 2675 2678 2694 2697 2702 2703 2704 2708 2709 2719 2720 2733 2746 2760 2766 2769 2771 2775 2777 2782 2804 2806 2812 2813 2816 2822 2831 2833 2840 2841 2845 2851 2855 2858 2861 2863 2864 2868 2870 2871 2872 2874 2876 2881 2894 2903 2913 2916 2921 2923 2925 2928 2937 2938 2939 2940 2942 2947 2958 2959 2974 2976 2983 2987 2991 2993 2997 2998 3001 3009 3010 3017 3026 3028 3029 3033 3035 3037 3041 3054 3061 3063 3065 3069 3075 3083 3087 3092 3093 3109 3112 3119 3122 3128 3133 3135 3139 3140 3145 3149 3152 3157 3169 3171 3173 3175 3176 3177 3181 3182 3184 3187 3188 3191 3192 3200 3202 3216 3222 3223 3227 3228 3229 3235 3237 3238 3248 3249 3256 3267 3270 3271 3274 3275 3280 3282 3283 3285 3301 3310 3311 3313 3317 3322 3329 3330 3339 3345 3346 3351 3356 3365 3378 3379 3380 3381 3398 3400 3402 3416 3424 3429 3431 3434 3437 3438 3443 3446 3448 3449 3453 3457 3459 3462 3464 3466 3468 3470 3471 3481 3483 3490 3492 3493 3494 3495 3503 3511 3515 3525 3526 3528 3532 3533 3542 3547 3548 3549 3550 3560 3561 3571 3575 3576 3581 3590 3593 3594 3596 3598 3616 3619 3627 3631 3636 3644 3646 3650 3654 3666 3670 3674 3679 3685 3686 3689 3691 3695 3699 3703 3706 3717 3719 3721 3735 3736 3737 3751 3763 3769 3773 3775 3791 3798 3806 3812 3814 3817 3820 3831 3836 3846 3849 3851 3856 3862 3867 3869 3878 3879 3880 3882 3883 3887 3900 3903 3914 3915 3923 3928 3933 3938 3944 3949 3950 3965 3966 3970 3972 3974 3995 4000 4004 4006 4007 4014 4022 4023 4027 4030 4032 4050 4051 4056 4057 4058 4059 4062 4069 4070 4075 4076 4082 4088 4090 4094 4105 4112 4113 4117 4122 4124 4127 4128 4139 4142 4149 4153 4158 4160 4161 4165 4169 4174 4175 4190 4192 4201 4204 4205 4211 4215 4221 4246 4257 4261 4262 4285 4286 4289 4299 4301 4302 4306 4316 4320 4323 4324 4337 4338 4342 4344 4351 4352 4356 4363 4364 4367 4368 4373 4377 4381 4387 4403 4404 4405 4406 4407 4410 4411 4412 4413 4416 4423 4429 4430 4432 4437 4440 4441 4442 4443 4444 4445 4449 4451 4460 4467 4468 4475 4481 4490 4492 4494 4497 4505 4523 4524 4526 4533 4534 4535 4543 4544 4553 4554 4562 4568 4571 4583 4589 4594 4595 4597 4599 4600 4601 4602 4606 4609 4619 4629 4630 4634 4637 4642 4644 4645 4646 4655 4657 4660 4666 4667 4669 4673 4675 4676 4682 4685 4686 4688 4691 4693 4694 4701 4702 4710 4714 4719 4720 4721 4730 4732 4733 4740 4741 4743 4744 4748 4757 4760 4761 4763 4766 4773 4774 4789 4793 4798 4800 4804 4811 4815 4816 4817 4822 4825 4827 4828 4832 4834 4836 4839 4843 4848 4850 4851 4852 4854 4855 4858 4862 4871 4877 4898 4914 4918 4919 4920 4922 4937 4949 4951 4956 4971 4976 4979 4991 5003 5004 5005 5007 5008 5009 5010 5013 5014 5022 5023 5029 5032 5042 5043 5047 5048 5052 5053 5054 5065 5076 5085 5089 5091 5098 5100 5107 5113 5114 5116 5119 5125 5128 5140 5142 5147 5151 5152 5155 5156 5168 5169 5175 5178 5180 5184 5186 5194 5199 5201 5204 5207 5209 5210 5216 5217 5223 5226 5228 5229 5234 5236 5237 5239 5243 5263 5267 5270 5277 5280 5282 5283 5285 5287 5288 5291 5292 5295 5296 5300 5301 5303 5309 5310 5313 5315 5317 5321 5324 5325 5326 5327 5334 5337 5344 5345 5347 5349 5350 5354 5360 5361 5365 5366 5372 5374 5375 5378 5379 5393 5402 5404 5407 5442 5445 5452 5474 5475 5481 5484 5485 5487 5488 5489 5491 5495 5496 5502 5505 5506 5507 5516 5518 5519 5522 5532 5534 5537 5540 5543 5544 5546 5566 5570 5582 5587 5590 5598 5600 5604 5610 5614 5615 5620 5621 5622 5623 5624 5625 5628 5629 5631 5632 5633 5636 5638 5640 5641 5642 5643 5644 5645 5649 5650 5651 5654 5660 5664 5665 5668 5670 5674 5677 5682 5684 5688 5696 5698 5709 5714 5718 5721 5722 5723 5724 5726 5729 5731 5733 5737 5739 5757 5760 5765 5769 5770 5773 5775 5778 5783 5786 5792 5797 5802 5803 5811 5816 5825 5826 5836 5838 5839 5840 5841 5845 5847 5855 5856 5858 5863 5867 5868 5870 5874 5875 5877 5880 5883 5884 5887 5889 5891 5899 5901 5905 5911 5914 5917 5919 5921 5941 5942 5950 5951 5961 5965 5970 5978 5985 5990 6000 6001 6005 6014 6016 6024 6043 6047 6049 6053 6054 6055 6077 6093 6099 6109 6120 6131 6133 6135 6139 6145 6154 6163 6187 6212 6218 6221 6231 6278 6309 6324 6326 6329 6336 6349 6350 6351 6352 6353 6356 6364 6366 6375 6387 6404 6423 6426 6428 6435 6446 6473 6474 6477 6480 6482 6483 6484 6485 6486 6493 6502 6511 6524 6528 6529 6532 6533 6545 6549 6566 6570 6579 6583 6589 6597 6598 6600 6601 6602 6608 6614 6623 6624 6629 6631 6632 6634 6636 6638 6641 6648 6649 6661 6662 6664 6669 6674 6676 6689 6699 6700 6705 6712 6732 6736 6739 6740 6744 6745 6750 6759 6769 6777 6779 6784 6785 6788 6789 6792 6793 6794 6795 6796 6803 6807 6810 6831 6835 6836 6842 6845 6849 6851 6852 6854 6855 6856 6861 6862 6871 6872 6875 6879 6880 6884 6885 6896 6897 6900 6901 6903 6911 6928 6932 6933 6937 6942 6943 6948 6954 6956 6964 6968 6973 6979 6980 6984 6994 7000 7002 7008 7014 7017 7022 7027 7032 7033 7037 7038 7042 7059 7063 7064 7072 7073 7076 7082 7087 7088 7089 7092 7094 7103 7119 7128 7131 7139 7142 7152 7156 7157 7167 7168 7169 7170 7175 7179 7194 7197 7200 7207 7210 7218 7227 7228 7238 7243 7257 7258 7262 7264 7285 7286 7289 7298 7301 7306 7307 7317 7319 7322 7332 7338 7343 7345 7346 7347 7350 7351 7354 7359 7363 7367 7372 7393 7394 7400 7401 7417 7425 7429 7438 7439 7455 7463 7466 7489 7490 7495 7509 7514 7520 7522 7527 7533 7537 7538 7551 7560 7566 7568 7575 7588 7592 7599 7616 7618 7619 7631 7638 7639 7640 7645 7651 7654 7655 7659 7668 7679 7686 7688 7689 7691 7702 7703 7714 7716 7717 7727 7747 7754 7768 7776 7777 7779 7784 7797 7800 7813 7821 7834 7836 7837 7838 7841 7855 7861 7862 7863 7868 7880 7881 7882 7883 7893 7896 7897 7898 7902 7906 7912 7913 7917 7922 7923 7924 7928 7939 7940 7942 7944 7953 7957 7968 7971 7973 7974 7977 7983 7987 7988 8004 8005 8007 8009 8012 8018 8019 8021 8030 8036 8039 8049 8054 8058 8059 8060 8064 8065 8071 8078 8083 8091 8108 8111 8113 8117 8118 8121 8123 8124 8125 8141 8151 8152 8153 8154 8157 8162 8167 8170 8172 8177 8190 8193 8194 8207 8208 8215 8216 8218 8219 8220 8222 8227 8233 8235 8237 8243 8244 8246 8247 8260 8261 8283 8284 8295 8297 8298 8302 8306 8325 8343 8344 8349 8353 8356 8357 8361 8365 8376 8400 8402 8403 8405 8409 8410 8413 8419 8421 8436 8439 8442 8449 8452 8455 8464 8470 8477 8480 8494 8495 8496 8497 8501 8520 8521 8522 8524 8525 8536 8555 8556 8564 8565 8576 8592 8597 8605 8639 8644 8657 8658 8686 8687 8691 8704 8705 8706 8709 8712 8716 8723 8748 8759 8763 8765 8766 8779|14 15 16 17
0.420792,
1
1 29 30 32 33 37 41 48 52 53 56 57 61 68 74 90 92 97 103 104 113 117 120 124 130 140 142 150 158 159 164 169 171 174 176 177 178 180 181 185 187 189 191 212 217 218 219 220 229 230 231 235 245 246 251 258 259 261 272 273 285 288 291 292 293 308 321 330 335 344 345 356 362 363 376 378 382 388 389 393 394 402 403 404 406 415 416 417 426 437 440 442 443 448 462 463 471 472 476 477 479 490 501 514 515 526 531 537 538 539 540 541 542 543 555 569 575 579 581 590 592 596 599 600 601 604 605 606 620 625 629 653 654 656 659 670 673 675 676 683 688 689 700 701 702 708 712 713 722 726 731 737 743 750 753 754 759 760 764 765 770 782 783 794 795 809 810 811 813 815 821 829 837 838 842 846 852 856 857 882 888 889 893 899 900 902 907 912 913 916 917 926 930 933 967 969 993 996 1004 1006 1025 1026 1032 1033 1034 1042 1044 1045 1046 1049 1054 1055 1059 1067 1070 1071 1078 1081 1082 1086 1088 1100 1101 1127 1130 1152 1154 1155 1157 1158 1159 1160 1161 1162 1165 1166 1168 1169 1170 1172 1177 1180 1189 1192 1195 1196 1198 1206 1208 1209 1211 1212 1214 1215 1221 1238 1243 1246 1248 1249 1250 1259 1269 1272 1275 1276 1295 1296 1299 1303 1310 1311 1312 1313 1316 1317 1325 1334 1348 1350 1354 1355 1356 1366 1377 1379 1380 1382 1385 1396 1399 1400 1406 1419 1420 1421 1429 1432 1435 1447 1449 1454 1456 1457 1459 1460 1475 1479 1480 1481 1482 1486 1487 1493 1495 1504 1506 1508 1510 1514 1521 1525 1526 1527 1535 1545 1546 1548 1551 1556 1557 1558 1559 1560 1562 1563 1564 1568 1575 1576 1578 1579 1580 1584 1604 1614 1615 1619 1620 1627 1633 1634 1638 1645 1647 1648 1651 1652 1669 1671 1674 1684 1685 1686 1688 1694 1708 1710 1711 1713 1735 1743 1754 1762 1768 1770 1773 1779 1785 1786 1789 1790 1798 1800 1801 1815 1816 1817 1820 1830 1836 1842 1845 1855 1857 1861 1869 1877 1880 1886 1889 1899 1906 1909 1913 1921 1927 1928 1930 1933 1939 1942 1946 1947 1970 1972 1979 1981 1989 1990 2001 2006 2012 2013 2015 2020 2021 2024 2039 2040 2041 2044 2045 2051 2052 2058 2062 2066 2078 2079 2087 2090 2091 2092 2096 2098 2099 2106 2107 2110 2115 2119 2123 2126 2127 2128 2131 2137 2138 2142 2144 2148 2154 2159 2165 2167 2168 2169 2175 2177 2182 2183 2185 2202 2203 2204 2205 2207 2217 2218 2219 2220 2221 2229 2233 2234 2235 2243 2245 2250 2254 2255 2265 2266 2267 2271 2279 2280 2292 2302 2304 2308 2311 2312 2315 2319 2336 2338 2342 2349 2358 2364 2368 2369 2371 2372 2375 2379 2390 2394 2396 2406 2407 2409 2415 2416 2417 2421 2422 2428 2430 2431 2434 2435 2441 2446 2448 2449 2450 2451 2457 2458 2460 2461 2467 2468 2469 2470 2471 2472 2473 2474 2475 2476 2477 2478 2484 2491 2497 2500 2505 2507 2514 2515 2516 2519 2540 2541 2543 2547 2548 2549 2551 2552 2553 2556 2557 2560 2564 2570 2571 2575 2577 2585 2596 2600 2609 2614 2616 2617 2619 2620 2623 2624 2631 2632 2636 2637 2639 2640 2643 2646 2648 2649 2658 2659 2661 2665 2674 2675 2678 2680 2681 2702 2703 2712 2719 2720 2721 2722 2738 2744 2747 2760 2764 2765 2769 2777 2782 2784 2787 2788 2796 2802 2804 2806 2808 2812 2813 2816 2824 2826 2831 2833 2836 2837 2845 2848 2851 2852 2856 2859 2861 2863 2864 2868 2871 2872 2894 2903 2908 2909 2911 2918 2921 2923 2928 2937 2938 2939 2942 2943 2951 2956 2959 2960 2966 2970 2976 2979 2982 2984 2985 2987 2991 2997 2998 3000 3001 3010 3012 3017 3021 3024 3026 3037 3041 3046 3047 3048 3051 3056 3057 3063 3064 3065 3075 3087 3089 3093 3097 3124 3125 3126 3128 3133 3135 3137 3139 3140 3149 3160 3161 3169 3173 3175 3176 3177 3180 3181 3184 3186 3187 3188 3189 3202 3208 3212 3216 3220 3224 3227 3228 3235 3237 3240 3248 3250 3253 3261 3263 3267 3276 3279 3280 3282 3285 3295 3296 3303 3307 3310 3311 3317 3321 3322 3328 3329 3335 3339 3345 3346 3350 3351 3352 3353 3354 3357 3359 3360 3365 3370 3381 3382 3391 3395 3398 3404 3407 3408 3413 3418 3421 3423 3431 3433 3434 3436 3437 3438 3439 3440 3443 3447 3448 3449 3450 3454 3457 3464 3470 3479 3481 3486 3490 3497 3502 3503 3505 3506 3511 3512 3513 3515 3517 3530 3531 3533 3540 3546 3548 3549 3556 3559 3560 3562 3563 3566 3567 3568 3570 3574 3575 3579 3580 3581 3582 3584 3592 3593 3594 3596 3598 3602 3605 3608 3619 3632 3637 3639 3641 3643 3646 3647 3650 3651 3660 3663 3666 3669 3670 3675 3676 3677 3679 3685 3686 3687 3688 3690 3693 3695 3697 3699 3703 3704 3705 3706 3713 3719 3726 3727 3735 3742 3743 3750 3754 3757 3762 3763 3772 3773 3798 3806 3812 3814 3817 3819 3820 3823 3827 3828 3831 3832 3839 3841 3843 3846 3849 3850 3851 3853 3856 3857 3867 3869 3871 3875 3882 3883 3886 3887 3891 3895 3896 3903 3905 3915 3917 3926 3930 3931 3933 3935 3941 3942 3948 3949 3950 3953 3956 3965 3966 3972 3973 3979 3982 3987 3994 3995 4004 4006 4010 4013 4014 4016 4032 4038 4040 4046 4047 4048 4051 4056 4069 4070 4077 4079 4083 4085 4086 4087 4089 4094 4095 4098 4103 4104 4105 4112 4113 4114 4116 4119 4128 4146 4147 4148 4151 4153 4155 4163 4164 4166 4169 4170 4174 4185 4186 4190 4201 4204 4205 4211 4212 4213 4214 4215 4217 4219 4232 4236 4237 4240 4245 4246 4249 4250 4255 4257 4261 4262 4274 4275 4276 4280 4285 4295 4296 4299 4305 4306 4310 4316 4320 4324 4325 4326 4327 4341 4342 4354 4359 4363 4364 4366 4367 4371 4373 4377 4378 4381 4385 4396 4403 4406 4407 4412 4413 4414 4416 4418 4419 4423 4424 4427 4434 4437 4438 4440 4441 4444 4449 4455 4457 4458 4462 4464 4465 4467 4468 4471 4473 4475 4476 4478 4481 4488 4490 4492 4500 4505 4509 4514 4517 4524 4526 4527 4528 4529 4533 4534 4535 4537 4539 4540 4546 4554 4558 4563 4568 4571 4574 4580 4583 4589 4596 4597 4599 4602 4608 4610 4612 4616 4620 4627 4629 4630 4635 4636 4637 4639 4642 4643 4644 4645 4646 4650 4655 4659 4662 4666 4669 4671 4673 4675 4676 4682 4685 4688 4692 4693 4694 4699 4702 4706 4714 4715 4717 4719 4729 4734 4737 4743 4749 4751 4757 4761 4763 4766 4768 4771 4777 4780 4788 4800 4809 4810 4817 4822 4827 4828 4832 4838 4847 4848 4850 4852 4862 4866 4871 4877 4882 4891 4892 4905 4906 4908 4915 4917 4922 4924 4927 4928 4932 4933 4934 4936 4938 4947 4958 4965 4966 4971 4973 4978 4979 4982 4983 4985 4989 4990 4994 4997 5003 5005 5007 5008 5010 5013 5014 5029 5032 5044 5048 5053 5054 5061 5065 5072 5076 5079 5085 5089 5091 5098 5100 5102 5104 5108 5112 5113 5114 5116 5119 5131 5135 5143 5147 5150 5152 5168 5170 5172 5174 5175 5183 5184 5189 5198 5199 5201 5203 5204 5207 5209 5210 5218 5219 5222 5223 5224 5229 5234 5238 5253 5264 5265 5267 5270 5272 5278 5280 5286 5287 5288 5292 5294 5295 5296 5300 5301 5310 5312 5313 5317 5326 5328 5331 5333 5334 5335 5339 5343 5344 5349 5350 5354 5357 5358 5361 5367 5370 5372 5378 5379 5392 5393 5404 5407 5417 5421 5427 5438 5445 5452 5465 5466 5474 5475 5481 5484 5485 5487 5488 5491 5493 5495 5496 5497 5502 5505 5506 5507 5509 5532 5534 5535 5539 5544 5553 5555 5558 5566 5580 5587 5589 5590 5594 5596 5598 5600 5604 5605 5606 5608 5609 5614 5624 5628 5632 5633 5638 5640 5641 5642 5643 5644 5645 5646 5647 5649 5663 5664 5665 5666 5668 5669 5673 5674 5676 5678 5688 5693 5694 5698 5701 5703 5705 5706 5707 5714 5716 5718 5720 5721 5722 5723 5724 5725 5726 5728 5729 5730 5733 5737 5738 5739 5743 5744 5745 5747 5753 5755 5756 5759 5760 5763 5770 5772 5773 5774 5775 5778 5781 5783 5785 5797 5807 5809 5811 5812 5813 5816 5819 5824 5825 5826 5828 5829 5834 5835 5839 5840 5843 5845 5851 5856 5863 5868 5869 5870 5871 5874 5875 5877 5884 5891 5894 5901 5908 5917 5921 5965 5973 5978 5985 5989 6001 6005 6009 6014 6028 6043 6050 6053 6054 6069 6072 6075 6077 6099 6102 6108 6109 6121 6131 6135 6145 6146 6154 6162 6163 6166 6187 6209 6212 6218 6221 6226 6271 6283 6297 6309 6326 6329 6336 6339 6350 6351 6352 6356 6364 6366 6372 6377 6387 6430 6435 6451 6454 6458 6478 6479 6480 6482 6486 6491 6493 6497 6502 6507 6510 6511 6512 6513 6522 6524 6529 6532 6535 6540 6549 6570 6599 6601 6602 6608 6617 6618 6624 6626 6629 6631 6633 6634 6638 6639 6642 6649 6661 6662 6664 6669 6673 6674 6676 6684 6685 6688 6690 6705 6712 6716 6724 6733 6734 6743 6744 6745 6746 6747 6750 6754 6762 6763 6769 6774 6776 6777 6780 6781 6782 6785 6788 6789 6791 6794 6804 6805 6807 6808 6809 6829 6834 6835 6836 6842 6851 6854 6855 6856 6861 6862 6865 6875 6880 6884 6887 6900 6903 6907 6908 6916 6927 6928 6929 6930 6932 6933 6934 6935 6942 6943 6954 6956 6959 6961 6968 6973 6977 6978 6979 6982 6984 6989 6993 6994 6997 7001 7008 7017 7019 7022 7027 7032 7033 7036 7037 7038 7040 7041 7042 7055 7062 7063 7064 7067 7072 7074 7075 7076 7079 7084 7087 7088 7092 7094 7105 7116 7119 7120 7121 7122 7125 7130 7134 7135 7139 7140 7142 7144 7147 7150 7156 7157 7158 7159 7167 7168 7171 7179 7181 7196 7197 7200 7203 7207 7209 7210 7219 7222 7227 7228 7233 7238 7243 7246 7256 7262 7263 7264 7286 7301 7309 7310 7317 7332 7338 7345 7346 7353 7357 7358 7359 7380 7384 7385 7393 7394 7398 7403 7407 7411 7412 7422 7429 7438 7439 7440 7455 7457 7458 7460 7463 7473 7487 7492 7505 7519 7522 7527 7530 7533 7537 7538 7539 7543 7546 7550 7551 7553 7556 7565 7568 7575 7586 7587 7588 7591 7592 7596 7603 7604 7608 7610 7618 7637 7641 7654 7656 7657 7659 7661 7663 7665 7677 7678 7680 7686 7690 7691 7694 7696 7697 7703 7704 7705 7707 7709 7712 7714 7716 7717 7727 7736 7746 7759 7767 7768 7777 7779 7795 7796 7797 7802 7803 7823 7828 7834 7837 7838 7847 7850 7861 7862 7867 7868 7897 7898 7899 7901 7908 7910 7913 7915 7917 7920 7922 7924 7927 7930 7939 7940 7941 7944 7946 7947 7948 7949 7950 7951 7953 7954 7955 7957 7958 7967 7969 7971 7973 7974 7977 7978 7983 7986 7987 7988 7989 7999 8006 8007 8008 8009 8012 8013 8017 8018 8019 8021 8026 8027 8028 8029 8031 8034 8036 8037 8053 8055 8058 8060 8063 8066 8073 8074 8080 8083 8086 8087 8090 8091 8092 8097 8098 8101 8102 8104 8106 8108 8111 8113 8117 8118 8120 8121 8123 8124 8125 8127 8130 8131 8132 8138 8140 8141 8144 8149 8152 8153 8156 8161 8167 8170 8172 8175 8181 8182 8190 8196 8204 8205 8206 8207 8208 8211 8215 8218 8219 8220 8222 8223 8224 8226 8227 8231 8237 8251 8253 8255 8260 8261 8269 8270 8274 8276 8280 8281 8282 8283 8284 8285 8287 8288 8289 8295 8296 8299 8300 8302 8303 8308 8309 8312 8320 8321 8323 8324 8325 8326 8333 8337 8339 8344 8347 8349 8350 8351 8352 8356 8357 8363 8365 8367 8369 8370 8375 8378 8386 8388 8395 8396 8400 8408 8409 8419 8421 8422 8439 8447 8455 8462 8464 8465 8468 8472 8475 8476 8480 8489 8496 8497 8506 8507 8520 8522 8525 8528 8533 8540 8541 8555 8556 8576 8577 8581 8591 8592 8601 8602 8605 8609 8612 8613 8620 8630 8641 8642 8643 8647 8648 8651 8652 8657 8670 8687 8691 8694 8699 8701 8712 8715 8721 8723 8746 8763 8765 8771 8779 8780 8789 8791 8793 8794|16 17 18 19 20 21 22 23 24 25
0.369868,
1
