---------------------------------------
51 113 191 325 360 374 397 460 486 526 528 593 594 808 1124 1209 1223 1409 1469 1595 1782 1792 2060 2063 2064 2505 2507 2576 2728 3020 3052 3286 3324 3327 3406 3438 3654 3655 3778 3874 3941 3942 3979 3984 4015 4244 4354 4377 4400 4451 4494 4581 4683 4829 4958 4995 5007 5058 5063 5261 5278 5291 5351 5358 5428 5470 5545 5770 6057 6074 6193 6199 6291 6367 6386 6444 6532 6570 6571 6595 6606 6729 6930 6931 6942 6964 6980 7014 7025 7115 7121 7124 7137 7152 7153 7154 7156 7184 7408 7464 7466 7471 7555 7591 7665 7751 7753 7786 7791 7832 7876 7877 8272 8412 8413 8462 8502 8540 8562 8566 8746 8805 8847 9012 9061 9064 9078 9116 9213 9352 9721 9937 10271 10339 10349 10350 10376 10503 10729 11072 11339 11385 11387 11587 11660 11722 11981 12150 12401 12438|0 1 2 3 4 5 6 7 9 10 12 13 14 17 18 19 20 21 22 27 29 30 31 32 33 34 35 36 37 38 39 40 41 42 43 44 45 46 47 48 49 50 51 54 55 56 57 58 59 60 61 62 64 65 66 67 68 69 70 71 72 73 74 76 77 78 79 80 81 82 83
0.88532,0.896907,0.289056,0.295221,0.288854,
5
51 113 191 325 360 374 397 460 486 526 528 593 594 808 1124 1223 1409 1469 1595 1782 1792 2060 2063 2505 2507 2576 2728 3020 3052 3286 3324 3327 3406 3438 3654 3655 3778 3874 3941 3942 3979 3984 4015 4244 4377 4400 4451 4461 4581 4683 4829 4958 4995 5007 5058 5063 5261 5278 5291 5351 5358 5428 5470 5545 5770 6057 6074 6193 6199 6255 6291 6325 6367 6386 6444 6532 6570 6571 6595 6606 6729 6930 6931 6942 6964 6980 7014 7025 7115 7121 7124 7137 7152 7153 7154 7156 7184 7408 7464 7466 7471 7555 7591 7665 7751 7753 7786 7791 7832 7876 7877 8272 8412 8413 8462 8502 8540 8562 8566 8805 8847 9012 9061 9064 9078 9116 9213 9352 9551 9721 9937 10271 10339 10349 10350 10376 10503 10729 11072 11339 11385 11387 11587 11660 11722 11981 12150 12332 12401 12438|0 1 2 3 4 5 6 7 8 9 10 12 13 14 18 19 20 21 22 23 27 30 31 32 33 34 35 36 37 38 39 40 41 42 43 44 45 46 47 48 49 50 51 54 55 56 57 58 59 60 61 62 64 65 66 67 68 69 70 71 72 73 74 76 77 78 79 80 81 82 83
0.88532,0.896907,0.281875,0.307751,0.288854,
5
51 113 191 325 360 374 397 460 486 526 528 593 594 808 1124 1223 1409 1469 1595 1782 1792 2060 2063 2505 2507 2576 2728 3020 3052 3286 3324 3327 3406 3438 3654 3655 3778 3874 3941 3942 3979 3984 4015 4244 4377 4400 4451 4581 4653 4683 4829 4958 4995 5007 5058 5063 5261 5278 5291 5351 5358 5428 5470 5545 5770 6057 6074 6193 6199 6291 6367 6386 6444 6532 6570 6571 6595 6606 6729 6930 6931 6942 6964 6980 7014 7025 7115 7121 7124 7137 7152 7153 7154 7156 7184 7408 7464 7466 7471 7555 7591 7665 7751 7753 7786 7791 7832 7876 7877 8272 8412 8413 8462 8502 8540 8562 8566 8646 8805 8847 9012 9061 9064 9078 9116 9213 9352 9721 9937 10271 10339 10349 10350 10376 10503 10729 11058 11072 11339 11385 11387 11587 11660 11722 11981 12150 12401 12438|0 1 2 4 5 6 7 8 9 10 12 14 17 18 19 20 21 22 23 27 29 30 31 32 33 34 35 36 37 38 39 40 41 42 43 44 45 46 47 48 49 50 51 54 55 56 57 58 59 60 61 62 64 65 66 67 68 69 70 71 72 73 74 76 77 78 79 80 81 82 83
0.896586,0.896586,0.298425,0.284895,0.292133,
5
113 280 325 444 691 1097 1208 1357 1441 1445 1446 1599 1603 1681 1763 1930 1962 2296 2356 2459 2555 2753 2754 2841 2913 3474 3546 3578 3603 3665 3916 3941 4018 4256 4434 4563 4569 4626 4633 4885 4920 4995 5046 5116 5255 5284 5362 5540 5587 5608 5743 5770 5858 5930 6092 6278 6355 6426 6445 6455 6543 6595 6615 6629 6722 6723 6765 6775 7030 7051 7062 7098 7100 7184 7281 7354 7408 7546 7673 7805 7832 7869 7877 8163 8172 8398 8462 8536 8554 8601 8655 8894 9042 9043 9053 9134 9207 9654 9684 9904 9962 10001 10020 10164 10165 10276 10332 10493 10652 10677 10711 11028 11173 11201 11331 11379 11474 11501 11519 11689 11690 12115 12198 12318 12438|0 1 2 3 4 5 6 7 8 9 13 17 18 19 20 23 29 30 31 32 33 34 36 40 41 42 43 44 45 46 47 48 49 50 51 53 55 56 57 58 59 60 61 62 64 65 66 67 68 69 70 71 72 73 74 76 77 78 79 80 81 82 83

0
126 250 594 633 808 809 811 1028 1153 1223 1409 1469 1749 1782 1888 1889 2060 2063 2507 2662 2728 2899 3286 3324 3327 3406 3653 3655 3941 3942 3979 4244 4324 4451 4469 4491 4653 4829 4958 5261 5278 5291 5351 5770 5986 6057 6193 6255 6462 6532 6570 6571 6595 6606 6729 6730 6931 6968 7014 7044 7054 7121 7152 7154 7235 7556 7591 7601 7751 7769 7786 7791 7832 7877 7952 8540 8562 8566 8671 8782 8847 9064 9116 9166 9167 9352 9721 9867 9937 10271 10349 10350 10698 11379 11587 11660 11722 11981 12150|0 1 2 4 5 6 7 9 17 18 19 20 22 29 30 31 32 33 34 35 36 40 41 42 43 44 45 46 47 48 49 50 51 54 55 56 57 58 59 60 61 62 64 65 66 67 68 69 70 71 72 73 74 75 76 77 78 79 80 81 82 83
0.295116,0.285326,0.304619,0.883707,0.656678,
5
126 250 594 633 808 809 811 1028 1153 1223 1409 1469 1749 1782 1888 1889 2060 2063 2507 2662 2728 2899 3286 3324 3327 3406 3653 3941 3942 3979 4244 4324 4451 4469 4491 4829 4958 5261 5278 5291 5351 5770 5986 6057 6193 6255 6462 6532 6570 6571 6595 6606 6729 6730 6931 6968 7014 7044 7054 7121 7152 7154 7184 7235 7591 7601 7751 7769 7786 7791 7832 7877 7952 8540 8562 8566 8671 8782 8847 9064 9078 9116 9166 9167 9352 9721 9867 9937 10271 10349 10350 10698 11379 11587 11660 11722 11981 12150 12332|0 1 2 3 4 5 6 7 9 13 18 19 20 22 30 31 32 33 34 35 36 40 41 42 43 44 45 46 47 48 49 50 51 54 55 56 57 58 59 60 61 62 64 65 66 67 68 69 70 71 72 73 74 75 76 77 78 79 80 81 82 83
0.301235,0.313649,0.288553,0.883707,0.656678,
5
105 106 117 426 432 624 691 712 821 830 1043 1097 1283 1287 1547 1813 1816 1827 1991 2414 2415 2750 2858 3210 3222 3223 3254 3340 3450 3452 3453 3603 3742 3755 3766 4005 4041 4052 4614 4909 4961 4962 5076 5476 5512 5668 5755 5938 6362 6426 6442 6455 6517 6611 6721 6792 6826 6835 6837 6851 6987 6990 7070 7295 7372 7373 7816 8045 8049 8135 8149 8224 8242 8317 8386 8441 8749 8752 8850 9007 9077 9178 9686 9952 9955 10112 10217 10259 10329 10330 10662 10692 10705 11110 11126 11128 11130 11162 11200 11201 11274 11682 11690 11785 11838 11984 12331|0 1 2 4 5 8 9 11 16 17 18 19 23 24 29 30 31 32 33 34 36 40 41 42 43 44 45 48 49 50 51 52 55 57 59 60 62 63 64 65 66 67 68 69 70 72 75 76 77 78 79 80 81 83
0.564883,0.416195,0.427784,0.34196,0.292853,
5
126 808 811 1028 1223 1409 1469 1749 1888 1889 2060 2063 2507 2662 2728 2899 3233 3286 3327 3406 3653 3778 3941 3942 3979 4244 4451 4469 4829 4958 5261 5278 5291 5351 5362 5770 5986 6057 6193 6532 6570 6571 6595 6606 6729 6730 6930 6931 6968 7014 7044 7054 7121 7152 7154 7235 7591 7601 7751 7786 7832 7877 8540 8562 8566 8671 8782 8847 9064 9116 9352 9721 9867 9937 10271 10349 10350 10698 11379 11587 11660 11981 12092|0 1 2 3 4 5 6 7 8 9 13 14 17 18 19 23 27 29 30 31 32 33 34 35 36 40 41 42 43 44 45 46 47 48 49 50 51 54 55 56 57 58 59 60 61 62 63 64 65 66 67 68 69 70 71 72 73 74 76 77 78 79 80 81 82 83
0.287129,0.287129,0.290507,0.644538,0.644538,
5
1 125 149 214 298 334 525 539 550 634 772 785 893 895 897 935 943 1007 1009 1230 1641 2276 2506 2783 3078 3196 3274 3486 4261 4660 4681 4706 4740 4797 4823 5314 5611 5645 5886 5926 5944 6049 6063 6406 6530 6762 6797 6871 6994 7145 7181 7232 7288 7298 7348 7448 7510 7619 7851 7995 8078 8080 8325 8382 8407 8408 8573 8664 8745 8803 8804 9014 9044 9211 9237 9296 9327 9385 9388 9662 10081 10104 10282 10368 10373 10378 10582 10653 10660 10689 10790 11363 11366 11526 11540 11659 11692 11937 11980 11998 12055 12165 12199 12299 12300 12310 12316 12320 12359 12368 12387|1 3 6 7 8 9 11 18 19 23 24 30 31 32 33 34 35 36 40 41 42 43 44 45 46 47 48 49 50 51 52 54 55 60 62 64 65 66 67 68 69 70 76 77 78 79 80 83

0
191 325 940 1208 1223 1409 1445 1446 1469 1504 1595 1596 1664 1681 1792 1962 2232 2414 2415 2555 2576 2728 2841 2849 2863 3221 3438 3450 3552 3886 3956 4106 4451 4829 4885 4995 5058 5452 5868 5930 5974 6092 6571 6606 6629 6722 6723 6839 7014 7546 7751 7786 8462 8540 8548 8782 8847 9064 9134 9206 9207 9352 9617 9637 9654 9684 9721 9989 10001 10122 10271 10677 11069 11110 11125 11173 11587 11660 12102 12401 12438|0 1 2 4 5 9 13 15 18 19 20 22 23 29 30 31 32 33 34 36 40 41 42 43 44 45 46 47 48 49 50 51 55 56 57 58 59 60 61 62 64 65 66 67 68 69 70 71 72 73 74 76 77 78 79 80 81 82 83
0.385305,0.359477,
2
105 106 115 117 426 432 624 691 712 821 1043 1131 1777 1813 1816 1827 1991 2693 2730 2750 2858 3210 3254 3340 3603 3742 3766 4005 4614 4909 4961 4962 5076 5613 5668 5755 6362 6426 6442 6517 6611 6627 6721 6792 6826 6837 6851 6981 6990 7070 7295 7372 7373 8045 8049 8135 8224 8242 8317 8386 8407 8408 8441 8454 8749 8752 8850 9007 9077 9686 9952 9955 10112 10217 10259 10329 10330 10662 10692 11110 11130 11162 11200 11201 11682 11690 11838 11984 11998 12331|0 1 4 5 8 9 11 16 17 18 19 23 24 29 30 31 32 33 34 35 36 40 41 42 43 44 45 46 47 48 49 50 51 52 54 55 57 60 62 63 64 65 66 67 68 69 70 72 75 76 77 78 79
0.560246,0.31938,0.337728,
3
60 115 194 399 505 506 507 511 532 539 634 772 849 881 943 1007 1115 1131 1134 2077 2605 2661 2751 2807 3187 3201 3274 4113 4261 4395 4660 4793 4823 4872 5137 5249 5260 5645 5678 5944 5971 6063 6139 6227 6406 7026 7181 7232 7298 7368 7421 7652 7813 7851 7938 8019 8069 8102 8113 8275 8456 8664 8946 9014 9044 9067 9296 9359 9634 9887 10076 10104 10187 10325 10368 10373 10412 10582 10651 10653 10660 10689 10879 10920 11366 11612 11831 11832 11917 11937 11980 12310 12313 12387|1 3 8 9 11 13 14 17 18 19 23 24 27 29 30 31 32 33 34 35 36 40 41 42 43 44 45 46 47 48 49 50 51 52 54 55 60 62 64 65 66 67 68 69 70 76 77 78 79 81

0
48 80 105 106 292 399 417 476 540 678 684 699 768 834 897 1081 1826 1827 1848 2693 3366 3949 4003 4214 4308 4960 5093 5405 5883 5923 6012 6191 6406 6529 6530 6547 6620 6721 6822 7129 7279 7642 7648 7689 7960 7971 8049 8050 8231 8332 8440 8476 8477 8524 8745 8997 9014 9277 9355 9887 10032 10322 10356 10686 10712 10747 10748 10790 11011 11128 11213 11238 11549 11612 11654 11952 11978 12027 12131 12310 12313|1 3 8 9 11 13 14 17 18 19 23 24 27 29 30 31 32 33 34 35 36 40 41 42 43 44 45 46 47 49 50 51 52 54 55 60 61 62 63 64 65 66 67 68 69 70 74 75 76 77 78 79
0.699849,0.260331,0.468168,
3
68 106 126 432 434 624 712 834 1097 1283 1287 1469 1547 1813 1816 1827 1991 2414 2415 2858 2920 3185 3210 3254 3340 3742 3766 3995 4041 4152 4380 4604 4909 4961 5076 5476 5512 5536 5668 6362 6426 6442 6517 6721 6792 6804 6837 6851 7070 7295 7372 7544 7925 8049 8224 8242 8317 8472 8752 8850 9007 9166 9167 9952 9954 9955 10112 10217 10259 10329 10330 10662 10705 11162 11682 11785 11838 11875 11978 11984 12331|0 1 2 4 5 8 9 17 18 19 23 29 30 31 32 33 34 36 39 40 41 42 43 44 45 46 48 49 50 51 52 55 57 59 60 62 64 65 66 67 68 69 70 72 76 77 78 79 80 81 83
0.416844,0.319843,0.910073,0.70104,0.546898,
5
280 325 594 1296 1347 1520 1763 1983 2060 2940 3263 3406 3438 3653 3654 3655 3683 3874 4383 4426 4683 5220 5358 6060 6074 6180 6189 6193 6311 6367 6403 6444 6532 6543 6964 7125 7135 7137 7184 7281 7282 7365 7404 7591 7665 7751 7753 7773 7876 7877 8083 8294 8540 8847 9617 9654 10161 10376 11234 11268 11330 11339 11385 11825 11941 11942 12123 12178 12332|0 1 2 3 4 5 6 7 9 11 18 19 20 22 30 31 32 33 34 35 36 40 41 42 43 44 45 47 48 49 50 51 55 56 57 58 59 60 61 62 64 65 66 67 68 69 70 71 72 73 74 76 77 78 79 80 81 82 83
0.846029,0.521376,0.543769,
3
68 106 126 432 434 624 712 834 1283 1287 1547 1813 1816 1827 1991 2414 2415 2750 2858 2920 3185 3210 3254 3340 3742 3766 3995 4041 4152 4380 4604 4909 4961 5076 5476 5512 5536 5668 6362 6426 6442 6517 6721 6792 6804 6837 6851 7070 7295 7372 7925 8049 8242 8317 8472 8752 8850 9007 9166 9167 9952 9954 9955 10112 10217 10259 10329 10330 10662 10705 11162 11682 11785 11838 11875 11984 12331|0 1 2 4 5 8 9 17 18 19 23 24 29 30 31 32 33 34 36 39 40 41 42 43 44 45 46 48 49 50 51 52 55 57 59 60 62 64 65 66 67 68 69 70 72 76 77 78 79 80 81 83
0.426301,0.335217,0.909006,0.662921,0.512377,
5
100 111 224 369 379 601 1258 2095 2211 2570 2579 2606 2608 2685 3242 3295 3337 3664 3680 3737 3739 3878 3895 4129 4447 4792 5118 5300 5538 5626 5765 5999 6045 6085 6099 6103 6235 6343 6505 6712 6772 7084 7131 7160 7220 7497 7666 7695 7712 7734 7874 7923 8129 8264 8269 8438 8471 8512 8672 8691 8793 8812 9016 9200 9290 9499 9547 10033 10152 10716 10788 10965 11689 12323|0 2 3 4 5 6 7 8 11 13 14 15 17 18 20 22 23 24 25 27 28 29 32 35 39 40 41 42 43 44 45 46 47 48 49 50 51 52 54 56 57 58 59 61 63 71 72 73 74 75 80 81 82 83

0
325 594 1296 1347 1763 1983 2940 3263 3406 3438 3653 3654 3655 3683 3874 4383 4426 4683 5220 5358 6060 6180 6189 6193 6311 6367 6403 6444 6532 6543 6964 7135 7137 7184 7281 7282 7365 7404 7591 7665 7753 7773 7876 7877 8083 8294 8540 8847 9617 9654 10161 10376 10917 11234 11268 11330 11339 11385 11825 11941 11942 12123 12178 12332|0 1 2 3 4 5 6 7 8 9 11 18 19 20 22 30 31 32 33 34 35 36 41 42 43 44 45 46 47 48 49 50 51 54 55 56 57 58 59 60 61 62 64 65 66 67 68 69 70 71 72 73 74 76 77 78 79 80 81 82 83
0.842712,0.535519,0.574769,
3
280 325 1296 1983 2130 2632 2940 3406 3438 3653 3654 3655 3683 4256 4383 4426 4683 4954 5165 5220 5358 5418 5815 6107 6180 6189 6193 6239 6311 6333 6403 6444 6543 6595 6964 7135 7184 7282 7365 7404 7591 7665 7753 7773 7877 8083 8294 8412 8413 8847 9617 9654 10161 10332 10376 10917 11268 11330 11339 11385 11489 11941 11942 12108 12178 12332|0 1 2 4 5 6 7 9 18 19 20 22 23 30 31 32 33 34 36 40 41 42 43 44 45 46 47 48 49 50 51 52 55 56 57 58 59 60 61 62 64 65 66 67 68 69 70 71 72 73 74 76 77 78 79 80 81 82 83
0.520486,0.539732,0.471815,
3
134 167 168 193 250 354 401 574 633 687 691 711 949 1153 1270 1597 2111 2504 2604 2637 3069 3092 3709 3760 4104 4169 4266 4607 4722 5201 5284 5324 5668 5905 6190 6732 6865 7134 7135 7144 7261 7278 7514 7966 8082 8135 8136 8725 8742 9109 9137 9309 9367 9496 9654 10342 10436 10820 10821 11890 11964 12004 12134 12199 12389 12390|1 3 4 5 6 7 9 13 14 17 18 19 20 22 29 30 31 32 34 35 40 41 42 43 44 45 46 47 48 49 50 51 54 55 56 57 58 59 61 62 64 65 66 67 68 69 70 71 72 73 74 76 77 78 80 81 82 83
0.813392,0.55949,0.724963,
3
137 191 265 940 1208 1409 1438 1446 1504 1520 1595 1664 1681 1962 2232 2414 2415 2555 2637 2841 2849 2863 3886 3956 4106 4380 4885 4924 4995 5046 5332 5452 5668 5868 5875 5930 5974 6092 6413 6629 6722 6723 6839 7177 7369 7731 7827 9134 9617 9637 9654 9657 9813 10001 10122 10677 11069 11110 11173 11344 11457 12102 12222 12438|0 1 2 4 5 7 9 18 19 23 28 29 30 31 32 33 34 36 40 41 42 43 44 45 46 47 48 49 50 51 55 56 57 58 59 60 61 62 64 65 66 67 68 69 70 71 72 73 74 76 77 78 79 80 81 82 83
0.385808,0.837329,
2
48 80 105 106 292 417 540 678 699 768 834 1081 1777 1826 1827 1848 2693 2730 3949 4003 4214 5093 5405 5883 5923 6012 6191 6529 6530 6547 6620 6721 6822 7047 7129 7279 7642 7648 7960 7971 8049 8050 8231 8332 8440 8476 8477 8524 8745 8997 9014 9277 9887 10032 10322 10356 10480 10686 10712 10747 10748 10790 11011 11128 11238 11654 11952 11978 12027 12313|1 4 5 8 9 11 14 17 18 19 23 24 27 29 30 31 32 33 34 35 36 40 41 42 43 44 45 46 48 49 50 51 52 54 55 60 61 62 63 64 65 66 67 68 69 70 74 75 76 77 78 79
0.694886,0.632244,
2
37 134 167 168 193 250 354 401 574 633 691 949 1153 1270 1597 2111 2504 2637 3069 3092 3709 3760 4104 4169 4266 4607 4722 5284 5324 5668 5905 6190 6732 7134 7135 7261 7278 7514 7966 8082 8135 8136 8185 8725 8742 9109 9137 9309 9367 9496 9654 10342 10436 10820 10821 11964 12004 12134 12199 12389 12390|1 4 5 6 7 8 9 14 17 18 19 20 22 23 29 30 31 32 34 35 40 41 42 43 44 45 46 47 48 49 50 51 54 55 56 57 58 59 61 62 64 65 66 67 68 69 70 71 72 73 74 76 77 78 80 81 82 83
0.811395,0.656836,0.780231,
3
191 265 1208 1409 1438 1446 1504 1520 1595 1664 1681 1962 2414 2415 2555 2637 2841 2849 2863 3886 3956 4106 4380 4694 4885 4924 4995 5046 5332 5452 5668 5868 5930 5974 6092 6413 6629 6722 6723 6839 7177 7369 7731 7827 9617 9637 9654 9657 9813 10001 10122 10677 11069 11110 11173 11457 12102 12222 12438|0 1 2 3 4 5 6 7 9 13 18 19 23 28 29 30 31 32 33 34 36 40 41 42 43 44 45 46 47 48 49 50 51 55 56 57 58 59 60 62 64 65 66 67 68 69 70 71 72 73 74 76 77 78 79 80 81 82 83
0.354381,0.833676,
2
325 374 717 1296 1347 1441 1983 2940 3263 3406 3653 3654 3655 3683 3941 4059 4383 4426 4683 5220 5358 5874 6060 6180 6189 6193 6311 6403 6444 6543 7125 7135 7281 7282 7365 7591 7665 7753 7773 7877 8083 8294 8412 9617 9654 10161 10376 11234 11268 11330 11339 11385 11941 11942 12121 12123|0 1 2 4 5 6 7 9 17 18 19 20 22 23 24 29 30 31 32 33 34 35 36 41 42 43 44 45 46 47 48 49 50 51 54 55 56 57 58 59 60 61 62 64 65 66 68 69 70 71 72 73 74 76 77 78 79 80 81 82 83
0.533441,0.57085,0.464547,
3
68 126 432 434 624 712 1097 1283 1287 1469 1547 1813 1816 2414 2415 2858 2920 3254 3340 3450 3452 3742 3766 4041 4152 4380 4604 4909 5076 5476 5512 5536 5668 6362 6426 6517 6792 6804 6837 6851 7070 7544 7925 8317 8752 8850 9007 9166 9167 9952 9954 9955 10112 10217 10259 10329 10330 10662 10705 11162 11785 11838 11875 11984|0 1 2 4 5 8 9 17 18 19 23 29 30 31 32 33 34 36 39 40 41 42 43 44 45 48 49 50 51 52 55 57 58 59 60 62 64 65 66 67 68 69 70 72 73 76 77 78 79 80 81 82 83
0.334376,0.692428,0.656431,0.741658,
4
106 115 116 396 511 1131 1283 1401 1423 1547 1816 1965 1991 2085 2470 2605 2730 2750 2751 2920 3192 3221 3289 3465 4041 4604 4666 5476 5512 5536 5548 5971 6012 6179 6183 6227 6652 6721 7026 7871 8115 8242 8275 8342 8752 8973 8974 9010 9197 9265 9278 9917 9966 10651 10662 10680 10701 11431 11576 11777 11844 11966 12240 12436 12437|0 1 2 4 5 6 7 8 9 17 18 19 23 24 29 30 31 32 33 34 36 40 41 42 43 44 45 48 49 50 51 52 55 57 60 62 64 65 66 67 68 69 70 72 76 77 78 79 80 83
0.892591,0.351044,
2
37 134 167 193 250 354 401 574 691 1270 1597 1994 2111 2424 2504 3069 3092 3709 3760 4051 4169 4266 4607 4722 5284 5668 5905 6190 6732 7134 7135 7278 7445 7514 8082 8136 8725 8726 8742 9109 9137 9309 9367 9496 9654 9736 10342 10436 10820 10821 10878 12004 12134 12199 12389 12390|1 4 5 6 7 8 9 17 18 19 23 27 29 30 31 32 33 34 35 36 40 41 42 43 44 45 46 47 48 49 50 51 54 55 56 57 58 59 61 62 64 65 66 67 68 69 70 71 72 73 74 76 77 78 80 81 82 83
0.553404,0.654444,0.728628,
3
134 167 193 250 354 401 574 691 949 1270 1597 1994 2111 2504 2637 3069 3092 3709 3760 4104 4169 4266 4607 5284 5324 5668 5905 6190 6732 7134 7135 7278 7514 8082 8135 8136 8725 8742 9109 9137 9309 9367 9496 9654 10342 10436 10820 10821 11964 12004 12134 12199 12389 12390|1 3 4 5 6 7 8 9 13 14 17 18 19 23 29 30 31 32 33 34 35 36 40 41 42 43 44 45 46 47 48 49 50 51 54 55 56 57 58 59 61 62 64 65 66 67 68 69 70 71 72 73 74 76 77 78 80 81 82 83
0.716216,0.774126,0.725152,
3
48 60 93 105 106 292 399 539 634 768 834 897 943 1007 1203 1826 1827 2831 3201 3274 3434 3949 4003 4308 5172 5405 5645 5883 5923 5944 6012 6139 6191 6406 6547 6822 7129 7279 7619 7709 7960 8113 8456 8477 8524 8664 9014 9277 9662 9770 9775 10032 10104 10356 10373 10582 10653 10660 10686 10712 11128 11238 11366 11691 12027 12041 12299 12300|1 3 8 9 13 14 17 18 19 23 27 29 30 31 32 33 34 35 36 40 41 42 43 44 45 46 47 48 49 50 51 54 55 58 60 62 64 65 66 67 68 69 70 76 77 78 79
0.266452,
1
126 176 682 988 1059 1245 1599 1609 1694 2293 2440 2780 4618 4814 4815 4920 4982 5081 5574 5720 5721 5767 5776 5885 5958 5976 6120 6426 6455 6589 6611 6612 6829 7249 7492 7544 7945 8030 8034 8212 8398 8405 8557 8560 8615 8960 8976 8989 9021 9043 9053 9368 9403 10160 10436 10758 10835 11689 11690 11718|0 1 2 3 6 7 8 10 13 19 23 29 30 31 32 33 34 35 36 40 41 42 43 44 45 46 47 48 49 50 51 54 55 59 60 62 64 65 66 67 68 69 70 71 72 76 77 78 79 80 81 83
0.437307,0.517129,0.599837,
3
106 115 116 396 511 1131 1283 1401 1423 1547 1816 1965 2085 2470 2605 2730 2750 2751 2920 3192 3221 3289 3465 4041 4604 4666 5476 5512 5536 5548 5971 6012 6179 6183 6227 6652 6721 7026 7871 8115 8275 8973 8974 9010 9197 9265 9917 9966 10651 10662 10680 10684 10701 11431 11576 11777 11844 11966 12240 12436 12437|0 1 2 4 5 6 7 8 9 17 18 19 20 23 24 29 30 31 32 33 34 36 40 41 42 43 44 45 48 49 50 51 52 55 57 60 62 64 65 66 67 68 69 70 72 76 77 78 79 80 83
0.891266,0.376984,
2
68 126 432 624 691 712 1097 1283 1287 1469 1547 1813 1816 2414 2415 2858 3340 3450 3452 3742 3766 4041 4380 4604 4909 5076 5476 5512 5536 5668 6362 6426 6517 6792 6804 6837 7070 7544 7925 8317 8472 8749 8752 9166 9167 9952 9954 9955 10217 10662 10705 11162 11785 11838 11875 11984|0 1 2 4 5 8 9 17 18 19 23 29 30 31 32 33 34 36 39 40 41 42 43 44 45 48 49 50 51 52 55 56 57 58 59 60 62 64 65 66 67 68 69 70 71 72 73 74 77 78 79 80 81 82 83
0.277877,0.528083,0.496793,0.735718,
4
126 682 1059 1097 1245 1694 2414 2440 2780 4256 4618 4815 4920 4982 5081 5574 5720 5721 5885 5938 5958 5976 6426 6455 6469 6517 6589 6611 6612 6829 7218 7492 7544 7935 8135 8212 8398 8557 8615 8749 8960 8976 8989 9021 9042 9043 9053 9403 10020 10436 10758 11689 11690 11938|0 1 2 4 5 6 7 8 19 23 30 31 32 33 34 36 37 40 41 42 43 44 45 46 47 48 49 50 51 55 56 57 59 60 61 62 64 65 66 67 68 69 70 71 72 73 74 77 78 79 80 81 82 83
0.42917,0.563249,0.6,
3
176 682 1059 1245 1694 2414 2440 2780 4256 4756 4920 4982 5081 5242 5720 5721 5767 5885 5938 5958 5976 6426 6455 6469 6589 6611 6612 6829 7249 7492 7544 7945 8030 8212 8398 8405 8557 8615 8749 8960 8976 8985 8989 9021 9042 9043 9053 9403 10020 10436 10758 10835 11186 11689 11690 11938|0 1 2 3 4 5 6 7 8 17 19 23 24 29 30 31 32 33 34 36 37 40 41 42 43 44 45 46 47 48 49 50 51 55 59 60 62 64 65 66 67 68 69 70 72 76 77 78 79 80 81 83
0.514556,0.56809,0.424545,
3
126 682 988 1059 1245 1609 1694 2440 2780 4618 4814 4815 4920 4982 5081 5574 5720 5721 5776 5885 5958 5976 6426 6455 6517 6589 6611 6612 7249 7492 7544 8135 8212 8398 8557 8564 8615 8960 8976 8989 9021 9043 9053 9368 9403 10436 10758 11689 11690|0 1 2 3 4 5 6 7 8 10 19 23 30 31 32 33 34 35 36 40 41 42 43 44 45 46 47 48 49 50 51 54 55 56 57 58 59 60 61 64 65 66 67 68 69 70 71 72 73 74 76 77 79 80 81 82 83
0.581818,0.591549,0.410516,
3
366 623 1097 1283 1440 1547 2232 2339 2414 2415 2437 2555 2779 3222 3223 3450 3452 3453 3886 3956 3991 4041 4106 4266 5476 5512 5861 5868 5875 5974 6056 6831 7098 7419 7849 8784 8972 9178 9207 9637 9989 11327 11344 11345 11785 12102 12111|0 1 2 4 5 8 9 18 20 22 23 24 30 31 32 33 36 40 41 42 43 48 49 50 51 52 54 55 56 57 58 59 60 61 62 64 65 66 67 68 69 70 71 72 73 74 75 76 77 78 79 80 81 82 83
0.419731,
1
48 105 106 292 417 540 699 768 834 1777 1827 1848 2078 2693 2730 3949 4003 4214 5093 5405 5883 5923 6012 6191 6529 6620 6721 6822 7047 7129 7279 7642 7648 7960 8050 8231 8332 8476 8477 8524 9277 10032 10322 10356 10480 10686 10712 11238 11612 11952 11953 12027 12313|1 4 5 8 9 11 14 17 18 19 23 24 27 29 30 31 32 33 34 35 36 40 41 42 43 44 45 46 51 52 54 55 60 62 63 64 65 66 67 68 69 70 74 75 76 77 78 79
0.464946,0.634249,
2
5 536 783 825 832 954 970 976 977 1042 1186 1241 1242 1249 1788 2271 2537 2538 2706 2707 2743 3096 3363 3390 3819 4334 4748 5090 5846 6047 6166 6482 6618 6660 6738 6739 6740 6879 6976 7328 7575 7992 8031 8080 8328 8678 8693 8728 8832 9027 9124 9125 9369 9371 9630 9631 9780 10409 10625 11153 11697 11698 11955|1 4 5 6 7 8 9 11 17 18 23 24 26 28 29 30 31 32 33 36 51 52 54 55 59 60 62 64 65 66 67 68 76 77 78 79

0
623 830 957 1097 1283 1547 2232 2339 2415 2437 2537 2779 2863 3273 3450 3452 3744 3886 3956 3991 4041 4106 4266 5138 5476 5512 5861 5868 5875 5974 6056 6831 7098 7419 8784 9178 9597 9637 9989 10364 10406 10862 11327 11344 11345 12102 12111|0 1 8 9 11 17 18 23 24 29 30 31 33 35 36 48 49 52 55 56 57 58 59 60 62 63 64 65 66 67 68 71 72 73 74 75 76 77 78 79 80 81 82 83
0.435484,
1
1 175 343 525 539 785 895 897 935 943 1230 2506 3078 3112 3842 4660 5611 5886 5944 6332 7145 7349 7510 8407 8408 8573 9211 9212 9237 9388 9662 10282 10368 10582 10779 11481 11659 11998 12055 12165 12199 12273 12318 12320 12368|1 2 6 7 8 9 17 18 19 23 24 29 30 31 32 33 34 35 36 40 41 42 43 44 45 46 47 48 49 51 52 54 55 60 62 65 66 67 68 69 70 77 78 79

0
126 505 506 507 1051 1113 1207 1473 1827 1857 1955 2141 2164 2693 3233 3255 3741 3973 4422 5206 5258 6139 6421 6524 6697 6714 6746 6795 6796 7128 7279 7445 7597 7711 8469 8850 8851 9929 10117 10259 10325 10481 10606 11917 12004 12200|4 5 8 9 17 18 19 20 23 24 29 30 31 32 33 34 35 36 40 41 42 43 44 45 46 47 51 54 55 60 62 64 65 66 67 68 69 70 77 78 79
0.265366,
1
225 439 505 506 507 509 943 1113 1207 1426 1473 1483 1485 2141 3082 3233 3255 3468 3618 3973 4422 5258 5695 5706 6139 6140 6297 6421 6524 6697 6714 6746 7279 7445 7448 7597 7762 8469 8745 9035 10076 10148 10325 10606 10653 11318 11526 12441|1 6 7 8 9 18 19 22 23 24 30 31 32 33 34 35 36 40 41 42 43 44 45 46 47 52 54 55 60 62 65 66 67 68 69 70 77 78 79
0.270467,
1
116 396 455 511 1283 1401 1423 1547 1965 2085 2605 2750 3221 3222 3223 3273 4041 4666 5476 5512 5536 6179 6183 6227 6652 7026 8275 8973 9010 9197 9265 10662 10680 10701 11431 11844 11966 12111 12436 12437|1 2 4 5 6 8 9 17 18 20 22 23 29 30 31 32 33 36 42 48 49 50 51 55 57 58 60 62 65 66 67 68 69 70 71 72 73 74 77 78 79 80 82 83
0.337767,0.367505,
2
62 310 525 640 716 825 1184 1570 1819 2262 2263 3078 3353 3787 3819 4722 5164 6020 6135 6747 6760 7096 7360 7966 8020 8081 8311 8374 8396 8420 8592 8717 8923 9165 9286 9434 9759 9903 11741 11824 12036 12066|0 1 4 5 6 7 8 9 13 17 18 23 29 30 31 40 41 43 44 45 46 55 56 57 58 60 61 62 64 65 66 67 68 71 72 73 74 76 77 78 79
0.305474,
1
62 175 310 321 416 482 525 716 1570 1628 1819 2262 2263 2484 3078 3350 3353 3819 4722 5751 6020 6070 6739 6747 6760 6809 7096 7564 7966 7980 7992 8020 8080 8311 8374 8396 8420 8592 8717 8742 9165 9289 9434 9903 11741 11824 12036 12066 12161|0 1 4 5 6 7 8 9 10 11 16 18 23 24 30 31 37 39 55 57 59 60 62 64 65 66 67 68 72 74 76 77 78 79 81
0.324922,
1
354 1192 2340 2553 2604 2651 2685 2922 3107 3261 3377 3517 4184 4211 5118 5122 5324 5610 5827 6039 6099 6651 6698 6732 6855 6872 7160 7430 7732 8438 8812 9009 9496 9679 10612 10772 11077 11673 12134 12284 12323|0 2 6 7 17 19 20 29 32 34 35 39 40 41 42 43 44 45 46 47 48 49 50 51 54 56 57 58 59 61 71 72 73 74 79 80 81 82 83
0.501016,0.407498,
2
639 954 1249 1373 1788 2100 2271 2537 2538 2622 2645 2706 2707 3088 3197 3761 4748 5090 5311 5615 6482 6618 6660 6738 6739 6740 6879 7229 7328 7582 7697 8011 8013 8233 8678 8728 9027 9288 9289 9647 9708 10027 11099 11153 11797 12069 12175|1 3 4 5 8 9 11 13 17 18 23 24 29 30 31 33 34 36 52 55 60 62 63 64 65 66 67 68 75 76 77 78 79

0
615 993 1209 1745 2064 2299 2604 3953 4290 4493 4494 5575 5915 5969 6185 6462 6537 6607 7144 7551 7625 7936 8216 8746 9208 9398 10296 10470 11163 11287 11933 11994 12348|0 1 2 3 4 5 6 7 8 9 17 18 19 29 30 31 32 33 34 35 36 40 41 42 43 45 46 47 54 55 57 59 62 64 65 66 67 68 69 70 73 74 76 77 78 80 83
0.629409,0.492691,
2
615 993 1745 2064 2257 2299 2604 3349 3953 4291 4493 4494 4644 5575 5915 5969 6462 6537 7144 7551 7625 7936 8216 8746 9208 9398 10296 10470 11163 11287 11933 11994 12348|0 1 2 3 4 5 6 7 9 13 17 18 19 23 29 32 33 34 35 36 40 41 42 43 45 46 47 51 54 55 57 59 62 65 66 67 68 71 73 74 77 78 80 83
0.633534,0.345491,
2
708 860 861 1179 1283 1287 1547 1788 2158 2271 2537 2706 2707 2779 3222 3223 3273 3450 3452 3645 4041 5476 5512 6635 6879 7098 7496 7816 8031 8138 8570 9369 9501 10409 11153 11785 12025 12076 12175|1 4 5 8 9 11 17 18 23 24 29 30 31 47 52 55 57 58 59 60 62 64 65 66 67 68 71 72 73 74 77 78 79 80 81 82 83
0.30327,
1
196 721 1168 1258 1259 2468 2763 3451 3664 4213 4511 4722 4867 5129 5765 6206 6248 6249 6754 7018 7071 7482 7734 8281 8384 8505 9229 9290 9291 9718 10161 10358 10620 10621 10958 11172 11539|2 4 5 6 7 17 19 20 29 32 34 40 41 42 43 44 45 46 47 48 49 50 51 56 58 59 60 61 70 71 73 74 79 80 81 82 83
0.562902,0.491046,0.537996,
3
97 248 311 541 716 726 783 954 1162 1426 1473 1819 1835 1837 2158 2196 2538 3082 3189 4045 4334 4702 5112 5113 5335 6675 6821 6866 6923 7651 7752 8636 8832 9630 10027 10171 10532 10977 11012 11383 11697 11698 11979 12257|1 3 4 5 9 11 14 18 24 27 30 31 33 35 36 39 49 52 54 55 60 62 63 65 66 67 68 75 77 78 79

0
354 1187 1192 1994 2340 2604 2617 2651 2922 3107 3261 3377 3517 3663 4184 4211 5324 5610 5827 6102 6651 6698 6732 6855 6872 7430 9009 9496 10612 10772 11077 12134 12284 12323|0 2 3 6 7 13 17 19 29 32 34 35 36 40 41 42 43 44 45 46 47 48 49 51 56 57 58 59 61 68 69 70 71 73 74 79 80 81 82 83
0.48933,0.724675,
2
97 99 311 716 783 954 956 976 977 1241 1819 1837 2013 2207 2227 2271 2537 2538 2620 2707 5090 5335 5728 6573 6618 6675 6738 6739 6740 6866 6879 7345 8071 8376 8728 8832 9027 9356 9630 9631 11648 11697 11698 12175|1 3 4 5 6 7 9 13 17 18 24 27 29 30 31 33 36 50 55 60 62 64 65 66 67 68 76 77 78 79

0
196 721 1168 1649 2468 2763 3451 4213 4511 4867 6206 6248 6249 6630 6754 7018 7071 7734 8281 8384 8608 9229 10161 10358 10359 10620 10621 10958 11172 11539 11624|0 2 3 4 5 6 7 17 19 20 22 29 30 32 34 40 41 42 43 44 45 46 47 48 49 50 51 56 58 59 60 61 69 70 71 73 74 79 80 81 82 83
0.545351,0.83151,0.657738,
3
354 1187 1192 1994 2340 2604 2617 2651 2922 3107 3261 3377 3517 4184 4211 5324 5610 5827 6102 6651 6698 6732 6855 6872 7430 8984 9009 9496 10612 10772 11387 12134 12284 12342|0 2 3 6 7 13 17 19 29 32 34 35 36 40 41 42 43 44 45 46 47 54 56 58 59 61 68 69 70 71 73 74 77 79 80 81 82 83
0.399332,0.72751,
2
615 1209 1745 2064 2299 3953 4290 4493 4494 4831 5575 5969 6185 6462 6537 6607 6729 7144 7551 7625 8216 8746 9020 9208 10296 10339 11163 11287 11994 12348|1 4 5 6 7 8 17 19 20 29 32 33 34 35 36 41 42 43 45 46 47 50 54 56 57 59 60 62 64 65 66 67 69 70 71 73 76 78 79 80 83
0.494297,0.344444,
2
114 196 721 1168 1649 2468 2763 3451 4213 4511 4867 6206 6248 6249 6630 6754 7018 7071 7734 8281 8384 8608 9229 10358 10359 10620 10621 10958 11172 11539 11624|0 2 3 4 5 6 7 13 17 29 30 32 34 40 41 42 43 44 45 46 47 48 49 50 51 58 59 60 61 69 70 71 73 74 79 80 81 82 83
0.479413,0.833333,0.602864,
3
708 860 861 1086 1179 1373 1788 2158 2271 2537 2706 2707 3645 3744 5090 5311 6635 6738 6739 6740 6867 6879 7582 8138 8293 9021 9501 9708 9983 10969 11099 11153 11410 11697 11698 12025 12175|1 4 5 6 7 9 17 18 23 24 29 30 31 33 36 41 55 57 60 62 64 65 66 67 68 72 75 76 77 78 79
0.504909,
1
46 708 860 861 1179 1287 1788 2106 2158 2271 2537 2706 2707 2712 2779 3645 5090 6635 6738 6739 6740 6879 7098 8138 8570 9501 11153 11697 11698 12025 12076 12175|1 4 5 6 7 9 17 18 23 24 29 30 31 33 36 47 55 57 60 62 64 65 66 67 68 72 75 76 77 78 79
0.305202,0.503145,
2
228 549 708 709 860 861 1179 1224 1225 1253 1409 2158 3645 3744 3857 5261 6634 6635 8423 8719 8784 9501 9772 10287 12025 12440|0 1 2 5 6 7 9 18 19 31 32 33 34 36 45 50 51 55 57 58 59 62 64 65 66 67 71 72 73 74 76 78 80 81 82 83

0
196 721 2468 2507 2763 3451 4213 4511 4867 6206 6248 6249 6754 7018 7071 7734 8281 8384 9229 10161 10358 10620 10621 10958 11172 11539 11624|0 2 5 6 7 17 19 29 30 32 34 41 42 43 44 45 46 47 48 49 50 51 56 58 59 61 70 71 73 74 80 81 82 83
0.532978,0.661677,0.603774,
3
236 1440 1694 1860 1923 2426 3706 4461 4462 4954 5877 6319 6325 6589 6817 7849 8972 9059 11707 12116 12178 12332|0 1 4 5 6 7 17 18 19 30 31 32 33 34 36 41 42 43 44 45 46 49 51 55 57 59 62 64 70 71 72 76 78 80 81 83

0
549 708 709 860 861 957 1086 1179 1253 2158 3272 3273 3719 6635 8423 9993 10287 11134 12025|1 2 4 5 8 9 17 18 19 23 29 30 31 32 34 43 50 51 55 56 57 58 59 60 61 63 64 65 66 67 68 71 72 73 74 75 76 77 79

0
549 708 860 861 1179 1287 2106 2158 3645 6635 7098 8570 9501 12025 12076|2 3 6 7 13 17 23 30 31 33 34 36 47 51 57 60 62 64 65 67 72 74 78 79 80 82 83

0
544 1952 5041|0 1 2 3 4 5 6 7 8 9 10 11 12 13 14 15 16 17 18 19 20 21 22 23 24 25 26 27 28 29 30 31 32 33 34 35 36 37 38 39 40 41 42 43 44 45 46 47 48 49 50 51 52 53 54 55 56 57 58 59 60 61 62 63 64 65 66 67 68 69 70 71 72 73 74 75 76 77 78 79 80 81 82 83

0
4518 10585 11412|4 5 6 7 11 15 17 18 19 20 21 22 23 29 31 32 33 34 35 36 40 42 45 46 50 61 65 66 67 69 70 74 76 77 81 83

0
6735 6751 10990|2 4 8 17 18 19 27 29 31 32 33 34 35 42 45 56 58 59 60 67 69 70 71 73 74 76 79 83

0
2290 4470 10120|0 7 8 15 20 29 30 31 32 36 40 41 42 43 45 46 49 50 51 55 56 57 59 60 79 80 82

0
1960 6509 12041|5 6 7 11 14 15 18 19 27 30 31 34 35 41 45 46 51 52 54 60 62 66 67 74 76 79

0
322 7082 9449|6 9 14 17 19 22 23 24 33 34 39 42 43 46 47 57 60 65 67 70 72 76 79 81

0
6065 9021 10688|3 6 7 13 14 27 33 34 35 47 48 49 59 60 67 68 76 79 80 83

0
7772 8866 9574|1 2 7 8 13 32 42 43 45 47 48 49 55 65 66 72 80 83

0
1187 3261 6651 9443|32 46 65

0
