ROWS: 1085 1218 1468 1506 1545 2233 2421 2701 2705 3626 4537 4538 5064 5223 8655 9135
COLS: 15 20 21 22 38 48 49 50 51 53 56 57 61
ROWS: 700 724 860 1170 1218 1298 1426 1446 1468 1472 1488 1506 1507 1529 1534 1544 1545 1666 1680 1865 1910 1913 1914 2233 2272 2287 2294 2298 2351 2352 2370 2390 2393 2394 2395 2396 2398 2442 2565 2656 2701 2705 2757 2805 3067 3068 3222 3223 3436 3450 3452 3453 3567 3572 3608 3609 3612 3620 3626 3628 3629 4032 4105 4264 4515 4537 4538 4555 4587 4589 4590 4745 4999 5064 5069 5695 6047 6082 6283 6307 6535 6734 7359 8015 8149 8605 8655 9103 9134 9135 9236 9697 9756 9788 10396 10849 11114 11126 11127 11140 11194 11219 11723 11785 12105 12175
COLS: 1 3 4 5 9 13 18 23 24 27 30 31 33 36 55 62 65 66 67 68 69 70 77 78 79
ROWS: 308 442 700 1208 1445 1446 1474 1488 1680 1681 1962 2395 2398 2555 2841 3067 3578 3609 4290 4587 4885 4995 5930 6092 6307 6615 6629 6722 6723 7098 9134 10001 10276 10677 10850 11173 12099 12438 12444
COLS: 15 26 53
ROWS: 724 1298 1349 1472 1474 1499 1507 1529 1913 2287 2298 2370 2390 2393 2394 2395 2396 2442 2757 3567 3572 3608 4032 4264 4589 8015 9756 9788 9874
COLS: 15 16 20 21 22 38 39 48 49 50 53 56 57 58 61 74 81 82
ROWS: 113 168 1085 1349 1469 1474 1499 1583 1584 1915 1919 2060 2421 2493 2507 3438 3778 4244 4354 4554 4581 5223 5261 5291 6595 6606 6615 6930 6942 6967 6980 7124 7152 7832 7877 9000 9078 9721 9739 10503 10729 11408 11704 11722 12016 12017 12084 12440
COLS: 1 12 18 25 30 31 55 62 63 65 66 67 68 75 77 78
ROWS: 166 215 253 424 449 453 549 700 860 892 976 977 1048 1089 1170 1178 1242 1248 1258 1268 1271 1349 1407 1409 1426 1441 1446 1455 1473 1474 1497 1518 1534 1544 1595 1596 1666 1680 1681 1694 1787 1908 1909 1910 1955 1962 2106 2132 2200 2211 2217 2270 2272 2273 2275 2293 2294 2335 2349 2351 2352 2398 2414 2440 2455 2485 2497 2524 2543 2545 2563 2565 2656 2706 2712 2805 2841 3068 3210 3291 3346 3402 3409 3436 3452 3609 3612 3628 3629 3663 3716 3772 3798 3878 4038 4105 4149 4267 4290 4515 4587 4588 4590 4745 4748 4995 4999 5069 5309 5324 5617 5694 5734 5765 5776 6047 6103 6125 6149 6283 6431 6537 6557 6573 6576 6587 6603 6618 6629 6630 6722 6723 6734 6740 6840 6879 6886 6889 6937 6975 7098 7124 7140 7233 7359 7400 7401 7402 7528 7666 7672 7877 8029 8339 8360 8438 8496 8544 8605 8636 8654 8797 8983 9000 9028 9103 9133 9134 9136 9236 9295 9311 9387 9622 9667 9672 9822 10171 10200 10241 10396 10397 10445 10529 10570 10734 10825 10826 10827 10838 10958 10963 11120 11140 11147 11153 11156 11173 11236 11251 11327 11430 11459 11680 11700 11726 11743 11785 11840 11882 11979 12021 12079 12105 12175 12177 12181 12182 12235 12317 12318 12361 12424 12426 12438
COLS: 12 25 63
ROWS: 168 860 1178 1258 1455 1469 1486 1644 1694 2008 2200 2211 2217 2232 2271 2414 2415 2493 2507 2568 2604 2704 2706 2712 2841 3222 3223 3327 3406 3450 3452 3719 3809 4787 4995 5420 5765 5866 5974 6057 6103 6503 6517 6570 6587 6608 6617 6630 6722 6723 6729 6879 6881 6931 6941 7816 8081 8135 8317 8360 8608 8656 8989 9064 9290 9646 9667 9753 10144 10570 10739 10825 10826 11105 11110 11251 11338 11961 12016 12178
COLS: 20 21 22 38 48 49 56 57 58 59 61 71 72 73 74 81 82
ROWS: 2713 4347 6624 7544
COLS: 1 4 5 10 11 12 18 24 25 26 30 31 33 36 37 55 60 62 63 64 65 66 67 68 69 70 75 76 78 79
GO:0034983, 0.00116504843951, 0.0454368891407
GO:0070932, 0.00116504843951, 0.0454368891407
GO:0070933, 0.00116504843951, 0.0454368891407
GO:0090050, 0.00116504843951, 0.0454368891407
