ROWS: 113 114 2657 2702 2790 2803 7655 7888 8199 12001 12277 15533 15873 15903 15904
COLS: 15 16 17 26 27 40 41 48 49 52 53 58 59 73 76 77 86 87 88 89 106 107 136 137 144 145 147
ROWS: 113 114 116 121 131 145 154 158 173 178 182 188 193 265 364 759 1354 2657 2702 2790 2803 2822 3507 3528 3845 3849 3855 3856 3866 3868 3875 3892 3905 3962 4119 4659 7655 7656 7767 7888 8199 10972 12001 12008 12078 12277 12414 12421 15199 15283 15292 15459 15473 15533 15537 15583 15873 15903 15904
COLS: 0 1 4 5 6 7 8 9 12 18 24 25 31 35 36 37 43 44 50 51 55 63 66 67 74 75 80 81 96 102 103 104 105 108 109 110 111 117 123 128 129 132 133 134 135 139
GO:0006414, 1.03953098411e-32, 9.16866327983e-30
GO:0009059, 4.39941051153e-09, 1.94014003559e-06
GO:0019538, 3.60488315716e-07, 0.00010598356482
GO:0044249, 1.57544232984e-05, 0.0034738503373
GO:0050828, 4.15432239441e-05, 0.00732822470374
GO:0006364, 8.2788498685e-05, 0.0121699093067
ROWS: 108 110 121 131 154 158 173 178 182 188 193 209 265 759 2822 3414 3845 3849 3852 3855 3856 3864 3866 3892 3905 3962 4309 7767 10637 10972 12414 12421 15283 15550 15583 15615
COLS: 11 16 17 26 41 48 49 53 68 71 73 78 79 85 106 107 136 137 140 141 144 145 147
GO:0006414, 2.09679222664e-40, 6.66779928071e-38
GO:0009059, 3.72698578567e-12, 5.92590739922e-10
GO:0019538, 5.37295266907e-11, 5.69532982921e-09
GO:0044249, 2.51959801887e-09, 2.00308042501e-07
GO:0006364, 1.7794979044e-07, 1.1317606672e-05
GO:0044260, 1.23688536056e-06, 6.55549241096e-05
GO:0034660, 1.75550094026e-06, 7.97498998575e-05
GO:0042274, 0.000177281907204, 0.00704695581137
GO:0000028, 0.000204599821374, 0.00722919368855
GO:0042273, 0.000285768759797, 0.00908744656156
GO:0042255, 0.000487597520251, 0.0135335671197
GO:0006396, 0.000510700646025, 0.0135335671197
GO:0042254, 0.000772805498043, 0.0189040114137
GO:0034101, 0.00143366752203, 0.0325647337147
GO:0044085, 0.00157024047273, 0.0332890980219
ROWS: 143 3528 4119 12078
COLS: 10 11 17 41 48 49 84 85 120 121 136 137
GO:0048669, 0.000520833333333, 0.0487214367879
GO:0000085, 0.00104146318965, 0.0487214367879
GO:0050828, 0.00104146318965, 0.0487214367879
GO:0051563, 0.00104146318965, 0.0487214367879
GO:0002481, 0.00156188962196, 0.0487214367879
GO:0006378, 0.00156188962196, 0.0487214367879
GO:0016199, 0.00156188962196, 0.0487214367879
GO:0002428, 0.00208211268325, 0.0487214367879
GO:0016322, 0.00208211268325, 0.0487214367879
GO:0051124, 0.00208211268325, 0.0487214367879
ROWS: 101 127 145 227 233 364 2445 2823 3679 3848 3867 3868 3875 3925 4052 4248 12228 12490 15199 15459 15472 15525 15534 15548 15569 15871 15901 15902 15914 15916
COLS: 48 49 89
GO:0006414, 3.15235078089e-08, 1.80944934823e-05
GO:0044267, 4.32899217267e-05, 0.0124242075356
ROWS: 108 166 171 209 3861 3864 3925 5615 10637 10986 12490 12599 15487 15550
COLS: 0 1 4 5 6 7 8 9 12 13 18 19 32 33 36 37 38 39 46 55 60 61 62 63 64 66 67 80 81 93 96 97 105 108 133 139
GO:0006414, 9.32081685561e-17, 4.04523451533e-14
GO:0009059, 4.60475283624e-07, 9.99231365464e-05
GO:0010467, 1.04842625385e-06, 0.000151672331391
GO:0044267, 5.80750881204e-06, 0.000630114706106
GO:0044249, 1.02159856236e-05, 0.000886747552127
