ROWS: 178 596 660 759 767 876 1126 1292 1314 1643 2111 2308 2309 2324 2338 2533 3218 3221 3248 3689 3754 3779 3918 5107 6805 7788 7852 7949 8002 8037 8049 8129 8270 8309 9039 9524 9626 9652 9779 9840 9995 10190 10293 10330 10797 10829 10883 10893 10967 11082 11420 11422 11499 11527 11546 11804 11854 11856 11947 12134 12310 12332 12340 12372 12387 13062 13626 13829 13891 13916 13952 14080 14209 14285 14304 14659 14731 14890 15108 15168 15212 15239 15273
COLS: 48 49 136 137 140
ROWS: 697 995 1891 1977 2317 2340 2346 2650 2680 2982 3016 3702 3809 4178 5164 6884 7555 7673 7840 8116 8230 8320 8350 8467 8516 8817 8912 8945 9261 9284 9585 10404 10864 11132 11241 12077 14066 14354 15107
COLS: 48 49 136 137 140
ROWS: 1353 1549 1869 1972 2303 2978 3296 3341 3726 3836 4301 6796 7943 8239 10178 10336 11555 11814 11830 13324 14985 15905
COLS: 48 49 136 137 140
ROWS: 1691 2436 2674 11311 11708 12183 12794 14495 14994
COLS: 1 11 48 49 80 81 140 141 144 145
ROWS: 578 2679 2683 3651
COLS: 12 13 38 59 63 96 97 118 123
GO:0070836, 2.03477015236e-07, 6.65369839823e-05
GO:0031579, 2.03371020375e-06, 0.000332511618313
GO:0001937, 1.58409045054e-05, 0.00172665859109
GO:0006906, 2.43579166028e-05, 0.00199125968228
GO:0061025, 0.000173979088541, 0.0113782323906
GO:0033484, 0.00104146318965, 0.0486512090023
GO:0060161, 0.00104146318965, 0.0486512090023
ROWS: 1871 11769 14275
COLS: 5 7 12 18 33 37 58 65 121
GO:0033326, 0.000260416666667, 0.00595703125
GO:0035377, 0.000260416666667, 0.00595703125
GO:0035378, 0.000260416666667, 0.00595703125
GO:0046878, 0.000260416666667, 0.00595703125
GO:0052212, 0.000260416666667, 0.00595703125
GO:0052213, 0.000260416666667, 0.00595703125
GO:0071732, 0.000260416666667, 0.00595703125
GO:0085018, 0.000260416666667, 0.00595703125
GO:0030185, 0.000520799420498, 0.00866420854101
GO:0030950, 0.000520799420498, 0.00866420854101
GO:0071280, 0.000520799420498, 0.00866420854101
GO:0021670, 0.000781148261492, 0.00953000879021
GO:0071260, 0.000781148261492, 0.00953000879021
GO:0071288, 0.000781148261492, 0.00953000879021
GO:0071472, 0.000781148261492, 0.00953000879021
GO:0003094, 0.00104146318965, 0.0100309349319
GO:0015793, 0.00104146318965, 0.0100309349319
GO:0070295, 0.00104146318965, 0.0100309349319
GO:0071474, 0.00104146318965, 0.0100309349319
GO:0010592, 0.00130174420497, 0.0108281449777
GO:0015696, 0.00130174420497, 0.0108281449777
GO:0051458, 0.00130174420497, 0.0108281449777
GO:0034644, 0.00156199130746, 0.0124280177942
GO:0033363, 0.00182220449711, 0.0138943092905
GO:0015669, 0.00234252913791, 0.0148838508686
GO:0030157, 0.00234252913791, 0.0148838508686
GO:0051851, 0.00234252913791, 0.0148838508686
GO:0071300, 0.00234252913791, 0.0148838508686
GO:0010634, 0.00260264058905, 0.0148838508686
GO:0044241, 0.00260264058905, 0.0148838508686
GO:0071320, 0.00260264058905, 0.0148838508686
GO:0071549, 0.00260264058905, 0.0148838508686
GO:0001977, 0.00286271812736, 0.0154081593326
GO:0071456, 0.00286271812736, 0.0154081593326
GO:0042538, 0.00312276175283, 0.0163275828791
GO:0006884, 0.00338277146547, 0.017092891014
GO:0042044, 0.00364274726527, 0.017092891014
GO:0071478, 0.00364274726527, 0.017092891014
GO:0090132, 0.00364274726527, 0.017092891014
GO:0044058, 0.00390268915223, 0.0178548028715
GO:0050891, 0.00416259712636, 0.0185793969299
GO:0071295, 0.00494211757173, 0.0215335122768
GO:0006182, 0.00546162830447, 0.0232436739469
GO:0060491, 0.00598100338586, 0.0248755368094
GO:0048146, 0.00675981166167, 0.0274899007575
GO:0070301, 0.00701934659461, 0.0279247918872
GO:0071384, 0.00753831472197, 0.0293513105132
GO:0048593, 0.00909440519599, 0.0346724198097
GO:0050886, 0.00987199260971, 0.0368688703587
GO:0007163, 0.0101311205886, 0.0370799013543
GO:0045766, 0.0106492748079, 0.0382121037225
GO:0006970, 0.0109083010483, 0.0383888286893
GO:0001667, 0.0114262517906, 0.039452907126
GO:0003073, 0.0122029235578, 0.0413543520568
GO:0044403, 0.0129792901094, 0.0431856380003
GO:0034599, 0.0132380111343, 0.0432599292423
GO:0015850, 0.0153065584712, 0.0491421087758
ROWS: 1700 2119 11679
COLS: 0 1 2 8 12 13 18 32 59
ROWS: 7883 11904 12145
COLS: 36 53 64 65 94 119 122 127 131
GO:0021553, 0.000781148261492, 0.0385402343563
GO:0060338, 0.000781148261492, 0.0385402343563
GO:0031099, 0.000882902510885, 0.0385402343563
GO:0019987, 0.00156188962196, 0.0385402343563
GO:0060334, 0.00156188962196, 0.0385402343563
GO:0070571, 0.00156188962196, 0.0385402343563
GO:0021707, 0.00195210774743, 0.0385402343563
GO:0032435, 0.00195210774743, 0.0385402343563
GO:0060317, 0.00195210774743, 0.0385402343563
GO:0021683, 0.0023422241874, 0.0385402343563
GO:0033603, 0.0023422241874, 0.0385402343563
ROWS: 1900 10475 11510
COLS: 2 5 12 13 18 33 96 118
ROWS: 2268 7819 8685
COLS: 2 3 9 10 12 13 18 119
ROWS: 2629 11773 11873
COLS: 0 2 37 52 61 108 109 124
GO:0050930, 7.92802422116e-06, 0.00159440552991
GO:0001569, 1.55443666012e-05, 0.00159440552991
GO:0002688, 1.93001049604e-05, 0.00159440552991
GO:0050926, 2.1329839865e-05, 0.00159440552991
GO:0001938, 3.56326998586e-05, 0.00205358174995
GO:0002687, 4.12089983267e-05, 0.00205358174995
GO:0050921, 6.03609609955e-05, 0.00257827533395
GO:0060326, 0.00017321305563, 0.00647383795416
GO:0050795, 0.000204000681011, 0.00677735595805
GO:0002575, 0.000390625, 0.0106178977273
GO:0060319, 0.000390625, 0.0106178977273
GO:0042330, 0.000550524317071, 0.0137172309004
GO:0048842, 0.000781148261492, 0.0160498202135
GO:0090026, 0.000781148261492, 0.0160498202135
GO:0051272, 0.000805174927096, 0.0160498202135
GO:0043117, 0.00117156979773, 0.0216180891218
GO:0035239, 0.00122912212398, 0.0216180891218
GO:0048739, 0.00156188962196, 0.0238585079637
GO:0060754, 0.00156188962196, 0.0238585079637
GO:0032101, 0.00159588682032, 0.0238585079637
GO:0002009, 0.0017040752154, 0.0242627852097
GO:0042088, 0.00195210774743, 0.026530918931
GO:0006895, 0.0023422241874, 0.0269355781551
GO:0031077, 0.0023422241874, 0.0269355781551
GO:0033603, 0.0023422241874, 0.0269355781551
GO:0051929, 0.0023422241874, 0.0269355781551
GO:0048584, 0.00244807307383, 0.0271101425584
GO:0035162, 0.00273223895511, 0.0281703257786
GO:0043536, 0.00273223895511, 0.0281703257786
GO:0001944, 0.00307390855925, 0.0282885899116
GO:0030949, 0.00312215206382, 0.0282885899116
GO:0043129, 0.00312215206382, 0.0282885899116
GO:0045779, 0.00312215206382, 0.0282885899116
GO:0008354, 0.00390167335724, 0.033331438109
GO:0034104, 0.00390167335724, 0.033331438109
GO:0071456, 0.00429128156844, 0.0346781942963
GO:0090190, 0.00429128156844, 0.0346781942963
GO:0048844, 0.00468078817364, 0.0368304122084
GO:0008045, 0.00507019318609, 0.037279142507
GO:0032411, 0.00507019318609, 0.037279142507
GO:0002682, 0.00511185566149, 0.037279142507
GO:0048255, 0.00545949661904, 0.038866416407
GO:0060749, 0.00584869848575, 0.0406688569125
GO:0048646, 0.00602592556145, 0.0409489032471
GO:0046850, 0.00623779879945, 0.0414467075786
GO:0042462, 0.00662679757341, 0.0416576726981
GO:0090183, 0.00662679757341, 0.0416576726981
GO:0032504, 0.00668751936291, 0.0416576726981
GO:0048666, 0.0068671495769, 0.0419036270101
GO:0051954, 0.00701569482087, 0.0419538550288
GO:0048870, 0.00745738132839, 0.0437207258272
GO:0043487, 0.0077931847893, 0.0448108125385
GO:0022029, 0.00818177753677, 0.0461575751603
GO:0048008, 0.00857026881074, 0.0474538958225
GO:0002053, 0.00895865862448, 0.048513417389
GO:0001974, 0.00934694699122, 0.048513417389
GO:0048639, 0.00934694699122, 0.048513417389
GO:0040007, 0.00945221865274, 0.048513417389
GO:0010594, 0.00973513392421, 0.048513417389
GO:0046530, 0.00973513392421, 0.048513417389
GO:0015872, 0.0101232194367, 0.0496203706816
ROWS: 2196 2251 2629
COLS: 10 36 39 65 66 92 130
GO:0043129, 2.84719414026e-06, 0.000734576088188
GO:0001974, 2.80261894625e-05, 0.00361537844066
GO:0048661, 7.51460387241e-05, 0.00646255933027
GO:0048469, 0.000210458518869, 0.0115415936404
GO:0001894, 0.000223674295356, 0.0115415936404
GO:0033002, 0.000352135287268, 0.01259765625
GO:0002575, 0.000390625, 0.01259765625
GO:0060319, 0.000390625, 0.01259765625
GO:0048872, 0.000561062163249, 0.0160837820131
GO:0043117, 0.00117156979773, 0.0294099142601
GO:0043619, 0.00156188962196, 0.0294099142601
GO:0048739, 0.00156188962196, 0.0294099142601
GO:0060754, 0.00156188962196, 0.0294099142601
GO:0032101, 0.00159588682032, 0.0294099142601
GO:0042088, 0.00195210774743, 0.0314777374273
GO:0043620, 0.00195210774743, 0.0314777374273
GO:0031077, 0.0023422241874, 0.0346410464889
GO:0035162, 0.00273223895511, 0.0346410464889
GO:0043536, 0.00273223895511, 0.0346410464889
GO:0001568, 0.00290497225763, 0.0346410464889
GO:0030949, 0.00312215206382, 0.0346410464889
GO:0045779, 0.00312215206382, 0.0346410464889
GO:0035295, 0.00319743286168, 0.0346410464889
GO:0048534, 0.0032224229292, 0.0346410464889
GO:0042415, 0.00351196352678, 0.0362434635964
GO:0034104, 0.00390167335724, 0.0387166048526
GO:0071456, 0.00429128156844, 0.0387664589564
GO:0090190, 0.00429128156844, 0.0387664589564
GO:0009792, 0.00435747019277, 0.0387664589564
GO:0048844, 0.00468078817364, 0.0402547782933
GO:0050930, 0.00507019318609, 0.0409620045795
GO:0045944, 0.00508055870754, 0.0409620045795
GO:0019219, 0.00545777769144, 0.0409835968883
GO:0048255, 0.00545949661904, 0.0409835968883
GO:0044057, 0.00555979027555, 0.0409835968883
GO:0060749, 0.00584869848575, 0.0419156724812
GO:0046850, 0.00623779879945, 0.0434960024394
GO:0042462, 0.00662679757341, 0.0438388147164
GO:0090183, 0.00662679757341, 0.0438388147164
GO:0001569, 0.00701569482087, 0.0452512315946
GO:0051254, 0.00723329570629, 0.0455168363957
GO:0002688, 0.0077931847893, 0.0467591087358
GO:0043487, 0.0077931847893, 0.0467591087358
GO:0050926, 0.00818177753677, 0.0479749682838
GO:0048008, 0.00857026881074, 0.0491362078483
