ROWS: 36 468 484 578 594 653 1121 1129 1227 1280 1356 1362 1386 1395 1396 1432 1472 1492 1496 1508 1532 1537 1550 1574 1635 1647 1694 1698 1700 1777 1795 1813 1817 1826 1839 1849 1871 1875 1879 1900 1926 1957 1975 1991 2000 2020 2044 2049 2066 2105 2119 2188 2195 2196 2198 2201 2237 2251 2268 2284 2327 2370 2432 2477 2629 2669 2671 2679 2683 2684 2715 2814 2836 2954 3040 3049 3052 3077 3090 3150 3171 3210 3262 3276 3294 3318 3340 3420 3541 3576 3603 3607 3614 3619 3651 3656 3721 3734 3787 3811 4120 5054 5059 5061 5525 6056 6226 6367 6495 6780 6873 7105 7299 7685 7688 7728 7748 7802 7819 7883 8138 8244 8521 8557 8621 8685 9002 9080 9277 9310 9415 10050 10207 10251 10475 10553 10587 10669 10729 10748 10762 11007 11014 11018 11072 11172 11188 11197 11235 11476 11492 11506 11510 11529 11533 11538 11554 11558 11576 11602 11620 11631 11679 11748 11759 11769 11773 11781 11811 11827 11834 11855 11873 11894 11903 11904 11955 12000 12070 12207 12314 12324 12369 12560 13223 13508 14044 14167 14270 14275 15005 15016 15035 15036 15270 15280 15522 15523 15850
COLS: 5 19 46 47 61 66
GO:0051674, 8.34908954334e-07, 0.00197789931282
GO:0023060, 1.69031068374e-06, 0.00200217300489
GO:0051270, 1.04449938186e-05, 0.00824806345207
GO:0070271, 2.73337504424e-05, 0.0150913918016
GO:0040012, 3.81636943516e-05, 0.0150913918016
GO:0061024, 3.82221826971e-05, 0.0150913918016
GO:0031579, 9.60695709773e-05, 0.0318692375581
GO:0009888, 0.000107620895089, 0.0318692375581
GO:0048661, 0.000168246272963, 0.0362804325075
GO:0002009, 0.000173835963868, 0.0362804325075
GO:0065003, 0.000178957329194, 0.0362804325075
GO:0018212, 0.000198268962242, 0.0362804325075
GO:0006796, 0.000199090596285, 0.0362804325075
GO:0033036, 0.00024328862648, 0.0411679111523
ROWS: 36 458 468 518 578 594 1129 1227 1280 1356 1386 1395 1396 1432 1472 1492 1496 1508 1532 1537 1550 1574 1597 1635 1647 1694 1698 1700 1729 1767 1777 1813 1839 1870 1871 1873 1875 1879 1900 1926 1975 1991 2000 2020 2044 2049 2191 2195 2196 2198 2201 2237 2251 2268 2284 2306 2327 2370 2432 2460 2477 2629 2669 2679 2683 2684 2715 2814 2836 3040 3049 3052 3077 3090 3210 3262 3276 3294 3318 3328 3340 3420 3541 3576 3594 3603 3607 3614 3619 3651 3656 3721 3787 3811 3881 4235 5054 5525 5606 6001 6056 6367 6495 6873 7105 7299 7685 7688 7819 7883 7919 8095 8138 8210 8244 8521 8557 8621 8685 9002 9277 9415 10207 10251 10475 10587 10701 10729 10748 10756 10762 10959 11007 11014 11018 11167 11172 11188 11197 11301 11476 11492 11506 11510 11529 11533 11538 11550 11558 11576 11598 11602 11613 11620 11623 11631 11679 11759 11769 11773 11781 11808 11811 11834 11855 11873 11894 11903 11904 11955 12000 12207 12222 12271 12279 12314 12324 12348 12369 13223 13482 13508 14044 14167 14270 14275 14921 15005 15016 15035 15036 15270 15312 15522 15523 15850
COLS: 19 36 46 47 61 66
GO:0023052, 8.98472952016e-07, 0.00206738626259
GO:0051270, 7.05026137587e-06, 0.00693784114387
GO:0055091, 9.04542522017e-06, 0.00693784114387
GO:0048870, 1.90505224299e-05, 0.0109588130278
GO:0070271, 4.8660511803e-05, 0.0208843508199
GO:0051234, 5.44572381223e-05, 0.0208843508199
GO:0031579, 8.76846457266e-05, 0.0264909382888
GO:0051641, 9.21023495484e-05, 0.0264909382888
GO:0048661, 0.000142253436714, 0.0361253696845
GO:0032880, 0.000160974482942, 0.0361253696845
GO:0030036, 0.000172698420917, 0.0361253696845
GO:0061024, 0.000263176817231, 0.0436675457451
GO:0065003, 0.000280965814206, 0.0436675457451
GO:0001667, 0.00028228731164, 0.0436675457451
GO:0043623, 0.000284664574609, 0.0436675457451
ROWS: 36 468 578 594 1129 1227 1280 1356 1386 1395 1396 1432 1472 1492 1496 1508 1532 1537 1550 1574 1635 1647 1694 1698 1700 1777 1813 1839 1871 1875 1879 1900 1926 1975 1991 2000 2020 2044 2049 2195 2196 2198 2201 2237 2251 2268 2284 2327 2370 2432 2477 2629 2669 2679 2683 2684 2715 2814 2836 3040 3049 3052 3077 3090 3210 3262 3276 3294 3318 3340 3420 3541 3576 3603 3607 3614 3619 3651 3656 3721 3787 3811 5054 5525 6056 6367 6495 6873 7105 7299 7685 7688 7819 7883 8138 8244 8521 8557 8621 8685 9002 9277 9415 10207 10251 10475 10587 10729 10748 10762 11007 11014 11018 11172 11188 11197 11476 11492 11506 11510 11529 11533 11538 11558 11576 11602 11620 11631 11679 11759 11769 11773 11781 11811 11834 11855 11873 11894 11903 11904 11955 12000 12207 12314 12324 12369 13223 13508 14044 14167 14270 14275 15005 15016 15035 15036 15270 15522 15523 15850
COLS: 5 19 36 46 47 61 66
GO:0070271, 2.02220151781e-05, 0.0203339690145
GO:0018193, 3.09858226662e-05, 0.0203339690145
GO:0048870, 3.39622591544e-05, 0.0203339690145
GO:0048661, 4.71132890001e-05, 0.0203339690145
GO:0031579, 4.8401932543e-05, 0.0203339690145
GO:0051270, 5.74405904364e-05, 0.0203339690145
GO:0001667, 9.50085709973e-05, 0.0256525844604
GO:0065003, 9.66199038056e-05, 0.0256525844604
GO:0001569, 0.000211633822515, 0.0444842032073
GO:0040012, 0.000217812198373, 0.0444842032073
GO:0043129, 0.000260954098571, 0.0444842032073
GO:0048268, 0.000260954098571, 0.0444842032073
GO:0030950, 0.000293210378956, 0.0444842032073
GO:0070836, 0.000293210378956, 0.0444842032073
GO:0006900, 0.000326266103729, 0.046199280288
ROWS: 36 468 578 594 1061 1129 1223 1227 1280 1356 1386 1395 1396 1432 1472 1492 1496 1508 1532 1537 1550 1574 1635 1647 1694 1698 1700 1705 1777 1813 1839 1871 1875 1879 1900 1926 1975 1991 2000 2020 2044 2049 2142 2195 2196 2198 2201 2237 2251 2268 2284 2327 2370 2432 2477 2629 2669 2679 2683 2684 2715 2814 2836 2873 3040 3049 3052 3077 3090 3166 3210 3262 3276 3294 3318 3340 3420 3541 3576 3603 3607 3614 3619 3651 3656 3721 3787 3811 4660 4865 5054 5525 6056 6367 6495 6873 7105 7299 7685 7688 7815 7819 7883 7992 8138 8244 8521 8557 8621 8685 9002 9277 9415 9797 10207 10251 10475 10587 10623 10729 10748 10762 10785 11007 11014 11018 11095 11172 11188 11197 11476 11492 11506 11510 11523 11529 11533 11538 11558 11576 11602 11620 11631 11679 11759 11769 11773 11781 11811 11834 11855 11873 11894 11903 11904 11955 12000 12207 12314 12324 12369 13223 13508 14044 14079 14159 14167 14270 14275 14670 15005 15008 15016 15035 15036 15270 15522 15523 15850
COLS: 5 19 36 47 61 66
GO:0023052, 2.10956567795e-05, 0.0375399949378
GO:0070271, 3.43615514305e-05, 0.0375399949378
GO:0031579, 6.68072166775e-05, 0.0469905326461
GO:0048661, 8.6023858391e-05, 0.0469905326461
GO:0048870, 0.000150280596403, 0.0494545875138
GO:0001667, 0.000172036259027, 0.0494545875138
GO:0051270, 0.00017334934512, 0.0494545875138
GO:0065003, 0.000181069427968, 0.0494545875138
ROWS: 36 468 578 653 1121 1280 1362 1386 1395 1396 1472 1492 1532 1537 1635 1694 1700 1777 1795 1817 1826 1839 1849 1871 1875 1879 1900 1957 1975 2000 2020 2044 2049 2119 2195 2196 2198 2201 2251 2284 2327 2477 2629 2679 2683 2684 2715 2814 2836 2954 3040 3049 3052 3077 3090 3150 3171 3210 3276 3294 3318 3340 3541 3576 3603 3607 3614 3619 3651 3656 3721 3811 4120 5059 5061 5525 6056 6226 6367 6495 6873 7299 7685 7688 7728 7802 7819 7883 8138 8244 8521 8621 8685 9002 9080 9277 9415 10207 10251 10475 10553 10587 10669 10748 10762 11007 11014 11018 11072 11197 11235 11476 11492 11506 11510 11529 11538 11554 11576 11602 11620 11631 11679 11748 11759 11769 11781 11811 11827 11834 11855 11873 11894 11903 11904 11955 12070 12207 12314 12324 12369 12560 13223 13508 14167 14275 15005 15016 15035 15270 15522 15523 15850
COLS: 5 19 46 47 59 61 66
GO:0023060, 1.54586964255e-06, 0.00313811537437
GO:0032271, 1.90563162528e-05, 0.0130425450801
GO:0022607, 1.92746971627e-05, 0.0130425450801
GO:0048661, 3.16156346413e-05, 0.0147492761072
GO:0031579, 3.91648929023e-05, 0.0147492761072
GO:0048870, 4.35939195287e-05, 0.0147492761072
GO:0031334, 0.000100419924604, 0.0249225865302
GO:0040012, 0.000111017182217, 0.0249225865302
GO:0051270, 0.000121658819729, 0.0249225865302
GO:0061024, 0.000122771362218, 0.0249225865302
GO:0048731, 0.000138009020059, 0.0254689373382
GO:0048268, 0.000211715464339, 0.0344352970222
GO:0006900, 0.000248872963246, 0.0344352970222
GO:0030950, 0.000254448007553, 0.0344352970222
GO:0070836, 0.000254448007553, 0.0344352970222
GO:0007010, 0.000271505123396, 0.0344472125309
GO:0034621, 0.000305941242577, 0.0364363173592
GO:0023033, 0.000323080646535, 0.0364363173592
GO:0030029, 0.000342233349025, 0.0365649315011
GO:0033002, 0.000371667124369, 0.0377242131234
GO:0006796, 0.000435431146266, 0.0420155077685
GO:0048522, 0.000455340478279, 0.0420155077685
GO:0048869, 0.000482757524838, 0.0426085989313
GO:0031623, 0.000519442909477, 0.04393621276
ROWS: 36 468 578 653 820 1121 1280 1362 1386 1395 1396 1472 1492 1532 1537 1635 1694 1700 1726 1777 1795 1796 1817 1826 1839 1849 1867 1871 1875 1879 1900 1957 1975 2000 2020 2044 2049 2056 2119 2145 2195 2196 2198 2201 2251 2284 2327 2416 2477 2629 2679 2683 2684 2715 2814 2836 2954 3040 3049 3052 3077 3090 3092 3150 3171 3210 3276 3294 3318 3340 3541 3576 3603 3607 3614 3619 3651 3656 3721 3811 4120 5059 5061 5525 5648 6056 6226 6367 6495 6873 7299 7685 7688 7728 7802 7819 7883 8138 8244 8521 8621 8635 8685 9002 9080 9277 9315 9415 9539 10207 10251 10475 10553 10587 10669 10748 10762 11007 11014 11018 11072 11197 11235 11250 11476 11492 11506 11510 11529 11538 11554 11576 11602 11620 11631 11679 11748 11759 11769 11781 11811 11827 11834 11855 11873 11894 11903 11904 11955 11962 12070 12145 12189 12207 12314 12324 12369 12560 12880 13223 13508 14092 14167 14275 14977 15005 15016 15035 15082 15251 15270 15522 15523 15850 15922
COLS: 5 19 46 47 59 61
GO:0023060, 4.83479778256e-06, 0.0107042422906
GO:0022607, 2.30528476455e-05, 0.0234210784306
GO:0032271, 4.01629300756e-05, 0.0234210784306
GO:0031579, 5.52964592926e-05, 0.0234210784306
GO:0048661, 6.04669847515e-05, 0.0234210784306
GO:0048870, 6.34717572645e-05, 0.0234210784306
GO:0040012, 8.2627284992e-05, 0.0252243451195
GO:0051270, 9.11448784807e-05, 0.0252243451195
GO:0034621, 0.000171136252436, 0.0382845092898
GO:0031334, 0.00017292009616, 0.0382845092898
GO:0018193, 0.000208638264231, 0.0419931924553
GO:0006936, 0.000280719075862, 0.0473173183357
GO:0048268, 0.000297597264561, 0.0473173183357
GO:0030950, 0.000320578037505, 0.0473173183357
GO:0070836, 0.000320578037505, 0.0473173183357
ROWS: 36 468 578 1280 1386 1395 1396 1472 1492 1532 1537 1635 1694 1700 1777 1839 1871 1875 1879 1900 1975 2000 2020 2044 2049 2195 2196 2198 2201 2251 2284 2327 2477 2629 2679 2683 2684 2715 2814 2836 3040 3049 3052 3077 3090 3210 3276 3294 3318 3340 3541 3576 3603 3607 3614 3619 3651 3656 3721 3811 5525 6056 6367 6495 6873 7299 7685 7688 7819 7883 8138 8244 8521 8621 8685 9002 9277 9415 10207 10251 10475 10587 10748 10762 11007 11014 11018 11197 11476 11492 11506 11510 11529 11538 11576 11602 11620 11631 11679 11759 11769 11781 11811 11834 11855 11873 11894 11903 11904 11955 12207 12314 12324 12369 13223 13508 14167 14275 15005 15016 15035 15270 15522 15523 15850
COLS: 5 19 36 46 47 59 61 66
GO:0023060, 4.16220454427e-06, 0.0059446732978
GO:0048661, 9.11211220039e-06, 0.0059446732978
GO:0022607, 9.54201171397e-06, 0.0059446732978
GO:0031579, 2.03956021938e-05, 0.00952984512504
GO:0034621, 6.55635260608e-05, 0.0207527891154
GO:0003013, 8.54583953017e-05, 0.0207527891154
GO:0007010, 8.61733941867e-05, 0.0207527891154
GO:0033002, 9.6181000391e-05, 0.0207527891154
GO:0006900, 0.000107427110103, 0.0207527891154
GO:0048268, 0.000111036859901, 0.0207527891154
GO:0061024, 0.000163928424657, 0.0236516439065
GO:0030950, 0.000164511166819, 0.0236516439065
GO:0070836, 0.000164511166819, 0.0236516439065
GO:0023033, 0.000185533855666, 0.0247687697314
GO:0031623, 0.0002264649341, 0.0277534464066
GO:0030029, 0.000237589696365, 0.0277534464066
GO:0048870, 0.000438855512926, 0.0482482913917
ROWS: 36 458 468 578 692 820 1280 1386 1395 1396 1472 1492 1532 1537 1635 1694 1700 1777 1839 1867 1870 1871 1873 1875 1879 1900 1975 2000 2020 2044 2049 2056 2145 2195 2196 2198 2201 2251 2284 2327 2416 2477 2629 2679 2683 2684 2715 2814 2836 3040 3049 3052 3077 3090 3092 3210 3276 3294 3318 3328 3340 3541 3576 3594 3603 3607 3614 3619 3651 3656 3721 3811 4235 4332 5525 5606 5648 6056 6367 6495 6873 7299 7685 7688 7819 7883 7919 8138 8210 8244 8521 8621 8635 8685 9002 9277 9415 10207 10251 10475 10587 10748 10762 11007 11014 11018 11197 11250 11301 11476 11492 11506 11510 11529 11538 11576 11602 11620 11631 11679 11749 11759 11769 11781 11811 11834 11855 11873 11894 11903 11904 11955 12145 12207 12314 12324 12348 12369 13223 13508 14092 14167 14275 14977 15005 15016 15035 15270 15312 15522 15523 15850 15922
COLS: 19 36 46 47 59 61
GO:0022607, 1.40469049177e-05, 0.0202611550802
GO:0048661, 2.88071513205e-05, 0.0202611550802
GO:0031579, 3.72847976253e-05, 0.0202611550802
GO:0023052, 4.01012470662e-05, 0.0202611550802
GO:0048870, 0.000119142481336, 0.0452349752572
GO:0034621, 0.000143052482304, 0.0452349752572
GO:0032271, 0.00016935377097, 0.0452349752572
GO:0048268, 0.000201671180388, 0.0452349752572
GO:0006900, 0.00023366710871, 0.0452349752572
GO:0030950, 0.000246207188436, 0.0452349752572
GO:0070836, 0.000246207188436, 0.0452349752572
ROWS: 36 439 458 468 578 770 1091 1191 1280 1386 1395 1396 1472 1491 1492 1532 1537 1635 1694 1700 1725 1768 1777 1839 1870 1871 1873 1875 1879 1900 1975 2000 2020 2044 2049 2195 2196 2198 2201 2251 2284 2327 2477 2629 2679 2683 2684 2715 2814 2836 3040 3049 3052 3077 3090 3178 3210 3276 3294 3318 3328 3340 3541 3576 3594 3603 3607 3614 3619 3651 3656 3721 3811 4235 5525 5606 5628 6056 6367 6495 6873 7299 7685 7688 7819 7883 7919 8138 8210 8244 8521 8621 8685 9002 9277 9415 10207 10251 10475 10587 10748 10762 11007 11014 11018 11197 11301 11447 11476 11492 11506 11510 11524 11529 11538 11576 11602 11620 11631 11679 11759 11769 11781 11811 11834 11855 11873 11894 11903 11904 11955 12154 12207 12314 12324 12348 12369 12398 13223 13508 14167 14275 15005 15016 15035 15270 15312 15522 15523 15850
COLS: 19 36 46 59 61 66
GO:0048661, 1.83239864476e-06, 0.00374359043124
GO:0051179, 1.00415963802e-05, 0.00690644686531
GO:0022607, 1.01416253529e-05, 0.00690644686531
GO:0031579, 3.54653779831e-05, 0.0181139418049
GO:0048870, 9.65001999151e-05, 0.0394299816853
GO:0034621, 0.000119233928744, 0.0405991527372
GO:0048268, 0.000191943330196, 0.0476080539336
GO:0006900, 0.000219144492267, 0.0476080539336
GO:0030950, 0.000238102020662, 0.0476080539336
GO:0070836, 0.000238102020662, 0.0476080539336
GO:0030029, 0.000256333134248, 0.0476080539336
GO:0048729, 0.000299418877608, 0.0492635958417
GO:0040012, 0.000344967493532, 0.0492635958417
GO:0060429, 0.000358584094215, 0.0492635958417
GO:0051270, 0.000374590127656, 0.0492635958417
GO:0001666, 0.000401990281448, 0.0492635958417
GO:0033043, 0.000435735897134, 0.0492635958417
GO:0003013, 0.000440295641648, 0.0492635958417
GO:0031623, 0.000458153852664, 0.0492635958417
ROWS: 36 458 468 578 664 941 1192 1280 1386 1395 1396 1472 1492 1532 1537 1635 1694 1700 1777 1839 1870 1871 1873 1875 1879 1900 1975 2000 2020 2044 2049 2195 2196 2198 2201 2251 2284 2327 2477 2629 2679 2683 2684 2715 2814 2836 3040 3049 3052 3077 3090 3151 3210 3276 3294 3318 3328 3340 3541 3576 3594 3603 3607 3614 3619 3651 3656 3687 3721 3811 4235 5398 5525 5606 6056 6367 6416 6495 6873 7299 7685 7688 7819 7883 7886 7919 8138 8210 8244 8451 8521 8621 8685 9002 9277 9415 10207 10251 10475 10587 10712 10748 10762 11007 11014 11018 11197 11301 11476 11492 11506 11510 11529 11538 11576 11602 11620 11631 11679 11759 11769 11781 11811 11834 11855 11873 11894 11903 11904 11955 12207 12314 12324 12348 12369 13223 13283 13508 14167 14275 15005 15016 15035 15270 15312 15522 15523 15850
COLS: 19 36 46 47 59 66
GO:0048661, 1.634281049e-06, 0.00325221928751
GO:0022607, 2.18198092629e-05, 0.0150878374855
GO:0023052, 2.8485258818e-05, 0.0150878374855
GO:0031579, 3.37056705967e-05, 0.0150878374855
GO:0033002, 3.79091394107e-05, 0.0150878374855
GO:0048870, 7.77301844223e-05, 0.0257805111667
GO:0034621, 9.89344021014e-05, 0.0281256371688
GO:0023034, 0.000120449188635, 0.0299617356731
GO:0048268, 0.000182527269878, 0.0369199187117
GO:0006900, 0.000205286279846, 0.0369199187117
GO:0030950, 0.000230132504232, 0.0369199187117
GO:0070836, 0.000230132504232, 0.0369199187117
GO:0007165, 0.000241185398619, 0.0369199187117
GO:0040012, 0.000297549169014, 0.0422944890241
GO:0051270, 0.000323252448667, 0.0428848248564
GO:0003013, 0.000380311503203, 0.0473012432109
ROWS: 36 468 578 695 820 988 1280 1386 1395 1396 1401 1472 1492 1532 1537 1635 1694 1700 1777 1839 1867 1871 1875 1879 1900 1969 1975 2000 2020 2044 2049 2056 2145 2195 2196 2198 2201 2251 2284 2327 2416 2477 2629 2679 2683 2684 2715 2814 2836 3037 3040 3049 3052 3077 3090 3092 3210 3276 3294 3318 3340 3541 3576 3603 3607 3614 3619 3651 3656 3721 3811 5525 5648 6056 6367 6495 6873 7299 7685 7688 7819 7883 8138 8244 8386 8521 8621 8635 8685 9002 9277 9415 10038 10207 10251 10475 10587 10748 10762 10779 11007 11014 11018 11117 11197 11250 11476 11492 11506 11510 11529 11538 11576 11602 11620 11631 11679 11759 11769 11781 11811 11834 11855 11873 11894 11903 11904 11955 12145 12207 12314 12324 12369 13223 13508 14092 14167 14275 14841 14977 15005 15016 15035 15270 15522 15523 15850 15922
COLS: 5 36 46 47 59 61
GO:0023052, 1.56579605174e-05, 0.0143905020391
GO:0022607, 1.57864443827e-05, 0.0143905020391
GO:0048661, 2.15641888698e-05, 0.0143905020391
GO:0031579, 3.20047104805e-05, 0.0160183575955
GO:0035556, 0.00014019086125, 0.0370868229641
GO:0023060, 0.000153534309022, 0.0370868229641
GO:0048268, 0.000173418335074, 0.0370868229641
GO:0014031, 0.000174493686131, 0.0370868229641
GO:0006900, 0.000192073779402, 0.0370868229641
GO:0048870, 0.000211130587571, 0.0370868229641
GO:0030950, 0.000222298639146, 0.0370868229641
GO:0070836, 0.000222298639146, 0.0370868229641
GO:0033002, 0.000245951401394, 0.0378765158147
GO:0034621, 0.000309626139534, 0.0436904066752
GO:0003013, 0.000327350699365, 0.0436904066752
GO:0060485, 0.000397958361126, 0.0447364283205
GO:0001974, 0.000402225629255, 0.0447364283205
GO:0031623, 0.000402225629255, 0.0447364283205
GO:0007010, 0.000437365352348, 0.0460844966
ROWS: 36 439 468 578 770 1061 1091 1099 1280 1386 1395 1396 1472 1491 1492 1532 1537 1635 1694 1700 1705 1768 1777 1839 1871 1875 1879 1900 1975 2000 2020 2044 2049 2116 2142 2195 2196 2198 2201 2251 2284 2327 2477 2629 2679 2683 2684 2715 2814 2836 3040 3049 3052 3077 3090 3210 3276 3294 3318 3340 3541 3576 3603 3607 3614 3619 3651 3656 3721 3811 4865 5525 6056 6367 6495 6873 7299 7685 7688 7693 7819 7883 8138 8244 8521 8621 8685 9002 9277 9415 10207 10251 10343 10475 10587 10748 10762 10785 11007 11014 11018 11197 11476 11492 11506 11510 11523 11524 11529 11538 11576 11602 11620 11631 11679 11759 11769 11781 11811 11834 11855 11873 11894 11903 11904 11955 12154 12207 12314 12324 12369 12398 13223 13508 14015 14079 14167 14275 15005 15008 15016 15035 15074 15152 15270 15522 15523 15850
COLS: 5 19 36 59 61 66
GO:0048661, 1.95074035744e-05, 0.0225182981696
GO:0031579, 3.03615310416e-05, 0.0225182981696
GO:0022607, 3.3879084508e-05, 0.0225182981696
GO:0048522, 7.62866697397e-05, 0.0380289048652
GO:0030029, 0.0001619453898, 0.0381233369049
GO:0048268, 0.000164611840904, 0.0381233369049
GO:0006900, 0.000179488445756, 0.0381233369049
GO:0030950, 0.000214600425403, 0.0381233369049
GO:0070836, 0.000214600425403, 0.0381233369049
GO:0033002, 0.000220638582974, 0.0381233369049
GO:0033036, 0.000230092540957, 0.0381233369049
GO:0034621, 0.000259531997252, 0.0381233369049
GO:0060429, 0.000266237991098, 0.0381233369049
GO:0003013, 0.000280743391906, 0.0381233369049
GO:0033043, 0.000286785382936, 0.0381233369049
GO:0031623, 0.000376182566273, 0.0468817523217
ROWS: 36 439 468 578 770 820 1091 1280 1386 1395 1396 1472 1491 1492 1532 1537 1635 1694 1700 1768 1777 1839 1867 1871 1875 1879 1900 1975 2000 2020 2044 2049 2056 2145 2195 2196 2198 2201 2251 2284 2327 2416 2477 2629 2679 2683 2684 2715 2814 2836 3040 3049 3052 3077 3090 3092 3210 3276 3294 3318 3340 3541 3576 3603 3607 3614 3619 3651 3656 3721 3811 5525 5648 6056 6367 6495 6873 7299 7685 7688 7819 7883 8138 8244 8521 8621 8635 8685 9002 9277 9415 10207 10251 10475 10587 10748 10762 11007 11014 11018 11197 11250 11476 11492 11506 11510 11524 11529 11538 11576 11602 11620 11631 11679 11759 11769 11781 11811 11834 11855 11873 11894 11903 11904 11955 12145 12154 12207 12314 12324 12369 12398 13223 13508 14092 14145 14167 14275 14977 15005 15016 15035 15270 15522 15523 15850 15922
COLS: 5 19 36 46 59 61
GO:0022607, 1.33776971447e-05, 0.0206893620705
GO:0048661, 2.05149847006e-05, 0.0206893620705
GO:0031579, 3.11759586513e-05, 0.0209606361999
GO:0048522, 9.42601697054e-05, 0.0328802638476
GO:0018193, 0.000153350275271, 0.0328802638476
GO:0048268, 0.000168977576517, 0.0328802638476
GO:0030029, 0.000175222141566, 0.0328802638476
GO:0006900, 0.000185703869933, 0.0328802638476
GO:0048870, 0.000190417198032, 0.0328802638476
GO:0030950, 0.000218432575856, 0.0328802638476
GO:0070836, 0.000218432575856, 0.0328802638476
GO:0033002, 0.000233017620944, 0.0328802638476
GO:0040012, 0.00023678739684, 0.0328802638476
GO:0051270, 0.000257424240596, 0.0328802638476
GO:0034621, 0.000283635483125, 0.0328802638476
GO:0003013, 0.000303292896552, 0.0328802638476
GO:0023060, 0.00030472247314, 0.0328802638476
GO:0033043, 0.000308118654522, 0.0328802638476
GO:0035556, 0.000309729803225, 0.0328802638476
GO:0050789, 0.000362333931252, 0.0365413769668
GO:0031623, 0.00038904770795, 0.0373671060446
GO:0043067, 0.000461256376932, 0.0422888232851
GO:0035239, 0.000514960069588, 0.0451597591461
GO:0009755, 0.000556782423952, 0.0467929228796
GO:0071495, 0.000604471241477, 0.0487687397623
ROWS: 36 458 468 578 1061 1280 1386 1395 1396 1472 1492 1532 1537 1635 1694 1700 1705 1777 1839 1870 1871 1873 1875 1879 1900 1975 2000 2020 2044 2049 2142 2195 2196 2198 2201 2251 2284 2327 2477 2629 2679 2683 2684 2715 2814 2836 3040 3049 3052 3077 3090 3210 3276 3294 3318 3328 3340 3541 3576 3594 3603 3607 3614 3619 3651 3656 3721 3811 4235 4865 5525 5606 6056 6367 6495 6873 7252 7299 7685 7688 7819 7883 7919 8138 8210 8244 8521 8621 8685 9002 9277 9415 10207 10251 10475 10587 10748 10762 10785 11007 11014 11018 11197 11301 11476 11492 11506 11510 11523 11529 11538 11576 11602 11620 11631 11679 11759 11769 11781 11811 11834 11855 11873 11894 11903 11904 11955 12207 12314 12324 12348 12369 13223 13508 14079 14167 14275 15005 15008 15016 15035 15270 15312 15522 15523 15850
COLS: 19 36 47 59 61 66
GO:0051179, 6.23718505616e-06, 0.0121625108595
GO:0022607, 1.57864443827e-05, 0.0140167227654
GO:0048661, 2.15641888698e-05, 0.0140167227654
GO:0031579, 3.20047104805e-05, 0.0156022963593
GO:0034621, 8.17080756427e-05, 0.0318661495007
GO:0023060, 0.000153534309022, 0.0361235288612
GO:0048268, 0.000173418335074, 0.0361235288612
GO:0006900, 0.000192073779402, 0.0361235288612
GO:0061024, 0.000209840921625, 0.0361235288612
GO:0048870, 0.000211130587571, 0.0361235288612
GO:0030950, 0.000222298639146, 0.0361235288612
GO:0070836, 0.000222298639146, 0.0361235288612
GO:0033002, 0.000245951401394, 0.0361595462787
GO:0023033, 0.000259606998924, 0.0361595462787
GO:0003013, 0.000327350699365, 0.0425555909174
GO:0031623, 0.000402225629255, 0.0490212485654
ROWS: 36 468 578 820 1061 1280 1386 1395 1396 1472 1492 1532 1537 1635 1694 1700 1705 1777 1839 1867 1871 1875 1879 1900 1975 2000 2020 2044 2049 2056 2142 2145 2195 2196 2198 2201 2251 2284 2327 2416 2477 2629 2679 2683 2684 2715 2814 2836 3040 3049 3052 3077 3090 3092 3210 3276 3294 3318 3340 3541 3576 3603 3607 3614 3619 3651 3656 3721 3811 4865 5525 5648 6056 6367 6495 6873 7299 7685 7688 7819 7883 8138 8244 8521 8621 8635 8685 9002 9277 9415 10207 10251 10475 10587 10748 10762 10785 11007 11014 11018 11197 11250 11476 11492 11506 11510 11523 11529 11538 11576 11602 11620 11631 11679 11759 11769 11781 11811 11834 11855 11873 11894 11903 11904 11955 12145 12207 12314 12324 12369 13223 13508 14079 14092 14167 14275 14977 15005 15008 15016 15035 15270 15522 15523 15850 15922
COLS: 5 19 36 47 59 61
GO:0048661, 2.05149847006e-05, 0.0263592042867
GO:0031579, 3.11759586513e-05, 0.0263592042867
GO:0022607, 3.9637901183e-05, 0.0263592042867
ROWS: 36 468 578 820 1192 1280 1386 1395 1396 1472 1492 1532 1537 1635 1694 1700 1777 1839 1867 1871 1875 1879 1900 1975 2000 2020 2044 2049 2056 2145 2195 2196 2198 2201 2251 2284 2327 2416 2477 2629 2679 2683 2684 2715 2814 2836 3040 3049 3052 3077 3090 3092 3151 3210 3276 3294 3318 3340 3541 3576 3603 3607 3614 3619 3651 3656 3687 3721 3811 5525 5648 6056 6367 6495 6873 7299 7685 7688 7819 7883 8138 8244 8521 8621 8635 8685 9002 9277 9415 10207 10251 10475 10587 10712 10748 10762 11007 11014 11018 11197 11250 11476 11492 11506 11510 11529 11538 11576 11602 11620 11631 11679 11706 11759 11769 11781 11811 11834 11855 11873 11894 11903 11904 11907 11955 12145 12207 12314 12324 12369 13223 13508 14092 14167 14275 14977 15005 15016 15035 15270 15522 15523 15850 15922
COLS: 5 19 36 46 47 59
GO:0048661, 1.95074035744e-05, 0.0169480120251
GO:0031579, 3.03615310416e-05, 0.0169480120251
GO:0050789, 3.38139690943e-05, 0.0169480120251
GO:0022607, 3.3879084508e-05, 0.0169480120251
GO:0048268, 0.000164611840904, 0.0490553116144
GO:0006900, 0.000179488445756, 0.0490553116144
GO:0030950, 0.000214600425403, 0.0490553116144
GO:0070836, 0.000214600425403, 0.0490553116144
GO:0033002, 0.000220638582974, 0.0490553116144
ROWS: 36 458 468 578 1280 1386 1395 1396 1401 1472 1492 1532 1537 1635 1694 1700 1777 1839 1870 1871 1873 1875 1879 1900 1969 1975 2000 2020 2044 2049 2195 2196 2198 2201 2251 2284 2327 2477 2629 2679 2683 2684 2715 2814 2836 3040 3049 3052 3077 3090 3210 3276 3294 3318 3328 3340 3541 3576 3594 3603 3607 3614 3619 3651 3656 3721 3811 4235 5525 5606 6056 6367 6495 6873 7299 7685 7688 7819 7883 7919 8138 8210 8244 8521 8621 8685 9002 9277 9415 10207 10251 10475 10587 10748 10762 11007 11014 11018 11117 11197 11301 11476 11492 11506 11510 11529 11538 11576 11602 11620 11631 11679 11759 11769 11781 11811 11834 11855 11873 11894 11903 11904 11955 12207 12314 12324 12348 12369 13223 13508 14167 14275 15005 15016 15035 15270 15312 15522 15523 15850
COLS: 36 46 47 59 61 66
GO:0022607, 2.99605516462e-06, 0.00580635490903
GO:0048661, 1.8540187615e-05, 0.0179654417989
GO:0031579, 2.95613065762e-05, 0.0190966040482
GO:0023033, 5.7716666234e-05, 0.0235531886115
GO:0034621, 6.07667404837e-05, 0.0235531886115
GO:0023060, 8.27941030703e-05, 0.0267424952917
GO:0048870, 0.00015422912376, 0.0340445533273
GO:0048268, 0.000160320539411, 0.0340445533273
GO:0006900, 0.00017342521247, 0.0340445533273
GO:0033002, 0.000208796335145, 0.0340445533273
GO:0030950, 0.000210802187785, 0.0340445533273
GO:0070836, 0.000210802187785, 0.0340445533273
GO:0003013, 0.000259625684416, 0.0387041981844
GO:0007010, 0.000331275961177, 0.0458580580544
GO:0031623, 0.000363625788771, 0.0469804519092
ROWS: 616 870 988 1128 1380 1508 1542 1545 1871 1989 2062 2302 2305 2354 2669 2684 3077 3090 3122 3210 3241 3318 3831 5958 7728 7798 7819 8218 11072 11325 11471 11472 11619 11631 11645 11667 11735 11903 11962 12089 12104 13640 15082 15201 15270
COLS: 11 38 39 55 94 95
ROWS: 0 18 404 654 1816 3950 4386 4561 4565 4939 5919 6507 7382 7535 8220 9271 9567 11146 12705 12860 13618 14510
COLS: 130 131 138 139 145 152
ROWS: 0 241 317 1816 2336 2363 4614 5270 5371 5919 7029 7535 7734 9271 10515 10979 11112 11146 12434 12860 12868 15695
COLS: 122 123 130 131 138 139
ROWS: 0 404 654 2492 2628 2896 3950 4009 4267 4547 4939 5415 5817 6507 7381 7382 7558 7734 10979 14510 14861
COLS: 103 130 131 138 139 145
ROWS: 0 241 317 1816 4439 5270 5371 5415 5919 7029 7535 7734 9271 10515 10979 11146 11890 12860 13158 13312 14510
COLS: 123 130 131 138 139 145
ROWS: 0 94 241 317 1816 4391 5270 5371 5919 7029 7535 7734 9271 10136 10515 10638 10979 11146 11805 12860
COLS: 122 123 131 138 139 145
ROWS: 0 172 598 768 1140 1816 2711 4072 5190 5377 5919 7208 7535 9271 11146 12860 14461 15587 15592 15747
COLS: 122 123 138 139 145 152
ROWS: 0 94 4391 5262 5311 5371 7535 10136 10175 10638 11805 12069 12699 12860 13092 13572 14140 14461 15592
COLS: 22 122 123 138 139 145
ROWS: 0 241 317 771 1816 5270 5371 5919 6414 7029 7535 7734 9271 10515 10979 11146 12860 13572 13649
COLS: 122 123 130 138 139 145
ROWS: 0 241 317 1816 5270 5371 5919 7029 7535 7734 9271 10515 10979 11146 12860
COLS: 122 123 130 131 138 139 145
ROWS: 0 219 241 317 1816 3970 5270 5371 5919 7029 7535 7734 9271 10515 10979 11146 12860
COLS: 122 123 130 131 138 145
ROWS: 0 241 317 1816 5270 5371 5476 5919 6974 7029 7535 7734 9271 10515 10979 11146 12860
COLS: 122 123 130 131 139 145
ROWS: 0 241 317 1816 2492 5270 5371 5919 6266 7029 7535 7734 9271 10515 10979 11146 12860
COLS: 122 130 131 138 139 145
ROWS: 0 3982 4303 4389 4537 4550 4782 5371 5495 6011 7253 7535 10200 13850 15748
COLS: 22 40 122 123 130 131
GO:0043403, 9.90304602609e-05, 0.0249556759857
ROWS: 0 179 317 2487 3982 4303 4389 4550 5371 5476 5495 7535 10982 15748
COLS: 40 122 123 130 131 145
GO:0043403, 0.000127181195243, 0.0479473106065
ROWS: 0 3982 4303 4389 4550 4879 5371 5495 5620 7535 9478 12766 15456 15748
COLS: 22 40 123 130 131 145
GO:0043403, 7.43567582199e-05, 0.0180686922474
ROWS: 0 971 3982 4303 4389 4550 5371 5495 7535 10174 12860 14534 15748
COLS: 22 122 123 130 131 145
GO:0043403, 5.31719783884e-05, 0.0123890709645
ROWS: 0 63 94 4741 5262 5311 5371 7035 7535 10518 13092 14140 14461
COLS: 22 40 122 123 139 145
ROWS: 0 94 317 771 5262 5311 5371 7077 7535 13092 14140 14461
COLS: 40 122 123 138 139 145
ROWS: 0 950 1816 3970 5919 7535 9271 10982 11146 12860 14534 15748
COLS: 122 123 130 131 145 152
ROWS: 0 94 3982 4303 4389 4550 5371 5495 7535 8391 15748
COLS: 22 40 122 123 131 145
GO:0043403, 5.31719783884e-05, 0.0123358989861
ROWS: 0 94 2336 4101 4391 5371 7535 10136 10638 11805 12860
COLS: 22 122 123 131 138 139
ROWS: 0 3982 4303 4389 4550 5371 5495 7535 12429 12895 15748
COLS: 22 40 122 123 130 145
GO:0043403, 7.43567582199e-05, 0.0180686922474
ROWS: 0 404 654 3950 3970 4939 5046 6507 7382 12525 14510
COLS: 103 130 131 138 145 152
ROWS: 0 94 4391 7077 7734 10979 11805 12765 14140 15587 15592
COLS: 103 122 123 138 139 145
ROWS: 0 1816 4957 5919 7535 9271 11112 11146 12860 12868 14510
COLS: 123 130 131 138 139 152
ROWS: 0 1816 2496 3970 5919 7535 9271 11112 11146 12860 12868
COLS: 122 123 130 131 138 152
ROWS: 0 94 4391 5371 7535 10136 10638 11805 12860
COLS: 22 122 123 131 138 139 145
ROWS: 0 3982 4303 4389 4550 5371 5495 7535 15748
COLS: 22 40 122 123 130 131 145
GO:0043403, 3.54880380383e-05, 0.00798480855862
ROWS: 0 94 5262 5311 5371 7535 13092 14140 14461
COLS: 22 40 122 123 138 139 145
ROWS: 0 1816 5919 7535 9271 11112 11146 12860 12868
COLS: 122 123 130 131 138 139 152
ROWS: 0 404 654 3476 3950 4612 4939 6507 7382 14510
COLS: 103 130 138 139 145 152
ROWS: 0 94 4101 5262 5311 5371 7535 13092 14140 14461
COLS: 22 40 122 123 138 139
ROWS: 0 1816 5919 7535 9271 11112 11146 12860 12868 14575
COLS: 122 123 131 138 139 152
ROWS: 0 1816 5919 7535 9271 11112 11146 12860 12868 12869
COLS: 122 123 130 131 139 152
ROWS: 0 1816 2506 5919 7535 9271 11112 11146 12860 12868
COLS: 122 130 131 138 139 152
ROWS: 0 1816 2801 3970 5919 6871 7535 9271 11146 12860
COLS: 122 123 130 138 145 152
ROWS: 0 404 654 3950 4939 6507 7382 14510
COLS: 103 130 131 138 139 145 152
ROWS: 0 1816 5919 7535 9271 11146 12860 14510
COLS: 123 130 131 138 139 145 152
GO:0016481, 0.000101328519188, 0.00796845726129
GO:0051172, 0.000149990545607, 0.00796845726129
GO:0009890, 0.000202587896474, 0.00796845726129
GO:0010605, 0.000458194514554, 0.0109786180989
GO:0031324, 0.000465195682155, 0.0109786180989
GO:0001886, 0.00117156979773, 0.0230408726886
GO:0060426, 0.00195210774743, 0.032906959171
GO:0031648, 0.00273223895511, 0.0403005245879
ROWS: 0 1816 3970 5919 7535 9271 11146 12860
COLS: 122 123 130 131 138 145 152
GO:0016481, 0.000391217573107, 0.0260036341699
GO:0051172, 0.000576165323686, 0.0260036341699
GO:0010556, 0.000692259128953, 0.0260036341699
GO:0009890, 0.000774805682996, 0.0260036341699
GO:0010468, 0.000843312888479, 0.0260036341699
GO:0031326, 0.00100013977577, 0.0260036341699
GO:0001886, 0.00156188962196, 0.0303850282763
GO:0010605, 0.00172713727526, 0.0303850282763
GO:0031324, 0.00175298240055, 0.0303850282763
GO:0034645, 0.00198866606579, 0.0310156939906
GO:0090304, 0.00218700406344, 0.0310156939906
GO:0060426, 0.00260213242651, 0.0338277215446
GO:0080090, 0.00286520016347, 0.0343824019616
GO:0031648, 0.00364156217086, 0.0405774070468
GO:0051155, 0.0041609722779, 0.0432741116902
GO:0051252, 0.00470788522708, 0.045901880964
GO:0006351, 0.00511304753968, 0.0469197303641
ROWS: 0 1816 5919 7535 9271 11146 12860
COLS: 122 123 130 131 138 139 145 152
GO:0016481, 0.000101328519188, 0.00796845726129
GO:0051172, 0.000149990545607, 0.00796845726129
GO:0009890, 0.000202587896474, 0.00796845726129
GO:0010605, 0.000458194514554, 0.0109786180989
GO:0031324, 0.000465195682155, 0.0109786180989
GO:0001886, 0.00117156979773, 0.0230408726886
GO:0060426, 0.00195210774743, 0.032906959171
GO:0031648, 0.00273223895511, 0.0403005245879
ROWS: 0 404 654 3950 4939 6507 7382 9952 14510
COLS: 103 130 131 139 145 152
ROWS: 0 2828 4127 5371 7535 12860 13572 14612 15793
COLS: 22 122 123 130 139 145
GO:0016925, 2.23242200548e-05, 0.00388441428954
GO:0006178, 0.000651041666667, 0.0377604166667
GO:0046098, 0.000651041666667, 0.0377604166667
GO:0006168, 0.00130174420497, 0.0453006983331
GO:0045964, 0.00130174420497, 0.0453006983331
ROWS: 0 284 1816 5919 7535 9271 11146 12860 14510
COLS: 123 130 138 139 145 152
GO:0016481, 0.000391217573107, 0.033807517725
GO:0051172, 0.000576165323686, 0.033807517725
GO:0009890, 0.000774805682996, 0.033807517725
GO:0045919, 0.00104146318965, 0.033807517725
GO:0001886, 0.00156188962196, 0.033807517725
GO:0010605, 0.00172713727526, 0.033807517725
GO:0031324, 0.00175298240055, 0.033807517725
GO:0060426, 0.00260213242651, 0.0439109846973
ROWS: 0 1816 3970 5919 7535 9271 11146 12860 14510
COLS: 123 130 131 138 145 152
GO:0016481, 0.000391217573107, 0.0260036341699
GO:0051172, 0.000576165323686, 0.0260036341699
GO:0010556, 0.000692259128953, 0.0260036341699
GO:0009890, 0.000774805682996, 0.0260036341699
GO:0010468, 0.000843312888479, 0.0260036341699
GO:0031326, 0.00100013977577, 0.0260036341699
GO:0001886, 0.00156188962196, 0.0303850282763
GO:0010605, 0.00172713727526, 0.0303850282763
GO:0031324, 0.00175298240055, 0.0303850282763
GO:0034645, 0.00198866606579, 0.0310156939906
GO:0090304, 0.00218700406344, 0.0310156939906
GO:0060426, 0.00260213242651, 0.0338277215446
GO:0080090, 0.00286520016347, 0.0343824019616
GO:0031648, 0.00364156217086, 0.0405774070468
GO:0051155, 0.0041609722779, 0.0432741116902
GO:0051252, 0.00470788522708, 0.045901880964
GO:0006351, 0.00511304753968, 0.0469197303641
ROWS: 0 1816 5919 6725 7535 9271 11146 12860 13139
COLS: 122 123 131 139 145 152
ROWS: 0 1816 2828 4127 5919 7535 9271 11146 12860
COLS: 122 123 130 139 145 152
GO:0006178, 0.000651041666667, 0.045320473095
GO:0046098, 0.000651041666667, 0.045320473095
GO:0016481, 0.000944106545146, 0.045320473095
GO:0006168, 0.00130174420497, 0.045320473095
GO:0045964, 0.00130174420497, 0.045320473095
GO:0051172, 0.00138343229519, 0.045320473095
GO:0009890, 0.00185229863328, 0.045320473095
GO:0001886, 0.00195210774743, 0.045320473095
GO:0046100, 0.00195210774743, 0.045320473095
GO:0006166, 0.00260213242651, 0.045320473095
GO:0033240, 0.00260213242651, 0.045320473095
GO:0046083, 0.00260213242651, 0.045320473095
ROWS: 0 94 2610 4391 5415 7734 10979 11805 14510
COLS: 103 123 131 138 139 145
ROWS: 1386 2062 2349 3241 8218 9419 10318 11735 12070
COLS: 11 38 39 94 95 103
GO:0070374, 0.000328979801096, 0.0476470769916
GO:0032315, 0.00104166666667, 0.0476470769916
GO:0032859, 0.00104166666667, 0.0476470769916
GO:0033031, 0.00104166666667, 0.0476470769916
GO:0035470, 0.00104166666667, 0.0476470769916
GO:0060976, 0.00104166666667, 0.0476470769916
GO:0050731, 0.00113445421409, 0.0476470769916
ROWS: 0 63 94 374 7035 7077 12890 14140
COLS: 40 103 122 123 139 145
ROWS: 0 63 94 4391 7035 11805 14140 15592
COLS: 22 103 122 123 139 145
ROWS: 0 94 317 5371 5476 6725 7535 15500
COLS: 40 122 123 131 139 145
GO:0006368, 0.000142151610569, 0.00909732082647
GO:0006367, 0.000199941117065, 0.00909732082647
ROWS: 0 317 771 4604 5371 5476 5486 7535
COLS: 40 122 123 130 139 145
ROWS: 0 1816 2914 5919 7535 9271 11146 12860
COLS: 122 130 138 139 145 152
GO:0016481, 0.000391217573107, 0.0366741356618
GO:0051172, 0.000576165323686, 0.0366741356618
GO:0009890, 0.000774805682996, 0.0366741356618
GO:0001886, 0.00156188962196, 0.0414872501465
GO:0010605, 0.00172713727526, 0.0414872501465
GO:0031324, 0.00175298240055, 0.0414872501465
ROWS: 0 680 2828 4127 7535 12860 14461 15592
COLS: 22 122 123 139 145 152
ROWS: 0 94 2363 4391 7734 10979 11805 14575
COLS: 103 122 123 131 138 139
ROWS: 0 654 5371 7535 12860 14165 14861
COLS: 22 130 131 138 139 145
ROWS: 0 94 1030 4391 11805 14140 15592
COLS: 22 103 122 123 138 139
ROWS: 0 94 4391 5969 11805 14140 15592
COLS: 22 103 122 138 139 145
ROWS: 0 94 2865 4391 11805 14140 15592
COLS: 22 103 123 138 139 145
ROWS: 0 94 4391 11805 14140 15592
COLS: 22 103 122 123 138 139 145
ROWS: 0 2828 4127 7535 12860 14534 15748
COLS: 22 122 123 130 145 152
GO:0006178, 0.000651041666667, 0.0465492578519
GO:0046098, 0.000651041666667, 0.0465492578519
GO:0006168, 0.00130174420497, 0.0465492578519
GO:0045964, 0.00130174420497, 0.0465492578519
GO:0046100, 0.00195210774743, 0.0465492578519
GO:0006166, 0.00260213242651, 0.0465492578519
GO:0006167, 0.00260213242651, 0.0465492578519
GO:0033240, 0.00260213242651, 0.0465492578519
GO:0046083, 0.00260213242651, 0.0465492578519
ROWS: 0 7535 10982 12466 13991 14001 15748
COLS: 40 122 123 130 131 152
ROWS: 0 94 2492 4391 7734 10979 11805
COLS: 103 122 131 138 139 145
ROWS: 0 94 3970 4391 7734 10979 11805
COLS: 103 122 123 131 138 145
ROWS: 0 94 4391 7734 10979 11805
COLS: 103 122 123 131 138 139 145
ROWS: 0 971 3970 4026 7734 10979 15748
COLS: 103 122 123 130 131 145
ROWS: 419 967 6965 11295 11735 13042 13666
COLS: 12 13 52 53 113 118
ROWS: 988 2062 8398 11735 14092 14218 15127
COLS: 11 22 38 39 94 95
ROWS: 2062 5958 8247 10701 11735 14092 14218
COLS: 11 38 39 40 94 95
ROWS: 0 5931 7535 14461 15332 15748
COLS: 22 40 122 123 145 152
ROWS: 0 94 654 4391 11805 14861
COLS: 22 103 131 138 139 145
ROWS: 0 317 4386 5371 6507 7535
COLS: 40 130 131 138 139 145
ROWS: 0 94 721 7077 7340 14140
COLS: 40 103 122 123 138 145
GO:0006608, 0.000390625, 0.034375
ROWS: 0 63 94 7035 14140 15748
COLS: 22 40 103 122 123 145
ROWS: 0 94 4101 4782 5371 7535
COLS: 22 40 122 123 131 139
ROWS: 0 317 4782 5371 5476 7535
COLS: 40 122 123 130 131 139
ROWS: 0 2336 4782 5371 7535 12860
COLS: 22 122 123 130 131 139
GO:0035026, 0.000260416666667, 0.0381844966793
GO:0051365, 0.000520799420498, 0.0381844966793
GO:0043923, 0.000781148261492, 0.0381844966793
GO:0045657, 0.00104146318965, 0.0381844966793
GO:0031953, 0.00130174420497, 0.0381844966793
GO:0052472, 0.00130174420497, 0.0381844966793
GO:0046782, 0.00260264058905, 0.0493171937452
GO:0007184, 0.00286271812736, 0.0493171937452
GO:0019080, 0.00286271812736, 0.0493171937452
GO:0016925, 0.00312276175283, 0.0493171937452
GO:0048524, 0.00338277146547, 0.0493171937452
GO:0051702, 0.00364274726527, 0.0493171937452
GO:0060395, 0.00364274726527, 0.0493171937452
ROWS: 0 2336 5371 7535 12860 13572
COLS: 22 122 123 130 138 139
GO:0035026, 0.000260416666667, 0.0381844966793
GO:0051365, 0.000520799420498, 0.0381844966793
GO:0043923, 0.000781148261492, 0.0381844966793
GO:0045657, 0.00104146318965, 0.0381844966793
GO:0031953, 0.00130174420497, 0.0381844966793
GO:0052472, 0.00130174420497, 0.0381844966793
GO:0046782, 0.00260264058905, 0.0493171937452
GO:0007184, 0.00286271812736, 0.0493171937452
GO:0019080, 0.00286271812736, 0.0493171937452
GO:0016925, 0.00312276175283, 0.0493171937452
GO:0048524, 0.00338277146547, 0.0493171937452
GO:0051702, 0.00364274726527, 0.0493171937452
GO:0060395, 0.00364274726527, 0.0493171937452
ROWS: 0 94 317 5371 7535 12068
COLS: 40 123 131 138 139 145
ROWS: 0 94 317 4101 5371 7535
COLS: 40 122 123 131 138 139
ROWS: 0 284 317 771 5371 7535
COLS: 40 123 130 138 139 145
ROWS: 0 6047 7535 10982 11192 15748
COLS: 40 122 123 130 145 152
ROWS: 0 4696 7535 12860 14461 15592
COLS: 22 122 123 138 139 152
ROWS: 0 374 5732 6725 7535 14461
COLS: 40 122 123 139 145 152
GO:0009059, 0.000473812891806, 0.0445384118298
ROWS: 0 94 971 4391 11805 15748
COLS: 22 103 122 123 131 145
ROWS: 0 3970 5415 7734 10979 14510
COLS: 103 123 130 131 138 145
ROWS: 0 2363 5415 7734 10979 14510
COLS: 103 123 130 131 138 139
ROWS: 0 312 14510 15543 15587 15592
COLS: 103 123 138 139 145 152
ROWS: 36 2930 3011 3581 3719 12189
COLS: 5 19 46 47 54 59
GO:0048002, 5.60875315877e-06, 0.000102691412252
GO:0002504, 1.52289963208e-05, 0.000102691412252
GO:0019886, 1.52289963208e-05, 0.000102691412252
GO:0006955, 2.11575759251e-05, 0.000102691412252
GO:0002474, 2.23242200548e-05, 0.000102691412252
GO:0019884, 5.77345528966e-05, 0.000221315786104
GO:0006298, 0.00519884515724, 0.0170819198024
