---------------------------------------
4 83 86 115 179 192 290 299 304 348 430 537 552 559 666 793 841 898 1017 1183 1200 1204 1300 1372 1398 1425 1442 1471 1472 1473 1498 1499 1512 1513 1536 1537 1603 1646 1825 1827 1852 1853 1879 1947 2018 2019 2117 2192 2218 2219 2318 2400 2457 2572 2646 2662 2703 2728 2731 2838 2877 2881 2882 2895 2934 3077 3095 3164 3193 3312 3320 3353 3479 3494 3524 3544 3595 3680 3688 3702 3766 3809 3858 3976 3986 4009 4040 4333 4472 4506 4545 4614 4622 4713 4731 4758 4768 4776 4784 4785 4793 4797 4863 4866 4874 4901 4902 4983 5060 5077 5078 5112 5128 5138 5160 5161 5183 5301 5327 5373 5514 5578 5584 5679 5728 5805 5815 5846 5853 5854 5908 5996 6017 6074 6081 6086 6111 6143 6157 6226 6264 6266 6283 6441 6546 6580 6627 6655 6660 6678 6683 6699 6700 6727 6749 6792 6866 6867 6887 6958 6960 6969 6993 7033 7075 7077 7088 7291 7302 7312 7344 7385 7404 7430 7462 7501 7609 7624 7627 7628 7660 7677 7724 7780 7868 8143 8173 8301 8319 8335 8336 8358 8372 8417 8466 8696 8753 8770 8776 8798|61 62 64 66 93 95 119
0.761905,0.742018,0.470522,0.474828,0.477011,0.481439,0.483683,0.483683,
8
4 83 86 115 179 192 197 290 299 304 348 377 430 477 537 552 559 666 793 841 898 1017 1183 1200 1204 1300 1372 1398 1425 1442 1471 1472 1473 1498 1499 1512 1513 1536 1537 1603 1646 1825 1827 1836 1852 1853 1879 1947 2018 2019 2117 2192 2218 2219 2318 2363 2400 2457 2526 2572 2646 2662 2703 2728 2731 2838 2877 2881 2882 2895 2934 3077 3095 3164 3193 3284 3312 3320 3353 3479 3490 3494 3524 3544 3595 3680 3688 3702 3766 3789 3809 3858 3933 3957 3976 3986 4009 4040 4287 4333 4472 4495 4506 4542 4545 4614 4615 4622 4713 4722 4731 4741 4758 4768 4776 4784 4785 4793 4797 4863 4866 4874 4901 4902 4983 5060 5077 5078 5112 5128 5138 5160 5161 5183 5301 5327 5373 5476 5514 5533 5578 5584 5679 5728 5805 5815 5846 5853 5854 5908 5996 6017 6074 6081 6086 6111 6137 6143 6157 6226 6264 6266 6283 6441 6546 6580 6627 6655 6660 6678 6683 6699 6700 6727 6748 6749 6792 6866 6867 6887 6958 6960 6969 6993 7033 7075 7077 7088 7221 7263 7291 7302 7312 7344 7385 7404 7430 7462 7501 7536 7609 7624 7627 7628 7660 7677 7724 7780 7868 8143 8173 8212 8301 8319 8335 8336 8358 8372 8417 8466 8696 8753 8770 8776 8798|61 62 64 66 93 119
0.774194,0.592152,0.550062,0.554863,0.557295,0.562224,0.564721,0.362842,
8
4 83 86 115 179 290 299 348 430 537 552 559 666 793 841 898 1200 1204 1300 1372 1398 1425 1442 1471 1472 1498 1499 1513 1536 1537 1603 1825 1827 1852 1853 1879 1947 2018 2019 2117 2192 2218 2219 2400 2572 2646 2662 2703 2728 2731 2838 2877 2881 2882 2895 3077 3095 3164 3193 3320 3353 3479 3494 3544 3595 3688 3702 3809 3976 3986 4009 4040 4333 4472 4506 4545 4614 4622 4713 4731 4758 4768 4776 4784 4785 4793 4797 4863 4866 4874 4902 4983 5060 5077 5078 5112 5128 5138 5160 5161 5183 5301 5327 5373 5514 5578 5584 5679 5728 5805 5815 5846 5853 5854 5908 5996 6074 6081 6086 6143 6157 6226 6264 6266 6546 6580 6627 6655 6678 6683 6700 6727 6749 6792 6866 6867 6887 6958 6960 7077 7088 7291 7302 7344 7385 7404 7430 7462 7624 7660 7677 7724 7780 7868 8143 8173 8301 8319 8335 8336 8358 8372 8417 8696 8770 8776|61 62 64 66 93 95 97 119
0.72625,0.553333,0.651832,0.65873,0.662234,0.669355,0.672973,0.672973,
8
4 83 86 115 179 229 290 299 348 377 430 477 537 552 559 618 666 793 841 898 1131 1200 1204 1300 1372 1398 1425 1442 1471 1472 1498 1499 1513 1536 1537 1603 1825 1827 1836 1852 1853 1879 1947 2018 2019 2117 2192 2218 2219 2363 2400 2572 2646 2662 2703 2728 2731 2838 2859 2877 2881 2882 2895 2925 2974 3077 3095 3164 3182 3193 3284 3320 3352 3353 3479 3490 3494 3544 3595 3688 3702 3809 3973 3976 3986 4009 4040 4196 4333 4472 4495 4506 4542 4545 4614 4622 4713 4731 4741 4758 4768 4776 4784 4785 4793 4797 4863 4866 4874 4902 4983 5060 5077 5078 5112 5128 5138 5160 5161 5183 5301 5327 5333 5373 5407 5514 5533 5578 5584 5679 5728 5805 5815 5846 5853 5854 5908 5996 6074 6081 6086 6143 6157 6226 6264 6266 6546 6580 6627 6655 6678 6683 6700 6727 6748 6749 6792 6866 6867 6887 6958 6960 6984 7077 7088 7291 7302 7344 7385 7404 7430 7462 7624 7660 7677 7724 7780 7868 8143 8173 8212 8301 8319 8335 8336 8358 8372 8417 8696 8770 8776|62 64 66 93 97 119
0.474828,0.538741,0.673884,0.635714,0.638909,0.645395,0.648688,0.623209,0.265221,0.250836,
10
4 83 86 115 179 290 299 348 377 430 477 537 552 559 666 793 841 849 850 898 1200 1204 1300 1372 1398 1425 1442 1471 1472 1498 1499 1513 1536 1537 1603 1825 1827 1836 1852 1853 1879 1947 2018 2019 2117 2192 2218 2219 2363 2400 2572 2646 2662 2703 2728 2731 2838 2877 2881 2882 2895 3077 3095 3164 3193 3194 3284 3320 3353 3479 3490 3494 3544 3595 3612 3688 3702 3809 3967 3976 3986 4009 4040 4333 4472 4495 4506 4542 4545 4614 4622 4713 4731 4741 4758 4768 4776 4784 4785 4793 4797 4833 4863 4866 4874 4902 4983 5060 5077 5078 5112 5128 5138 5160 5161 5183 5301 5327 5373 5514 5533 5578 5584 5679 5728 5805 5815 5846 5853 5854 5908 5996 6074 6081 6086 6143 6157 6226 6264 6266 6344 6542 6546 6580 6627 6655 6678 6683 6700 6727 6748 6749 6792 6866 6867 6887 6958 6960 7077 7088 7291 7302 7335 7344 7385 7404 7430 7462 7624 7660 7677 7724 7780 7799 7868 7936 8143 8173 8212 8301 8319 8335 8336 8358 8372 8417 8696 8770 8776|61 62 64 66 93 97
0.478111,0.542683,0.6794,0.634807,0.644461,0.651061,0.654412,0.4114,
8
4 83 86 115 179 269 290 299 348 377 430 477 537 552 559 651 662 666 793 841 898 1047 1200 1204 1300 1358 1372 1398 1425 1442 1471 1472 1476 1498 1499 1513 1536 1537 1603 1825 1826 1827 1836 1852 1853 1879 1947 2018 2019 2117 2192 2218 2219 2363 2400 2572 2646 2662 2703 2728 2731 2751 2838 2877 2881 2882 2895 3077 3095 3164 3193 3284 3305 3320 3353 3479 3490 3494 3544 3595 3688 3702 3809 3976 3986 4009 4040 4333 4472 4495 4506 4542 4545 4614 4622 4713 4731 4741 4758 4768 4776 4784 4785 4793 4797 4863 4866 4874 4902 4983 5060 5077 5078 5112 5128 5138 5160 5161 5183 5301 5327 5373 5514 5533 5578 5584 5679 5728 5805 5815 5846 5853 5854 5908 5996 6074 6081 6086 6143 6157 6226 6264 6266 6546 6580 6627 6655 6678 6683 6700 6727 6748 6749 6792 6866 6867 6887 6958 6960 7077 7088 7291 7302 7344 7385 7404 7430 7462 7624 7660 7677 7724 7780 7868 8143 8173 8212 8301 8319 8335 8336 8358 8372 8417 8603 8696 8770 8776|61 62 64 93 97 119
0.479769,0.544676,0.682192,0.637536,0.643994,0.653931,0.657312,0.625,
8
4 83 86 115 179 290 299 334 348 377 430 477 537 552 559 596 666 793 841 897 898 1200 1204 1300 1372 1398 1425 1442 1471 1472 1498 1499 1513 1536 1537 1603 1825 1827 1836 1852 1853 1879 1947 2018 2019 2117 2192 2218 2219 2363 2400 2572 2628 2646 2662 2703 2728 2731 2821 2838 2877 2881 2882 2895 3077 3095 3164 3193 3284 3320 3353 3479 3490 3494 3544 3595 3688 3702 3809 3976 3986 4009 4040 4333 4472 4495 4506 4542 4545 4614 4622 4713 4731 4741 4758 4768 4776 4784 4785 4793 4797 4863 4866 4874 4902 4983 5060 5077 5078 5112 5128 5134 5138 5160 5161 5183 5301 5327 5373 5456 5514 5533 5578 5584 5679 5728 5805 5815 5846 5853 5854 5908 5996 6074 6081 6086 6143 6157 6226 6264 6266 6545 6546 6580 6627 6655 6678 6683 6700 6727 6748 6749 6792 6866 6867 6887 6958 6960 7077 7088 7291 7302 7344 7385 7404 7430 7462 7624 7660 7677 7724 7780 7868 8143 8173 8212 8301 8319 8335 8336 8358 8372 8417 8696 8770 8776|61 62 66 93 97 119
0.48312,0.548705,0.687845,0.643064,0.649635,0.652971,0.663189,0.41604,
8
4 83 86 115 179 290 299 348 377 430 477 485 537 552 559 666 792 793 841 898 1048 1200 1204 1300 1372 1398 1425 1442 1471 1472 1498 1499 1513 1536 1537 1603 1825 1827 1836 1852 1853 1879 1947 2018 2019 2117 2192 2218 2219 2363 2400 2572 2646 2662 2703 2728 2731 2838 2877 2881 2882 2895 3077 3095 3164 3193 3259 3284 3320 3353 3479 3490 3494 3544 3595 3688 3702 3809 3976 3986 4009 4040 4333 4472 4492 4495 4506 4542 4545 4614 4622 4713 4731 4741 4758 4768 4776 4784 4785 4793 4797 4863 4866 4874 4902 4930 4963 4983 5060 5077 5078 5112 5128 5138 5160 5161 5183 5301 5327 5373 5514 5533 5578 5584 5679 5728 5805 5815 5846 5853 5854 5908 5996 6074 6081 6086 6143 6157 6226 6264 6266 6546 6580 6627 6655 6678 6683 6700 6727 6748 6749 6792 6866 6867 6887 6958 6960 7077 7088 7291 7302 7344 7385 7404 7430 7462 7624 7660 7677 7724 7780 7868 8143 8173 8212 8301 8319 8335 8336 8358 8372 8417 8696 8770 8776|61 64 66 93 97 119
0.484813,0.550743,0.690707,0.645864,0.652493,0.655859,0.662695,0.41761,
8
4 83 86 115 179 229 269 290 299 348 430 537 552 559 651 662 666 793 841 898 1131 1200 1204 1300 1357 1358 1372 1398 1425 1442 1471 1472 1476 1493 1498 1499 1513 1536 1537 1603 1825 1827 1852 1853 1879 1947 2018 2019 2117 2192 2218 2219 2400 2491 2572 2646 2662 2703 2728 2731 2751 2838 2859 2877 2881 2882 2895 2925 3077 3095 3164 3182 3193 3320 3353 3479 3494 3544 3595 3688 3702 3809 3973 3976 3986 4009 4040 4196 4333 4472 4506 4545 4614 4622 4713 4731 4758 4768 4776 4784 4785 4793 4797 4863 4866 4874 4902 4983 5060 5077 5078 5112 5128 5138 5160 5161 5183 5301 5327 5333 5373 5514 5578 5584 5679 5728 5805 5815 5846 5853 5854 5908 5996 6074 6081 6086 6143 6157 6226 6264 6266 6546 6580 6627 6655 6678 6683 6700 6727 6749 6792 6866 6867 6887 6958 6960 7077 7088 7291 7302 7344 7385 7404 7430 7462 7561 7624 7660 7677 7724 7780 7868 8143 8173 8301 8319 8335 8336 8358 8372 8417 8603 8696 8770 8776|62 64 93 95 97 119
0.484813,0.347644,0.690707,0.620542,0.409371,0.623648,0.415519,0.41761,
8
4 197 290 477 552 1372 1513 1825 1836 1947 2218 2219 2457 2526 2646 2703 2877 2881 2882 3193 3353 3490 3524 3544 3688 3789 3976 4040 4722 4741 4768 4863 4866 4902 4983 5301 5327 5514 5533 5584 5728 5853 5854 5908 6086 6655 6699 6700 6792 7075 7088 7221 7385 7677 8335 8776|16 61 62 64 66 93 119
0.761905,0.617647,0.749431,0.580247,0.598698,0.609272,0.620225,0.620225,0.320611,0.518018,0.326214,0.326214,0.328947,0.256674,0.334821,0.419664,0.269231,0.26096,0.33871,0.282511,0.26087,
21
4 86 290 299 477 552 666 898 1300 1442 1947 2218 2219 2400 2526 2703 2877 3193 3353 3479 3490 3544 3789 4287 4472 4506 4542 4722 4741 4784 4866 5128 5584 5815 5908 6017 6086 6111 6137 6143 6226 6266 6441 6627 6655 6660 6749 6887 6969 7075 7088 7385 7660 8770 8798|7 61 62 64 66 93 119
0.748299,0.760369,0.760369,0.7471,0.462451,0.589633,0.534161,0.40566,0.552463,0.451866,0.552463,0.459082,0.459082,0.466531,0.474227,0.474227,0.380117,0.582393,0.48218,0.48218,0.593103,0.276106,0.280576,0.285192,0.285192,0.285192,0.310757,0.310757,0.334076,0.260417,0.340136,0.426829,0.273319,0.264831,0.344262,0.287016,0.265116,
37
4 86 290 299 477 552 666 898 1131 1300 1442 1947 2218 2219 2400 2526 2703 2859 2877 2925 3193 3352 3353 3479 3490 3544 3789 4196 4287 4472 4506 4542 4722 4741 4784 4866 4868 5128 5333 5584 5815 5908 6017 6086 6111 6137 6143 6226 6266 6441 6627 6655 6660 6749 6887 6969 6984 7075 7088 7385 7660 8770 8798|7 62 64 66 93 119
0.762125,0.571726,0.571726,0.587234,0.566524,0.472727,0.700935,0.533049,0.428287,0.550756,0.428287,0.559211,0.559211,0.34717,0.35249,0.576923,0.287293,0.449791,0.357977,0.586207,0.457447,0.339768,0.345098,0.350598,0.350598,0.350598,0.323974,0.441176,0.344828,0.272926,0.350467,0.350467,0.285714,0.273973,
34
4 197 290 477 552 1372 1513 1825 1836 1947 2218 2219 2457 2526 2646 2703 2877 2881 2882 2925 2974 3182 3193 3352 3353 3490 3524 3544 3688 3789 3976 4040 4722 4741 4768 4863 4866 4868 4902 4983 5301 5327 5333 5514 5533 5584 5728 5853 5854 5908 6086 6655 6699 6700 6792 6984 7075 7088 7221 7385 7677 8335 8776|16 62 64 66 93 119
0.774194,0.5,0.597458,0.737819,0.688525,0.475207,0.483193,0.483193,0.368852,0.388186,0.375,0.375,0.323974,0.441176,0.344828,0.272926,0.350467,0.350467,0.285714,0.273973,
20
4 290 552 1372 1513 1825 1947 2218 2219 2646 2703 2877 2881 2882 3193 3353 3544 3688 3976 4040 4768 4863 4866 4902 4983 5301 5327 5514 5584 5728 5853 5854 5908 6086 6655 6700 6792 7088 7385 7677 8335 8776|16 61 62 64 66 93 95 97 119
0.583333,0.444444,0.794326,0.616352,0.666667,0.680556,0.695035,0.695035,0.583333,0.595745,0.595745,0.595745,0.271552,0.271552,0.338824,0.346988,0.409091,0.304348,0.261501,0.261501,
20
4 290 477 552 1372 1513 1825 1836 1947 2218 2219 2646 2703 2877 2881 2882 3193 3353 3490 3544 3688 3976 4040 4741 4768 4863 4866 4902 4983 5301 5327 5514 5533 5584 5728 5853 5854 5908 6086 6655 6700 6792 7088 7385 7677 8335 8776|16 61 62 64 66 93 97 119
0.734375,0.559524,0.803828,0.775943,0.526096,0.53617,0.546638,0.546638,0.447761,0.456522,0.456522,0.456522,0.264706,0.269807,0.340278,0.340278,0.423174,0.293023,0.349515,0.298578,0.252336,
21
4 86 290 299 477 552 596 666 897 898 1300 1442 1947 2218 2219 2400 2526 2703 2877 3193 3353 3402 3479 3490 3544 3789 4287 4472 4506 4542 4722 4741 4784 4866 5128 5584 5815 5908 6017 6086 6111 6137 6143 6226 6266 6441 6556 6627 6655 6660 6749 6887 6969 7075 7088 7385 7656 7660 7748 8592 8770 8798|7 61 62 66 93 119
0.772834,0.570539,0.578947,0.594828,0.367232,0.478528,0.419922,0.308244,0.433468,0.505263,0.433468,0.345865,0.345865,0.520607,0.356589,0.356589,0.290503,0.647482,0.536913,0.362205,0.463362,0.296578,0.296578,0.320988,0.320988,0.313175,0.271739,0.433915,0.35545,0.338785,0.289655,0.255814,0.291262,
33
4 86 290 299 477 485 552 666 898 1300 1442 1947 2218 2219 2400 2526 2703 2877 3193 3259 3353 3479 3490 3544 3789 4178 4287 4472 4492 4506 4542 4722 4741 4784 4866 4930 4963 5128 5584 5815 5908 6017 6086 6111 6137 6143 6226 6266 6441 6627 6655 6660 6749 6887 6969 7075 7088 7385 7660 8739 8770 8798|7 61 64 66 93 119
0.772834,0.570539,0.578947,0.594828,0.367232,0.478528,0.419922,0.505263,0.685714,0.340741,0.433468,0.548246,0.345865,0.556793,0.565611,0.356589,0.439331,0.455508,0.362205,0.362205,0.463362,0.320611,0.330709,0.330709,0.358974,0.358974,0.271739,0.286976,0.276549,0.35545,0.29148,0.289655,0.255814,
33
4 290 477 552 1372 1513 1825 1836 1947 2218 2219 2646 2703 2877 2881 2882 2925 2974 3182 3193 3352 3353 3490 3544 3688 3976 4040 4741 4768 4863 4866 4902 4983 5301 5327 5333 5514 5533 5584 5728 5853 5854 5908 6086 6655 6700 6792 6984 7088 7385 7677 8335 8776|16 62 64 66 93 97 119
0.576687,0.721088,0.646154,0.787081,0.252101,0.604027,0.415842,0.423387,0.423387,0.513699,0.340081,0.523256,0.523256,0.251004,0.344828,0.26824,0.281879,0.441919,0.277778,0.355932,0.282805,0.340633,0.296471,0.299043,0.299043,0.299043,
26
4 86 290 299 552 666 898 1300 1442 1947 2218 2219 2400 2703 2877 3193 3353 3479 3544 4472 4506 4784 4866 5128 5584 5815 5908 6017 6086 6111 6143 6226 6266 6441 6627 6655 6660 6749 6887 6969 7075 7088 7385 7660 8770 8798|7 61 62 64 66 93 95 119
0.731818,0.547619,0.556452,0.556452,0.605322,0.766585,0.464286,0.35009,0.481481,0.616071,0.481481,0.627273,0.627273,0.638889,0.650943,0.650943,0.509804,0.509804,0.663462,0.663462,0.52,0.380859,0.387674,0.394737,0.394737,0.394737,0.434298,0.434298,0.302273,0.291667,0.298578,0.356436,0.265116,0.336709,0.28934,
35
4 86 290 299 552 666 898 1131 1300 1442 1947 2218 2219 2400 2703 2859 2877 2925 3193 3353 3479 3544 4196 4472 4506 4784 4866 5128 5333 5584 5815 5908 6086 6143 6226 6266 6627 6655 6749 6887 7088 7385 7660 8770|7 62 64 66 93 95 97 119
0.439024,0.52381,0.327731,0.327731,0.602649,0.797954,0.77,0.589286,0.497872,0.589286,0.497872,0.6,0.6,0.372849,0.379377,0.622642,0.528217,0.528217,0.386139,0.634615,0.539171,0.647059,0.66,0.673469,0.673469,0.673469,0.450346,0.450346,0.26087,0.336538,0.302885,0.430108,0.371134,0.295567,0.302267,0.267327,0.252525,
37
4 86 290 299 552 666 898 1300 1442 1947 2218 2219 2400 2703 2877 3193 3353 3479 3544 4472 4506 4784 4866 5128 5584 5815 5908 6086 6143 6226 6266 6627 6655 6749 6887 7088 7385 7660 8770|7 61 62 64 66 93 95 97 119
0.551515,0.412698,0.419355,0.419355,0.753623,0.787879,0.606667,0.464286,0.631944,0.464286,0.631944,0.472727,0.472727,0.481481,0.490566,0.490566,0.674074,0.674074,0.5,0.5,0.689394,0.509804,0.52,0.530612,0.530612,0.530612,0.590909,0.590909,0.28833,0.28833,0.361809,0.371134,0.439024,0.253521,0.253521,0.259615,0.325581,0.279793,0.279793,
39
4 86 290 299 477 552 666 898 1131 1300 1442 1947 2218 2219 2400 2703 2859 2877 2925 3193 3352 3353 3479 3490 3544 4196 4472 4506 4542 4741 4784 4866 5128 5333 5584 5815 5908 6086 6143 6226 6266 6627 6655 6749 6887 6984 7088 7385 7660 8770|7 62 64 66 93 97 119
0.528689,0.680272,0.395948,0.395948,0.250836,0.478528,0.781726,0.63785,0.765306,0.597222,0.45082,0.597222,0.458333,0.458333,0.280072,0.284672,0.474138,0.40795,0.632353,0.289425,0.482456,0.645,0.491071,0.5,0.509259,0.509259,0.509259,0.334047,0.334047,0.262055,0.362319,0.280899,0.295775,0.466667,0.291375,0.375,0.296912,0.358974,0.311881,0.253012,0.314861,0.314861,0.314861,
43
4 290 552 1372 1513 1825 1947 2218 2219 2457 2646 2703 2877 2881 2882 2925 3182 3193 3353 3524 3544 3688 3976 4040 4768 4863 4866 4902 4983 5301 5327 5333 5514 5584 5728 5853 5854 5908 6086 6655 6699 6700 6792 7075 7088 7385 7677 8335 8776|16 62 64 66 93 95 119
0.589744,0.666667,0.688525,0.53617,0.59867,0.683168,0.69697,0.69697,0.54878,0.582278,0.559701,0.559701,0.289655,0.263279,0.28169,0.254717,0.365535,0.31738,0.325581,0.256098,0.293814,0.277778,
22
4 86 290 299 477 485 552 666 898 1131 1300 1442 1947 2218 2219 2400 2703 2859 2877 2925 3193 3259 3352 3353 3479 3490 3544 4196 4213 4472 4492 4506 4542 4741 4784 4866 4930 4963 5128 5333 5584 5815 5908 6086 6143 6226 6266 6627 6655 6749 6887 6984 7088 7385 7660 8770|7 64 66 93 97 119
0.416667,0.52521,0.301754,0.49896,0.380117,0.622642,0.516556,0.777202,0.75,0.341085,0.467391,0.53653,0.346457,0.328125,0.333333,0.357724,0.475113,0.493119,0.363636,0.502336,0.573171,0.376068,0.593434,0.593434,0.382609,0.388889,0.388889,0.294811,0.328467,0.388601,0.34005,0.315789,0.30303,0.264706,0.279188,0.365854,0.365854,
37
4 86 290 299 477 485 552 666 898 1300 1442 1947 2218 2219 2400 2703 2877 3193 3259 3353 3479 3490 3544 4472 4492 4506 4542 4741 4784 4866 4930 4963 5128 5584 5815 5908 6086 6143 6226 6266 6627 6655 6749 6887 7088 7385 7660 8770|7 61 64 66 93 97 119
0.544304,0.400372,0.406427,0.663594,0.492632,0.512035,0.65942,0.59447,0.734694,0.278075,0.617225,0.4375,0.282609,0.444915,0.452586,0.292135,0.628429,0.654822,0.297143,0.297143,0.668394,0.46875,0.307692,0.486111,0.486111,0.313253,0.535714,0.535714,0.305825,0.305825,0.252294,0.388889,0.265356,0.323077,0.353887,0.272277,0.272277,
37
4 86 290 299 552 666 898 902 1131 1300 1442 1947 2218 2219 2400 2703 2859 2877 2925 3193 3353 3479 3544 3768 3833 4196 4472 4506 4784 4866 5128 5333 5584 5815 5908 6017 6086 6111 6143 6226 6266 6441 6627 6655 6660 6749 6887 6969 7075 7088 7385 7660 7748 8592 8770 8798|7 62 66 93 95 119
0.461847,0.542553,0.49896,0.333333,0.64486,0.622642,0.516556,0.468085,0.341085,0.295455,0.295455,0.615942,0.615942,0.564706,0.383333,0.6375,0.311377,0.423913,0.583942,0.648855,0.317073,0.369748,0.376068,0.551471,0.382609,0.551471,0.346667,0.346667,0.262582,0.30303,0.264706,0.4,0.315789,0.251256,0.319149,
35
4 86 290 299 477 552 666 898 1300 1442 1947 2218 2219 2400 2703 2877 3193 3353 3479 3490 3544 3967 4472 4506 4542 4741 4784 4866 5128 5584 5815 5908 6086 6143 6226 6266 6344 6542 6627 6655 6749 6887 7088 7385 7660 7799 7936 8770|7 61 62 64 66 93 97
0.544304,0.400372,0.406427,0.406427,0.492632,0.512035,0.65942,0.59447,0.446985,0.617225,0.278075,0.282609,0.4375,0.287293,0.452586,0.292135,0.628429,0.654822,0.460526,0.297143,0.668394,0.46875,0.477273,0.313253,0.313253,0.313253,0.344371,0.344371,0.305825,0.305825,0.388889,0.265356,0.323077,0.261845,0.255474,0.255474,0.277045,
37
4 290 552 1372 1513 1825 1947 2218 2219 2457 2646 2702 2703 2877 2881 2882 3193 3353 3524 3544 3688 3976 4040 4768 4863 4866 4902 4983 5301 5327 5514 5584 5728 5853 5854 5908 6086 6655 6699 6700 6792 7075 7088 7385 7591 7677 8335 8776|16 61 62 64 93 95 119
0.598698,0.445736,0.7,0.544276,0.407767,0.681481,0.709512,0.709512,0.495283,0.592784,0.366013,0.504808,0.267606,0.258993,0.265356,0.323077,0.299213,0.314917,
18
4 86 290 299 485 552 666 898 1131 1300 1442 1947 2218 2219 2400 2703 2859 2877 2925 3193 3259 3353 3479 3544 4196 4472 4506 4784 4866 4963 5128 5333 5584 5815 5908 6017 6086 6111 6143 6226 6266 6441 6627 6655 6660 6749 6887 6969 7075 7088 7385 7660 8739 8770 8798|7 64 66 93 95 119
0.46748,0.549569,0.336996,0.539957,0.654028,0.631579,0.52349,0.474138,0.535308,0.456522,0.614458,0.298851,0.625,0.614251,0.625,0.647208,0.481651,0.315152,0.39485,0.658915,0.320988,0.581683,0.380952,0.602564,0.602564,0.387665,0.394366,0.394366,0.307692,0.268657,0.266497,
31
4 86 290 299 552 666 898 1131 1300 1442 1947 2218 2219 2400 2703 2859 2877 2925 3193 3353 3479 3544 4196 4472 4506 4784 4866 5128 5333 5584 5815 5908 6017 6086 6111 6143 6226 6266 6344 6441 6542 6627 6655 6660 6749 6887 6969 7075 7088 7385 7660 7749 7936 8770 8798|7 62 64 66 93 95
0.46748,0.549569,0.336996,0.336996,0.654028,0.631579,0.52349,0.474138,0.345098,0.298851,0.614458,0.456522,0.625,0.381743,0.603448,0.647208,0.481651,0.315152,0.614035,0.658915,0.320988,0.581683,0.59194,0.387665,0.387665,0.387665,0.307692,0.268657,0.266497,0.254011,0.288462,
31
4 290 552 1372 1513 1825 1947 2218 2219 2457 2458 2646 2703 2877 2881 2882 3193 3353 3524 3544 3688 3976 4040 4768 4863 4866 4902 4983 5301 5327 5514 5584 5728 5853 5854 5908 6086 6655 6699 6700 6792 7075 7088 7385 7677 8335 8776|16 61 62 64 66 95 119
0.60793,0.451866,0.711864,0.552632,0.413386,0.693467,0.707692,0.722513,0.364425,0.603675,0.371681,0.371681,0.272076,0.263415,0.27,0.328982,0.304813,0.255376,
18
4 290 552 1372 1513 1825 1947 2218 2219 2457 2646 2703 2877 2881 2882 3193 3353 3524 3544 3688 3976 4040 4768 4863 4866 4902 4983 5301 5327 5514 5584 5728 5853 5854 5908 6086 6655 6699 6700 6792 7075 7088 7385 7677 8335 8592 8776|16 61 62 66 93 95 119
0.60793,0.451866,0.711864,0.552632,0.413386,0.693467,0.707692,0.722513,0.503597,0.603675,0.371681,0.371681,0.285714,0.272076,0.263415,0.27,0.328982,0.315789,0.401146,0.255376,0.269542,
21
4 86 290 299 485 552 666 898 1300 1442 1947 2218 2219 2400 2703 2877 3193 3259 3353 3479 3495 3544 4472 4506 4784 4866 4963 5128 5584 5815 5908 6017 6086 6111 6143 6226 6266 6441 6627 6655 6660 6749 6887 6969 7074 7075 7088 7385 7660 7748 8592 8739 8770 8798|7 61 66 93 95 119
0.473251,0.335766,0.511727,0.547046,0.663462,0.403727,0.530612,0.292135,0.325581,0.462555,0.562061,0.302326,0.612745,0.380165,0.634518,0.393162,0.488372,0.435268,0.601504,0.4,0.325,0.352941,0.526961,0.365217,0.32636,0.576408,0.576408,0.260664,0.272727,0.253807,0.32967,0.258152,0.3125,
33
4 86 290 299 485 552 666 898 1300 1442 1947 2218 2219 2400 2703 2877 3193 3259 3353 3479 3544 4472 4506 4784 4866 4963 5128 5584 5815 5908 6017 6086 6111 6143 6226 6266 6344 6441 6542 6627 6655 6660 6749 6887 6969 7075 7088 7385 7660 7936 8739 8770 8798|7 61 64 66 93 95
0.479167,0.339483,0.344569,0.554324,0.673171,0.408805,0.537931,0.295455,0.329412,0.46875,0.378601,0.46875,0.621891,0.60049,0.632911,0.398268,0.743802,0.322981,0.633075,0.405286,0.329114,0.556931,0.363636,0.370044,0.370044,0.405797,0.405797,0.276923,0.262431,
29
4 86 290 299 552 666 898 1131 1300 1442 1947 2218 2219 2400 2491 2703 2859 2877 2925 3193 3353 3479 3544 4196 4472 4506 4784 4866 5128 5333 5584 5815 5908 6017 6086 6111 6143 6226 6266 6441 6627 6655 6660 6749 6887 6969 7075 7088 7385 7561 7660 8770 8798|7 62 64 93 95 119
0.479167,0.564159,0.344569,0.344569,0.673171,0.650246,0.537931,0.486726,0.353414,0.305882,0.632754,0.305882,0.643939,0.643939,0.391489,0.398268,0.322981,0.322981,0.405286,0.68,0.449309,0.384279,0.588235,0.39819,0.598958,0.598958,0.361111,0.31746,0.276923,0.274869,0.294118,0.280749,0.262431,0.317919,
34
4 86 290 299 485 552 666 898 1300 1442 1947 2218 2219 2400 2703 2877 3193 3259 3353 3479 3544 4472 4506 4784 4866 4963 5128 5584 5815 5908 6086 6143 6226 6266 6344 6542 6627 6655 6749 6887 7088 7385 7660 7936 8770|7 61 64 66 93 95 97
0.365854,0.258706,0.262626,0.407767,0.515419,0.536697,0.694656,0.39959,0.449679,0.623762,0.288889,0.623762,0.457516,0.457516,0.465632,0.727763,0.304094,0.440181,0.482759,0.309524,0.449309,0.756303,0.501193,0.510949,0.510949,0.327044,0.566038,0.566038,0.272727,0.279793,0.341463,
31
4 86 290 299 477 552 596 666 897 898 1300 1442 1947 2218 2219 2400 2703 2877 3193 3353 3479 3490 3544 4472 4506 4542 4741 4784 4866 5128 5584 5815 5908 6086 6143 6226 6266 6627 6655 6749 6887 7088 7385 7660 8770|7 61 62 66 93 97 119
0.569536,0.416667,0.62212,0.423228,0.515419,0.536697,0.694656,0.624697,0.467391,0.649874,0.39959,0.649874,0.293785,0.293785,0.413136,0.304094,0.304094,0.440181,0.427632,0.309524,0.706849,0.315152,0.320988,0.451389,0.327044,0.451389,0.497449,0.497449,0.336735,0.322251,0.322251,0.260047,0.26506,0.411765,0.27027,0.279793,0.341463,0.375,0.287206,0.294278,0.31339,
41
4 86 290 299 552 666 898 1300 1442 1947 2218 2219 2400 2703 2877 3193 3353 3479 3544 4472 4506 4784 4866 5128 5584 5815 5908 6017 6086 6111 6143 6226 6266 6344 6418 6441 6542 6627 6655 6660 6749 6887 6969 7075 7088 7385 7660 7748 7936 8592 8770 8798|7 61 62 66 93 95
0.485232,0.343284,0.525164,0.348485,0.683168,0.414013,0.545455,0.298851,0.309524,0.578313,0.475113,0.389831,0.609453,0.598504,0.631443,0.403509,0.502392,0.447248,0.410714,0.333333,0.362069,0.368421,0.334764,0.334764,0.366197,0.366197,0.28125,0.26178,0.340909,0.266854,
30
4 86 290 299 552 666 898 1131 1300 1442 1709 1947 2218 2219 2400 2703 2859 2877 2925 3193 3353 3479 3544 4196 4472 4506 4784 4866 5128 5333 5584 5815 5908 6017 6086 6111 6143 6226 6266 6441 6627 6655 6660 6749 6887 6969 7075 7088 7385 7660 8770 8798|7 62 64 66 95 119
0.485232,0.571749,0.348485,0.348485,0.683168,0.66,0.545455,0.493274,0.357724,0.309524,0.642317,0.309524,0.653846,0.653846,0.396552,0.403509,0.678191,0.327044,0.327044,0.410714,0.333333,0.389381,0.396396,0.40367,0.40367,0.40367,0.366197,0.251613,0.322581,0.28125,0.279255,0.253333,
32
4 86 290 299 477 552 666 898 1300 1442 1947 2218 2219 2400 2703 2877 3193 3305 3353 3479 3490 3544 4472 4506 4542 4741 4784 4866 5128 5584 5815 5908 6086 6143 6226 6266 6627 6655 6749 6887 7088 7385 7660 8770|7 61 62 64 93 97 119
0.578475,0.422397,0.429142,0.429142,0.52349,0.545455,0.707254,0.635468,0.474614,0.661538,0.292683,0.661538,0.29771,0.29771,0.302913,0.3083,0.426696,0.447248,0.704918,0.313883,0.313883,0.319672,0.450346,0.331915,0.458824,0.458824,0.367059,0.506494,0.251196,0.328125,0.328125,0.42,0.257985,0.28496,0.348066,0.281501,0.274151,0.299145,0.251397,0.251397,
40
4 86 290 299 485 552 666 898 1131 1300 1442 1947 2218 2219 2400 2703 2859 2877 2925 3181 3193 3259 3353 3479 3544 4196 4472 4506 4784 4866 4963 5128 5333 5584 5815 5908 6086 6143 6226 6266 6344 6542 6627 6655 6749 6887 7088 7385 7660 7936 8770|7 64 66 93 95 97
0.278075,0.324723,0.307692,0.403727,0.670051,0.553191,0.5,0.566265,0.481651,0.36214,0.481651,0.57598,0.57598,0.348548,0.554187,0.380952,0.769231,0.33121,0.360515,0.387665,0.337662,0.630027,0.642077,0.642077,0.409302,0.41791,0.41791,0.327869,0.285714,0.28,
30
4 86 290 299 552 666 898 1131 1300 1442 1947 2218 2219 2400 2491 2703 2859 2877 2925 3193 3353 3479 3544 3847 4196 4472 4506 4784 4866 5128 5333 5584 5815 5908 6086 6143 6226 6266 6344 6542 6627 6655 6749 6887 7088 7385 7561 7660 7936 8770|7 62 64 93 95 97
0.281081,0.328358,0.408805,0.680412,0.561151,0.506912,0.366667,0.317073,0.366667,0.488372,0.372881,0.584577,0.358974,0.583756,0.517241,0.335484,0.365217,0.392857,0.46875,0.628342,0.415094,0.628415,0.628415,0.258278,0.376812,0.333333,0.290323,0.294944,0.257143,0.314371,
30
4 86 290 299 485 552 666 898 1131 1300 1442 1947 2218 2219 2400 2703 2859 2877 2925 3193 3259 3353 3479 3495 3544 3833 4196 4472 4506 4784 4866 4963 5128 5333 5584 5815 5908 6086 6143 6226 6266 6627 6655 6749 6887 7088 7385 7660 8770|7 66 93 95 97 119
0.284153,0.332075,0.282609,0.314607,0.414013,0.691099,0.569343,0.514019,0.583127,0.495283,0.542169,0.320988,0.593434,0.377682,0.520581,0.363636,0.391111,0.525,0.466507,0.330508,0.39819,0.346667,0.638587,0.413146,0.663842,0.614754,0.626822,0.626822,0.252525,0.268542,0.338983,0.295082,0.274725,0.256757,0.280899,0.281065,
36
4 86 290 299 485 552 666 898 1131 1300 1442 1947 2218 2219 2400 2491 2703 2859 2877 2925 3193 3259 3353 3479 3544 4196 4472 4506 4784 4866 4963 5128 5333 5584 5815 5908 6086 6143 6226 6266 6627 6655 6749 6887 7088 7385 7561 7660 8770|7 64 93 95 97 119
0.284153,0.332075,0.314607,0.414013,0.691099,0.569343,0.514019,0.583127,0.495283,0.371308,0.320988,0.593434,0.377682,0.357447,0.363636,0.592784,0.525,0.339869,0.39819,0.47561,0.638587,0.626703,0.663842,0.638889,0.430769,0.601719,0.252525,0.338983,0.295082,0.289256,0.3,0.261628,
32
4 86 290 299 552 666 898 1131 1300 1442 1947 2218 2219 2400 2491 2703 2859 2877 2925 3193 3353 3479 3544 3833 4196 4472 4506 4784 4866 5128 5333 5584 5815 5908 6086 6143 6226 6266 6627 6655 6749 6887 7088 7385 7539 7561 7660 8296 8770|7 62 93 95 97 119
0.284153,0.332075,0.282609,0.414013,0.691099,0.569343,0.514019,0.371308,0.320988,0.542169,0.320988,0.377682,0.377682,0.319672,0.592784,0.339869,0.466507,0.330508,0.39819,0.47561,0.40553,0.626703,0.614754,0.638889,0.382353,0.554017,0.252525,0.30914,0.338983,0.295082,0.274725,0.334302,0.435331,0.281065,
34
4 290 552 1372 1513 1825 1947 2218 2219 2491 2646 2703 2877 2881 2882 2925 3182 3193 3353 3544 3688 3976 4040 4768 4863 4866 4902 4983 5301 5327 5333 5514 5584 5728 5853 5854 5908 6086 6655 6700 6792 7088 7385 7539 7677 8296 8335 8776|16 62 93 95 97 119
0.314607,0.34749,0.608696,0.460526,0.511364,0.551471,0.502392,0.370861,0.512195,0.28,0.461538,0.676471,0.25641,0.314208,0.344828,0.3,0.27933,0.340237,0.44373,0.252101,0.286145,
21
4 290 552 1372 1513 1825 1947 2218 2219 2457 2646 2703 2877 2881 2882 3193 3353 3524 3544 3688 3976 4040 4768 4863 4866 4902 4983 5301 5327 5514 5570 5584 5728 5853 5854 5908 6086 6655 6699 6700 6792 7075 7088 7385 7677 8335 8776|16 61 64 66 93 95
0.50885,0.363636,0.617647,0.466667,0.335329,0.580808,0.592784,0.605263,0.605263,0.278146,0.610795,0.41791,0.305085,0.275362,0.291411,
15
4 290 552 1372 1513 1825 1947 2218 2219 2646 2703 2877 2881 2882 2925 3181 3182 3193 3353 3544 3688 3976 4040 4768 4863 4866 4902 4983 5301 5327 5333 5514 5570 5584 5728 5853 5854 5908 6086 6655 6700 6792 7088 7385 7677 8335 8776|16 64 66 93 95 97
0.318182,0.351562,0.617647,0.466667,0.518433,0.559701,0.368421,0.375839,0.375839,0.459184,0.610795,0.661765,0.260417,0.350877,0.305085,0.299145,
16
4 290 552 1372 1513 1825 1947 2218 2219 2491 2568 2646 2703 2877 2881 2882 2925 3182 3193 3353 3544 3688 3976 4040 4768 4863 4866 4902 4983 5301 5327 5333 5514 5584 5728 5853 5854 5908 6086 6655 6700 6792 7088 7385 7677 8335 8776|16 64 93 95 97 119
0.318182,0.351562,0.617647,0.466667,0.518433,0.559701,0.509709,0.375839,0.375839,0.674487,0.41791,0.661765,0.260417,0.350877,0.305085,0.299145,0.310651,0.271084,
18
4 86 290 299 485 552 666 898 1300 1442 1947 2218 2219 2400 2703 2877 3193 3217 3259 3353 3479 3495 3544 4472 4506 4784 4866 4963 5128 5584 5815 5908 6086 6143 6226 6266 6627 6655 6749 6887 7088 7385 7660 8770|7 61 66 95 97 119
0.300578,0.298851,0.333333,0.442177,0.460993,0.614173,0.329114,0.368421,0.532995,0.329114,0.342105,0.375,0.561358,0.388889,0.567568,0.502577,0.352941,0.352941,0.371429,0.403846,0.617816,0.42,0.373206,0.686901,0.255682,0.321429,0.279412,0.27027,0.308442,
29
4 86 290 299 485 552 666 898 1300 1442 1947 2218 2219 2400 2703 2877 3193 3259 3353 3479 3495 3544 4472 4506 4784 4866 4963 5128 5584 5815 5908 6086 6143 6226 6266 6627 6655 6749 6887 7088 7385 7539 7660 8770|7 61 93 95 97 119
0.300578,0.298851,0.333333,0.442177,0.460993,0.614173,0.329114,0.368421,0.532995,0.329114,0.342105,0.375,0.561358,0.388889,0.346667,0.567568,0.502577,0.352941,0.513158,0.403846,0.366197,0.617816,0.59322,0.546448,0.686901,0.255682,0.321429,0.279412,0.286145,0.27027,0.422535,0.328947,
32
4 290 477 552 596 902 1947 2218 2219 2526 2637 2703 2877 2925 3193 3352 3353 3402 3490 3544 3768 3789 3923 4722 4741 4866 4868 5333 5584 5908 6086 6556 6655 6984 7075 7088 7385 8592|7 16 62 66 93 119
0.307377,0.307377,0.297741,0.262605,0.252632,0.697674,0.526316,0.677043,0.539568,0.539568,0.510563,0.467128,0.43299,0.478723,0.416667,0.36,0.571429,0.384615,0.517241,0.33557,0.33557,0.441176,0.344828,0.447761,0.309859,0.263889,0.277778,0.297872,
28
4 290 477 552 1947 2218 2219 2526 2703 2877 2925 3193 3352 3353 3490 3544 3789 4722 4741 4866 4868 5333 5584 5908 6086 6655 6984 7075 7088 7385|7 16 62 64 66 93 119
0.311203,0.316456,0.408163,0.408163,0.260331,0.327511,0.258621,0.345622,0.277533,0.259875,0.676692,0.756303,0.56391,0.744681,0.744681,0.420875,0.432526,0.583333,0.44484,0.56,0.477273,0.496063,0.381818,0.486381,0.486381,0.486381,0.379061,0.3663,0.447059,0.307692,0.375494,0.261818,0.273381,0.428571,
34
4 290 477 552 1947 2218 2219 2526 2703 2877 2925 3193 3352 3353 3490 3544 3789 4213 4492 4722 4741 4866 4868 4965 5022 5333 5584 5908 6086 6655 6984 7075 7088 7385|7 16 64 66 93 119
0.254065,0.323276,0.323276,0.27027,0.262605,0.276549,0.311778,0.519031,0.769231,0.440141,0.590551,0.590551,0.467626,0.509434,0.47191,0.33557,0.454545,0.391304,0.391791,0.419847,0.364964,0.56962,0.56962,0.289655,0.280702,0.355805,0.287879,0.266667,0.281481,0.325581,
30
4 290 477 552 596 1947 2218 2219 2526 2703 2877 3193 3353 3402 3490 3544 3789 4722 4741 4866 5584 5908 6086 6556 6655 7075 7088 7385 8592|7 16 61 62 66 93 119
0.315789,0.321199,0.264151,0.400922,0.273973,0.323529,0.654135,0.561798,0.419463,0.767544,0.451613,0.753247,0.363036,0.6,0.372881,0.394161,0.490272,0.472441,0.55,0.405904,0.278146,0.278146,0.361011,0.321429,0.627803,0.460251,0.386179,0.355731,0.408163,0.280443,
30
4 290 477 552 1947 2218 2219 2526 2703 2877 3193 3353 3490 3544 3789 4722 4741 4866 5584 5908 6086 6655 7075 7088 7385|7 16 61 62 64 66 93 119
0.390625,0.397727,0.297619,0.297619,0.265823,0.323789,0.302419,0.302419,0.288503,0.283784,0.2625,0.272727,0.272727,0.289655,0.295775,0.493421,0.729167,0.551471,0.75431,0.574219,0.568182,0.33123,0.760181,0.340909,0.496063,0.610169,0.435115,0.512195,0.373665,0.373665,0.373665,0.329861,0.321429,0.585903,0.428571,0.504425,0.36,0.376984,0.376984,
39
4 290 477 552 1947 2218 2219 2703 2877 2925 3193 3352 3353 3490 3544 4741 4866 5333 5584 5908 6086 6655 6984 7088 7385|7 16 62 64 66 93 97 119
0.297619,0.297619,0.265823,0.323789,0.412736,0.321839,0.283784,0.4375,0.250522,0.334821,0.272727,0.272727,0.289655,0.295775,0.493421,0.729167,0.551471,0.43299,0.574219,0.322086,0.585938,0.760181,0.604839,0.727273,0.610169,0.472441,0.512195,0.669643,0.669643,0.669643,0.357143,0.489796,0.428571,0.428571,0.36,0.36,0.258993,0.409836,
38
4 290 477 552 596 1947 2218 2219 2526 2703 2877 3193 3353 3402 3490 3495 3544 3789 4492 4669 4722 4741 4866 5584 5908 6086 6556 6655 7074 7075 7088 7385 8592|7 16 61 66 93 119
0.253036,0.257202,0.317287,0.273684,0.259434,0.50173,0.437063,0.46595,0.76652,0.604839,0.357143,0.433213,0.482759,0.283871,0.314685,0.4,0.373134,0.648649,0.307692,0.307692,0.307692,0.275862,0.504202,0.346457,0.294574,0.392562,0.486726,
27
4 290 477 552 596 1947 2218 2219 2637 2703 2877 2925 3193 3348 3352 3353 3490 3495 3544 4213 4219 4492 4741 4866 5333 5584 5908 6086 6655 6984 7088 7385|7 16 66 93 97 119
0.269397,0.284091,0.320665,0.263158,0.257353,0.457627,0.446429,0.505618,0.37931,0.364583,0.619835,0.431655,0.494118,0.54878,0.47619,0.409091,0.381679,0.666667,0.6,0.6,0.6,0.28169,0.393701,0.344828,0.354839,0.402542,0.294574,
27
4 290 477 552 1947 2218 2219 2703 2877 3193 3353 3490 3544 4741 4866 5584 5908 6086 6655 7088 7385|7 16 61 62 64 66 93 97 119
0.291667,0.29697,0.32287,0.397163,0.308176,0.259794,0.270968,0.346154,0.326667,0.340278,0.340278,0.362963,0.371212,0.368421,0.544444,0.411765,0.563218,0.746667,0.746667,0.424242,0.4375,0.451613,0.637168,0.782609,0.409091,0.680556,0.5,0.5,0.5,0.307167,0.425197,0.56,0.583333,0.482143,0.482143,0.355731,0.355731,
37
4 290 477 552 596 1947 2218 2219 2491 2637 2703 2877 2925 3193 3352 3353 3490 3544 4514 4741 4866 5333 5584 5908 6086 6655 6984 7088 7385 7539 8296|7 16 62 93 97 119
0.272926,0.288018,0.26699,0.256098,0.294872,0.300261,0.467128,0.456204,0.328947,0.387324,0.37234,0.635593,0.280255,0.546559,0.506024,0.487805,0.418605,0.390625,0.45082,0.616438,0.577778,0.390625,0.487288,0.660287,0.352941,0.534884,0.285714,0.413043,0.301587,0.35,
30
4 290 552 1947 2218 2219 2703 2877 2925 3193 3353 3544 4866 5333 5584 5908 6086 6655 7088 7385|7 16 62 64 66 93 95 97 119
0.329519,0.259259,0.293501,0.264706,0.40404,0.353808,0.311111,0.31746,0.251572,0.25641,0.261438,0.266667,0.272109,0.272109,0.272109,0.277778,0.283688,0.283688,0.350877,0.518519,0.392157,0.354098,0.473684,0.711111,0.261628,0.416667,0.634361,0.430108,0.818182,0.648148,0.423529,0.47619,0.47619,0.47619,0.493827,0.676329,0.583333,0.354331,0.502326,0.502326,0.368852,0.57971,
42
4 290 552 1947 2218 2219 2703 2877 3193 3353 3544 4866 5584 5908 6086 6655 7088 7385|7 16 61 62 64 66 93 95 97 119
0.385714,0.306383,0.313043,0.327273,0.415385,0.252,0.257143,0.2625,0.2625,0.2625,0.268085,0.268085,0.28,0.28,0.286364,0.284211,0.42,0.317647,0.434483,0.576,0.576,0.327273,0.3375,0.771429,0.348387,0.81,0.525,0.525,0.385714,0.385714,0.385714,0.4,0.547826,0.72,0.45,0.63,0.63,0.469565,0.469565,
39
4 290 552 902 1947 2218 2219 2703 2877 2925 3193 3353 3544 3768 4866 5333 5584 5908 6086 6655 7075 7088 7385 8592|7 16 62 66 93 95 119
0.255034,0.28436,0.251748,0.305825,0.367347,0.297767,0.541353,0.484615,0.360825,0.46332,0.44186,0.478088,0.344828,0.35461,0.433735,0.364964,0.673077,0.567568,0.354331,0.4,0.291971,0.291971,0.761905,0.56872,0.744681,0.285714,0.450237,0.412844,0.47619,0.517241,
30
4 290 477 552 596 1947 2218 2219 2703 2877 3193 3353 3490 3495 3544 4492 4741 4866 5584 5908 6086 6655 7088 7385|7 16 61 66 93 97 119
0.285068,0.251748,0.332494,0.353887,0.254237,0.348101,0.365854,0.387324,0.538776,0.516393,0.516393,0.623377,0.642857,0.7,0.423077,0.451883,0.567568,0.354331,0.466102,0.466102,0.466102,0.258065,0.367347,0.490909,0.539216,0.309013,0.587629,0.437788,
28
4 290 477 552 596 1947 2218 2219 2637 2703 2877 2925 3193 3352 3353 3490 3544 4583 4741 4866 5333 5584 5908 6086 6655 6984 7088 7385|7 16 62 66 93 97
0.284091,0.300481,0.279188,0.498155,0.488281,0.34965,0.413534,0.397727,0.688073,0.297297,0.58952,0.545455,0.608108,0.526316,0.45,0.420168,0.486726,0.420168,0.586854,0.307692,0.434783,0.379747,0.583756,0.307692,0.307692,0.350877,
26
4 290 477 552 1947 2218 2219 2491 2703 2877 2925 3193 3352 3353 3490 3544 4213 4492 4741 4866 5333 5584 5908 6086 6655 6984 7088 7385|7 16 64 93 97 119
0.284091,0.300481,0.34005,0.263158,0.267857,0.273438,0.283784,0.314465,0.488281,0.555556,0.282828,0.397727,0.688073,0.297297,0.58952,0.545455,0.570175,0.526316,0.45,0.310078,0.486726,0.420168,0.671642,0.330709,0.46875,0.285714,0.365217,0.307692,0.412844,0.3,0.378378,
31
4 290 477 552 1947 2218 2219 2703 2877 2925 3181 3193 3352 3353 3490 3544 4213 4492 4741 4866 5333 5584 5908 6086 6655 6984 7088 7385|7 16 64 66 93 97
0.284091,0.300481,0.34005,0.263158,0.263819,0.283784,0.314465,0.488281,0.555556,0.282828,0.397727,0.688073,0.297297,0.58952,0.545455,0.381679,0.526316,0.45,0.310078,0.486726,0.586854,0.671642,0.321285,0.285714,0.365217,0.307692,0.307692,0.350877,
28
4 290 552 902 1947 2218 2219 2491 2703 2877 2925 3193 3353 3544 3768 4866 5333 5584 5908 6086 6655 7075 7088 7385 7539 8296 8592|7 16 62 93 95 119
0.293399,0.275,0.314208,0.320334,0.424028,0.383212,0.276316,0.367647,0.351852,0.378788,0.264901,0.272109,0.346154,0.479167,0.540541,0.461538,0.774194,0.272727,0.305344,0.328125,0.745946,0.594059,0.322034,0.461165,0.461165,0.535714,0.578947,
27
4 290 552 1947 2218 2219 2491 2703 2877 2925 3193 3353 3544 4866 5333 5584 5908 6086 6655 7088 7385 7539 8296|7 16 62 93 95 97 119
0.289157,0.255924,0.254854,0.259901,0.402332,0.410714,0.270619,0.251323,0.309598,0.348432,0.308219,0.322581,0.491803,0.363636,0.446281,0.635945,0.696517,0.586047,0.566038,0.364372,0.411523,0.444915,0.299625,0.730159,0.507042,0.43578,0.42654,0.609626,0.452381,0.535714,
30
4 290 552 1947 2218 2219 2703 2877 3193 3353 3544 4866 5584 5908 6086 6655 7075 7088 7385 8592|7 16 61 62 66 93 95 119
0.290323,0.315914,0.311881,0.255034,0.267857,0.260274,0.265734,0.37234,0.277778,0.257757,0.288462,0.394737,0.413043,0.305466,0.603448,0.573276,0.412214,0.454545,0.299003,0.5625,0.308219,0.588785,0.734694,0.729167,0.469565,0.339623,0.555556,0.488688,0.393013,0.612903,0.556701,0.652174,0.448113,
33
4 290 477 552 596 1947 2218 2219 2703 2877 3193 3353 3490 3544 4583 4741 4866 5584 5908 6086 6655 7088 7385 7539|7 16 61 62 93 97
0.2625,0.297297,0.285326,0.282051,0.297872,0.454545,0.4375,0.4375,0.323529,0.333333,0.608696,0.518018,0.387931,0.5,0.292683,0.544554,0.572139,0.352941,0.352941,0.31405,0.448113,0.422535,0.463918,0.505319,0.361905,0.333333,
26
4 290 552 1947 2218 2219 2703 2877 3193 3353 3544 4866 5584 5908 6086 6655 7075 7088 7385 7709|7 16 61 62 64 93 95
0.25058,0.272076,0.269327,0.292308,0.347985,0.359848,0.495652,0.348837,0.255034,0.488688,0.250871,0.511848,0.649485,0.43379,0.293878,0.276923,0.276923,0.276923,0.429864,0.414747,0.616216,0.441176,0.473684,0.502646,0.745342,
25
4 290 552 1947 2218 2219 2703 2877 3193 3353 3495 3544 4866 5584 5908 6086 6655 7088 7385 7539|7 16 61 93 95 97 119
0.25058,0.269327,0.266106,0.38961,0.332103,0.348837,0.348837,0.35316,0.363985,0.488688,0.375494,0.511848,0.649485,0.39823,0.575758,0.276923,0.381356,0.276923,0.429864,0.6,0.5625,0.482234,0.473684,0.745342,0.334884,
25
4 290 552 1947 2218 2219 2703 2877 3193 3353 3495 3544 4866 5584 5908 6086 6655 7074 7075 7088 7385 7539 8592|7 16 61 93 95 119
0.255102,0.287206,0.307692,0.251572,0.263889,0.260274,0.403226,0.386179,0.264706,0.466102,0.275362,0.381356,0.283582,0.39823,0.514286,0.480769,0.443925,0.288,0.525,0.461165,0.674157,0.358491,0.521978,0.759494,0.372549,
25
4 290 552 1947 2218 2219 2491 2703 2877 2925 3193 3353 3544 4866 5333 5584 5908 6086 6655 7075 7088 7385 7709|7 16 62 64 93 95
0.261194,0.265152,0.292553,0.290859,0.269231,0.42,0.3,0.272401,0.386179,0.416667,0.381356,0.328125,0.606061,0.514286,0.519802,0.336134,0.362069,0.336134,0.56701,0.541237,0.472637,0.330275,0.759494,0.352941,0.372549,
25
4 1048 2218 2572 4614 5160 5161 5301 6792 7677 8071|57 61 64 66 93 95 119
0.49505,0.367347,
2
0 1158 2502 3089 3116 3678 3902 4258 5015 6724 6934 7543|0 2 3 5 38 111

0
4 1048 1358 2218 2572 3834 4614 5160 5161 5301 6792 7677|57 61 93 95 97 119
0.510204,0.382979,
2
0 110 1019 1038 1111 1143 2780 4981 6533 8636|0 2 3 5 38 121

0
4 2218 2572 2788 4614 5160 5161 5301 6792 7677|57 62 66 93 97 119
0.363636,0.367347,
2
4 879 984 1181 1224 1985 2618 7875|31 52 54 73 74 104

0
4 205 232 1224 2717 5243 6929 8439|27 30 31 52 73 104

0
0 1790 2408 4961 6967 8298|0 2 3 38 111 121

0
