GDS589 Spectral
26 1188 1359 1372 1442 1716 1766 1769 1904 1925 2042 2043 2201 2346 2359 2414 2716 2781 2851 2924 3167 3225 3282 3312 3320 3484 3488 3491 3714 3989 4319 5095 5272 5514 5536 5565 5656 5679 6361 6475 6942 7157 7330 7873 7874 7891 7964 7965 7981 8025 8046 8047 8048 8241 8242 8248 8249 8259 8334 8335 8410 8483 8484 8493 8742 | 4 5 6 7 30 58 59
GDS589 Spectral
26 1188 1359 1372 1442 1716 1766 1769 1904 1925 2042 2043 2201 2346 2359 2414 2716 2781 2851 2924 3167 3225 3282 3312 3320 3484 3488 3491 3714 3989 4319 5095 5272 5514 5536 5565 5656 5679 6361 6475 6942 7157 7330 7873 7874 7891 7964 7965 7981 8025 8046 8047 8048 8241 8242 8248 8249 8259 8334 8335 8410 8483 8484 8493 8742 | 0 1 2 3 31 35 60 114 120
GDS589 Spectral
26 1188 1359 1372 1442 1716 1766 1769 1904 1925 2042 2043 2201 2346 2359 2414 2716 2781 2851 2924 3167 3225 3282 3312 3320 3484 3488 3491 3714 3989 4319 5095 5272 5514 5536 5565 5656 5679 6361 6475 6942 7157 7330 7873 7874 7891 7964 7965 7981 8025 8046 8047 8048 8241 8242 8248 8249 8259 8334 8335 8410 8483 8484 8493 8742 | 28 29 32 33 34 38 39 61 62 63 64 65 66 67 68 84 85 93 94 95 96 97 98 111 112 115 116 117 118 119
GDS589 Spectral
26 1188 1359 1372 1442 1716 1766 1769 1904 1925 2042 2043 2201 2346 2359 2414 2716 2781 2851 2924 3167 3225 3282 3312 3320 3484 3488 3491 3714 3989 4319 5095 5272 5514 5536 5565 5656 5679 6361 6475 6942 7157 7330 7873 7874 7891 7964 7965 7981 8025 8046 8047 8048 8241 8242 8248 8249 8259 8334 8335 8410 8483 8484 8493 8742 | 36 37 40 41 42 43 44 45 46 47 48 49 50 51 52 53 54 55 56 57 69 70 71 72 73 74 75 76 77 78 79 80 81 82 83 86 87 88 89 90 91 92 99 100 101 102 103 104 105 106 107 108 109 110 113 121
GDS589 Spectral
26 1188 1359 1372 1442 1716 1766 1769 1904 1925 2042 2043 2201 2346 2359 2414 2716 2781 2851 2924 3167 3225 3282 3312 3320 3484 3488 3491 3714 3989 4319 5095 5272 5514 5536 5565 5656 5679 6361 6475 6942 7157 7330 7873 7874 7891 7964 7965 7981 8025 8046 8047 8048 8241 8242 8248 8249 8259 8334 8335 8410 8483 8484 8493 8742 | 0 2 3 28 31 32 33 34 67 68
GDS589 Spectral
26 1188 1359 1372 1442 1716 1766 1769 1904 1925 2042 2043 2201 2346 2359 2414 2716 2781 2851 2924 3167 3225 3282 3312 3320 3484 3488 3491 3714 3989 4319 5095 5272 5514 5536 5565 5656 5679 6361 6475 6942 7157 7330 7873 7874 7891 7964 7965 7981 8025 8046 8047 8048 8241 8242 8248 8249 8259 8334 8335 8410 8483 8484 8493 8742 | 12 15 16 17 18 19 20 21 24 25 36 37 42 43 47 48 50 51 55 56 69 70 71 72 73 74 75 76 80 83 84 85 86 87 88 89 97 102 110 113 119
GDS589 Spectral
26 1188 1359 1372 1442 1716 1766 1769 1904 1925 2042 2043 2201 2346 2359 2414 2716 2781 2851 2924 3167 3225 3282 3312 3320 3484 3488 3491 3714 3989 4319 5095 5272 5514 5536 5565 5656 5679 6361 6475 6942 7157 7330 7873 7874 7891 7964 7965 7981 8025 8046 8047 8048 8241 8242 8248 8249 8259 8334 8335 8410 8483 8484 8493 8742 | 8 9 14 22 23 44 45 46 49 52 53 54 61 62 63 64 65 66 77 78 79 81 82 90 91 92 93 94 95 96 98 99 100 101 103 104 105 106 107 108 109 115 116 117 118 121
GDS589 Spectral
26 1188 1359 1372 1442 1716 1766 1769 1904 1925 2042 2043 2201 2346 2359 2414 2716 2781 2851 2924 3167 3225 3282 3312 3320 3484 3488 3491 3714 3989 4319 5095 5272 5514 5536 5565 5656 5679 6361 6475 6942 7157 7330 7873 7874 7891 7964 7965 7981 8025 8046 8047 8048 8241 8242 8248 8249 8259 8334 8335 8410 8483 8484 8493 8742 | 26 27 30 35 58 59 60 114
GDS589 Spectral
26 1188 1359 1372 1442 1716 1766 1769 1904 1925 2042 2043 2201 2346 2359 2414 2716 2781 2851 2924 3167 3225 3282 3312 3320 3484 3488 3491 3714 3989 4319 5095 5272 5514 5536 5565 5656 5679 6361 6475 6942 7157 7330 7873 7874 7891 7964 7965 7981 8025 8046 8047 8048 8241 8242 8248 8249 8259 8334 8335 8410 8483 8484 8493 8742 | 1 4 5 6 7 29 38 39 40 41
GDS589 Spectral
26 1188 1359 1372 1442 1716 1766 1769 1904 1925 2042 2043 2201 2346 2359 2414 2716 2781 2851 2924 3167 3225 3282 3312 3320 3484 3488 3491 3714 3989 4319 5095 5272 5514 5536 5565 5656 5679 6361 6475 6942 7157 7330 7873 7874 7891 7964 7965 7981 8025 8046 8047 8048 8241 8242 8248 8249 8259 8334 8335 8410 8483 8484 8493 8742 | 0 1 2 4 5 8 9 26 27 28 29 30 35 38 39 40 58 59 60 61 62 63 64 65 66 93 94 95 96 97 98 114 115 116 117 118 119
GDS589 Spectral
26 1188 1359 1372 1442 1716 1766 1769 1904 1925 2042 2043 2201 2346 2359 2414 2716 2781 2851 2924 3167 3225 3282 3312 3320 3484 3488 3491 3714 3989 4319 5095 5272 5514 5536 5565 5656 5679 6361 6475 6942 7157 7330 7873 7874 7891 7964 7965 7981 8025 8046 8047 8048 8241 8242 8248 8249 8259 8334 8335 8410 8483 8484 8493 8742 | 14 15 18 19 20 21 22 23
GDS589 Spectral
26 1188 1359 1372 1442 1716 1766 1769 1904 1925 2042 2043 2201 2346 2359 2414 2716 2781 2851 2924 3167 3225 3282 3312 3320 3484 3488 3491 3714 3989 4319 5095 5272 5514 5536 5565 5656 5679 6361 6475 6942 7157 7330 7873 7874 7891 7964 7965 7981 8025 8046 8047 8048 8241 8242 8248 8249 8259 8334 8335 8410 8483 8484 8493 8742 | 3 6 7 16 17 24 25 31 32 33 34 36 37 41 42 43 44 45 46 47 48 49 50 51 52 53 54 55 56 57 67 68 69 70 71 72 73 74 75 76 77 78 79 80 81 82 83 84 85 86 87 88 89 90 91 92 99 100 101 102 103 104 105 106 107 108 109 110 111 112 113 120 121
GDS589 Spectral
26 1188 1359 1372 1442 1716 1766 1904 1925 2042 2043 2201 2346 2359 2414 2716 2781 2851 2924 3167 3225 3282 3312 3320 3484 3488 3491 3714 3989 4319 5095 5272 5514 5536 5565 5656 5679 6361 6475 6942 7157 7330 7873 7874 7891 7964 7965 7981 8025 8046 8047 8048 8241 8242 8248 8249 8259 8334 8335 8410 8483 8484 8493 8742 | 0 2 3 28 31 32 33 34 67 68
GDS589 Spectral
26 1188 1359 1372 1442 1716 1766 1904 1925 2042 2043 2201 2346 2359 2414 2716 2781 2851 2924 3167 3225 3282 3312 3320 3484 3488 3491 3714 3989 4319 5095 5272 5514 5536 5565 5656 5679 6361 6475 6942 7157 7330 7873 7874 7891 7964 7965 7981 8025 8046 8047 8048 8241 8242 8248 8249 8259 8334 8335 8410 8483 8484 8493 8742 | 12 15 16 17 18 19 20 21 24 25 36 37 42 43 47 48 50 51 55 56 69 70 71 72 73 74 75 76 80 83 84 85 86 87 88 89 97 102 110 113 119
GDS589 Spectral
26 1188 1359 1372 1442 1716 1766 1904 1925 2042 2043 2201 2346 2359 2414 2716 2781 2851 2924 3167 3225 3282 3312 3320 3484 3488 3491 3714 3989 4319 5095 5272 5514 5536 5565 5656 5679 6361 6475 6942 7157 7330 7873 7874 7891 7964 7965 7981 8025 8046 8047 8048 8241 8242 8248 8249 8259 8334 8335 8410 8483 8484 8493 8742 | 8 9 14 22 23 44 45 46 49 52 53 54 61 62 63 64 65 66 77 78 79 81 82 90 91 92 93 94 95 96 98 99 100 101 103 104 105 106 107 108 109 115 116 117 118 121
GDS589 Spectral
26 1188 1359 1372 1442 1716 1766 1904 1925 2042 2043 2201 2346 2359 2414 2716 2781 2851 2924 3167 3225 3282 3312 3320 3484 3488 3491 3714 3989 4319 5095 5272 5514 5536 5565 5656 5679 6361 6475 6942 7157 7330 7873 7874 7891 7964 7965 7981 8025 8046 8047 8048 8241 8242 8248 8249 8259 8334 8335 8410 8483 8484 8493 8742 | 26 27 30 35 58 59 60 114
GDS589 Spectral
26 1188 1359 1372 1442 1716 1766 1904 1925 2042 2043 2201 2346 2359 2414 2716 2781 2851 2924 3167 3225 3282 3312 3320 3484 3488 3491 3714 3989 4319 5095 5272 5514 5536 5565 5656 5679 6361 6475 6942 7157 7330 7873 7874 7891 7964 7965 7981 8025 8046 8047 8048 8241 8242 8248 8249 8259 8334 8335 8410 8483 8484 8493 8742 | 1 4 5 6 7 29 38 39 40 41
GDS589 Spectral
26 1188 1359 1372 1442 1716 1766 1904 1925 2042 2043 2201 2346 2359 2414 2716 2781 2851 2924 3167 3225 3282 3312 3320 3484 3488 3491 3714 3989 4319 5095 5272 5514 5536 5565 5656 5679 6361 6475 6942 7157 7330 7873 7874 7891 7964 7965 7981 8025 8046 8047 8048 8241 8242 8248 8249 8259 8334 8335 8410 8483 8484 8493 8742 | 0 1 2 4 5 8 9 26 27 28 29 30 35 38 39 40 58 59 60 61 62 63 64 65 66 93 94 95 96 97 98 114 115 116 117 118 119
GDS589 Spectral
26 1188 1359 1372 1442 1716 1766 1904 1925 2042 2043 2201 2346 2359 2414 2716 2781 2851 2924 3167 3225 3282 3312 3320 3484 3488 3491 3714 3989 4319 5095 5272 5514 5536 5565 5656 5679 6361 6475 6942 7157 7330 7873 7874 7891 7964 7965 7981 8025 8046 8047 8048 8241 8242 8248 8249 8259 8334 8335 8410 8483 8484 8493 8742 | 14 15 18 19 20 21 22 23
GDS589 Spectral
26 1188 1359 1372 1442 1716 1766 1904 1925 2042 2043 2201 2346 2359 2414 2716 2781 2851 2924 3167 3225 3282 3312 3320 3484 3488 3491 3714 3989 4319 5095 5272 5514 5536 5565 5656 5679 6361 6475 6942 7157 7330 7873 7874 7891 7964 7965 7981 8025 8046 8047 8048 8241 8242 8248 8249 8259 8334 8335 8410 8483 8484 8493 8742 | 3 6 7 16 17 24 25 31 32 33 34 36 37 41 42 43 44 45 46 47 48 49 50 51 52 53 54 55 56 57 67 68 69 70 71 72 73 74 75 76 77 78 79 80 81 82 83 84 85 86 87 88 89 90 91 92 99 100 101 102 103 104 105 106 107 108 109 110 111 112 113 120 121
GDS589 Spectral
12 16 27 46 179 195 290 294 381 550 606 627 777 778 856 893 976 978 980 1145 1174 1197 1201 1207 1283 1314 1375 1441 1536 1537 1579 1580 1583 1644 1659 1661 1664 1769 1787 1788 1820 1825 1844 1846 1848 1874 1887 1888 1943 1958 1959 1960 1969 2018 2054 2084 2146 2373 2374 2452 2466 2505 2529 2568 2569 2604 2616 2636 2762 2763 2975 3039 3095 3098 3099 3159 3183 3203 3206 3218 3229 3246 3247 3262 3294 3300 3319 3331 3332 3369 3375 3376 3377 3392 3449 3498 3499 3574 3702 3715 3906 3961 3962 4168 4253 4254 4274 4283 4284 4347 4398 4399 4439 4485 4622 4656 4695 4713 4722 4813 4939 4940 5050 5160 5161 5183 5324 5339 5398 5399 5413 5499 5524 5528 5538 5541 5607 5630 5657 5666 5702 5710 5718 5834 5915 5962 6002 6029 6061 6074 6187 6220 6251 6383 6384 6601 6602 6614 6704 6943 6964 6993 6994 7011 7112 7229 7327 7416 7507 7666 7667 7677 7678 7755 7878 7923 7966 8071 8084 8085 8150 8177 8246 8247 8336 8358 8370 8388 8393 8560 8669 8731 | 3 6 7 16 17 24 25 31 32 33 34 36 37 41 42 43 44 45 46 47 48 49 50 51 52 53 54 55 56 57 67 68 69 70 71 72 73 74 75 76 77 78 79 80 81 82 83 84 85 86 87 88 89 90 91 92 99 100 101 102 103 104 105 106 107 108 109 110 111 112 113 120 121
GDS589 Spectral
26 1188 1359 1372 1442 1716 1766 1769 1904 1925 2042 2043 2201 2346 2359 2414 2716 2781 2851 2924 3167 3225 3282 3312 3320 3484 3488 3491 3714 3989 4319 5095 5272 5514 5536 5565 5656 5679 6361 6475 6942 7157 7330 7873 7874 7891 7964 7965 7981 8025 8046 8047 8048 8241 8242 8248 8249 8259 8334 8335 8410 8483 8484 8493 8742 | 0 1 2 4 5 8 9 26 27 28 29 30 35 38 39 40 58 59 60 61 62 63 64 65 66 93 94 95 96 97 98 114 115 116 117 118 119
GDS589 Spectral
26 1188 1359 1372 1442 1716 1766 1769 1904 1925 2042 2043 2201 2346 2359 2414 2716 2781 2851 2924 3167 3225 3282 3312 3320 3484 3488 3491 3714 3989 4319 5095 5272 5514 5536 5565 5656 5679 6361 6475 6942 7157 7330 7873 7874 7891 7964 7965 7981 8025 8046 8047 8048 8241 8242 8248 8249 8259 8334 8335 8410 8483 8484 8493 8742 | 14 15 18 19 20 21 22 23
GDS589 Spectral
26 1188 1359 1372 1442 1716 1766 1769 1904 1925 2042 2043 2201 2346 2359 2414 2716 2781 2851 2924 3167 3225 3282 3312 3320 3484 3488 3491 3714 3989 4319 5095 5272 5514 5536 5565 5656 5679 6361 6475 6942 7157 7330 7873 7874 7891 7964 7965 7981 8025 8046 8047 8048 8241 8242 8248 8249 8259 8334 8335 8410 8483 8484 8493 8742 | 3 6 7 16 17 24 25 31 32 33 34 36 37 41 42 43 44 45 46 47 48 49 50 51 52 53 54 55 56 57 67 68 69 70 71 72 73 74 75 76 77 78 79 80 81 82 83 84 85 86 87 88 89 90 91 92 99 100 101 102 103 104 105 106 107 108 109 110 111 112 113 120 121
GDS589 Spectral
200 432 481 715 1259 1558 1911 1957 2026 2027 2112 2131 2368 2372 2375 2467 2468 2469 2470 2471 2472 2473 2477 2570 2586 2712 2760 2784 2806 2976 3024 3041 3434 3637 3675 3706 3746 3778 3862 3869 4023 4155 4373 4580 4620 4694 4871 5013 5072 5218 5292 5316 5490 5503 5678 5739 5748 5769 5826 5839 5840 5841 5874 5875 6681 6769 6809 6842 6997 7062 7092 7317 7393 7411 7586 7663 7697 7860 7875 7881 7912 8013 8017 8118 8220 8285 8365 8395 8465 | 0 1 2 4 5 8 9 26 27 28 29 30 35 38 39 40 58 59 60 61 62 63 64 65 66 93 94 95 96 97 98 114 115 116 117 118 119
GDS589 Spectral
200 432 481 715 1259 1558 1911 1957 2026 2027 2112 2131 2368 2372 2375 2467 2468 2469 2470 2471 2472 2473 2477 2570 2586 2712 2760 2784 2806 2976 3024 3041 3434 3637 3675 3706 3746 3778 3862 3869 4023 4155 4373 4580 4620 4694 4871 5013 5072 5218 5292 5316 5490 5503 5678 5739 5748 5769 5826 5839 5840 5841 5874 5875 6681 6769 6809 6842 6997 7062 7092 7317 7393 7411 7586 7663 7697 7860 7875 7881 7912 8013 8017 8118 8220 8285 8365 8395 8465 | 3 6 7 16 17 24 25 31 32 33 34 36 37 41 42 43 44 45 46 47 48 49 50 51 52 53 54 55 56 57 67 68 69 70 71 72 73 74 75 76 77 78 79 80 81 82 83 84 85 86 87 88 89 90 91 92 99 100 101 102 103 104 105 106 107 108 109 110 111 112 113 120 121