GDS589 Plaid
1317 1921 2446 3065 3650 3651 3699 4377 4505 5288 5372 5534 5640 5706 5816 7940 8008 8124 8208 8282 8283 8576 | 14 15 16 17 18 19 20 21 22 23 24 25 111 112 120
GDS589 Plaid
599 1296 1351 1741 1743 1886 2027 2585 2636 2738 2787 2868 3282 4527 4528 5098 5159 5278 5328 5445 5509 5752 5828 5829 6043 6624 6777 6904 7002 7179 7917 7957 8027 8152 | 4 5 6 7 8 10 12 14 15 16 17 18 19 20 21 22 23 24 25 26 27 34 58 59
GDS589 Plaid
1740 1741 4527 4528 5159 5278 5509 5752 8027 | 28 29 32 33 55 56 57 68 72 83 86 88 110 111 112 113
GDS589 Plaid
1372 4168 5659 6851 | 10 11 12 13 14 15 17 20 21 120
GDS589 Plaid
90 91 120 230 273 320 376 448 459 479 480 481 592 600 676 794 815 938 1051 1081 1082 1104 1139 1146 1169 1181 1184 1246 1284 1295 1350 1380 1382 1399 1481 1546 1591 1623 1638 1669 1677 1711 1770 1801 1827 1879 1990 2012 2026 2112 2120 2165 2205 2379 2380 2406 2434 2435 2443 2450 2540 2560 2572 2586 2658 2665 2788 2818 2872 2937 3001 3028 3133 3140 3228 3299 3446 3537 3549 3746 3851 3867 3903 3949 3958 4112 4128 4230 4246 4299 4316 4403 4444 4481 4614 4616 4832 4904 4979 5003 5032 5057 5222 5229 5345 5350 5475 5481 5487 5490 5497 5590 5689 5703 5718 5769 5771 5783 5786 5790 6239 6426 6486 6497 6511 6549 6583 6602 6615 6616 6629 6649 6661 6669 6670 6681 6736 6831 6900 6905 6962 7042 7076 7168 7200 7238 7257 7350 7359 7377 7463 7537 7546 7547 7716 7717 7774 7834 7875 7912 7913 7924 7953 7973 7974 8064 8111 8210 8261 8284 8356 8358 8361 8409 8419 8480 8556 8605 8657 8663 | 8 9 10 11 12 13 14 15 16 17 18 19 20 21 22 23 24 25 26 27
GDS589 Plaid
1197 1201 2146 2529 2569 3609 3662 4000 4604 5242 5607 5648 5653 8030 8241 | 0 1 2 3 4 6 7 10 11 12 13 18 19 22 23 24 25 26 27 58 59 60 114