ROWS: 270 311 322 582 885 1185 1952 2051 2374 2536 2712 3160 3306 3867 4066 4319 5129 5215 5361 5530 5764 5998 6362 7478 7528 8054 8072 8732 8776 9914 10372 10868 10898 10919 10978 11064 11152 11782 12041 12529 12530
COLS: 56 71 98
ROWS: 563 4912 6631 9626 11057 11848
COLS: 3 17 20 23 29
ROWS: 211 7095 9067 9844 10272
COLS: 3 4 5 20 73
ROWS: 6694 8151 9877 10927
COLS: 1 5 6 20 54 75
ROWS: 1221 3234 3902 4786 4849 6700 9769 10153
COLS: 1 6 8
ROWS: 4685 6591 8328 10846
COLS: 39 54 70 73 75 76
ROWS: 492 8182 9056 9506
COLS: 1 2 25 73 75 97
ROWS: 2326 2581 6707 6982 9846 10370
COLS: 6 21 25 26
ROWS: 6211 7408 11084
COLS: 4 5 8 10 23 53 76
GO:0048240, 0.000388450084164, 0.0132073028616
GO:0051068, 0.000388450084164, 0.0132073028616
GO:0009106, 0.000776799559656, 0.0176074566855
GO:0006085, 0.00349242993983, 0.0474970471818
GO:0010510, 0.00349242993983, 0.0474970471818
GO:0051193, 0.00426741959886, 0.0483640887871
GO:0006103, 0.00504200734442, 0.0489794999172
ROWS: 3266 7790 10531
COLS: 0 9 17 23 24 54 70
ROWS: 1110 2181 3870 4307 9068 9082 9503
COLS: 51 76 98
ROWS: 5137 7812 8117
COLS: 7 21 22 24 54 75 86
ROWS: 2085 4922 5887 10216
COLS: 1 3 7 23 27
GO:0010766, 0.000517933445552, 0.0233809955421
GO:0010768, 0.000517933445552, 0.0233809955421
GO:0019089, 0.000517933445552, 0.0233809955421
GO:0044111, 0.000517933445552, 0.0233809955421
GO:0051821, 0.000517933445552, 0.0233809955421
GO:0070104, 0.000517933445552, 0.0233809955421
GO:0070106, 0.000517933445552, 0.0233809955421
GO:0010613, 0.00155319673674, 0.0389380553266
GO:0030948, 0.00155319673674, 0.0389380553266
GO:0042511, 0.00155319673674, 0.0389380553266
GO:0050847, 0.00155319673674, 0.0389380553266
GO:0070120, 0.00155319673674, 0.0389380553266
GO:0006642, 0.00207052668662, 0.0389380553266
GO:0034644, 0.00207052668662, 0.0389380553266
GO:0048861, 0.00207052668662, 0.0389380553266
GO:0006622, 0.0025876555755, 0.0389380553266
GO:0042517, 0.0025876555755, 0.0389380553266
GO:0042921, 0.0025876555755, 0.0389380553266
GO:0043618, 0.0025876555755, 0.0389380553266
GO:0048711, 0.0025876555755, 0.0389380553266
GO:0051481, 0.0025876555755, 0.0389380553266
GO:0032801, 0.00310458345548, 0.0426542770405
GO:0048268, 0.00310458345548, 0.0426542770405
GO:0071478, 0.00362131037866, 0.0476805866524
GO:0006897, 0.00410050426179, 0.0498425611163
GO:0014743, 0.00413783639713, 0.0498425611163
GO:0023056, 0.00425869984222, 0.0498425611163
ROWS: 2687 4922 5307 6525 6930
COLS: 6 11 25 54
ROWS: 563 3461 7364 8732 9114
COLS: 14 53 82 97
