ROWS: 146 159 184 185 220 270 274 308 309 311 352 365 369 371 380 565 582 757 911 973 994 1062 1095 1132 1136 1173 1240 1292 1302 1315 1372 1420 1498 1522 1523 1555 1578 1606 1607 1715 1719 1735 1755 1781 1788 1789 1971 1989 1994 2001 2108 2162 2343 2353 2385 2418 2527 2633 2711 2808 2879 2891 3000 3043 3069 3087 3123 3160 3194 3201 3231 3484 3548 3659 3749 3804 3899 3930 4007 4036 4047 4054 4066 4090 4180 4497 4532 4568 4605 4763 4781 4907 4952 4995 5081 5126 5133 5165 5169 5173 5186 5428 5443 5524 5543 5644 5927 6154 6298 6299 6349 6350 6356 6436 6453 6493 6500 6501 6506 6591 6597 6795 6807 6905 6909 6955 6960 7126 7198 7244 7428 7430 7521 7528 7565 7573 7669 7723 7825 7863 7945 8054 8085 8111 8328 8605 8651 8670 8672 8769 8872 8900 8980 9264 9274 9285 9294 9343 9559 9587 9642 9751 9903 9922 9933 9995 10057 10065 10260 10315 10352 10376 10417 10490 10620 10631 10635 10653 10715 10836 10846 10987 11064 11136 11152 11223 11337 11364 11425 11445 11451 11473 11601 11628 11639 11645 11648 11670 11689 11691 11726 11773 11840 11951 11983 12136 12161 12241 12253 12259 12288 12289 12292 12321 12337 12408 12426 12485
COLS: 0 1 2 3 4 5 6 7 8 9 10 11 12 13 14 15 16 17 18 19 20 21 22 23 24 25 26 27 28 29 30 31 32 34 35 36 37 38 39 40 41 42 43 46 47 48 49 50 51 52 53 54 55 57 58 59 60 61 62 63 64 65 66 67 68 69 70 71 72 73 74 75 76 77 78 79 80 81 82 83 84 85 86 87 88 89 90 91 92 93 95 96 97 99 100 101 102 103 104 105 106 107 108 109
ROWS: 146 159 184 185 220 270 274 308 309 311 352 365 369 371 380 565 582 757 911 973 994 1062 1095 1132 1136 1240 1292 1302 1315 1372 1420 1498 1522 1523 1555 1578 1606 1607 1715 1719 1735 1755 1781 1788 1789 1971 1989 1994 2001 2108 2162 2343 2353 2385 2418 2633 2711 2808 2879 2891 3000 3043 3069 3087 3123 3160 3194 3201 3231 3484 3548 3659 3749 3804 3899 3930 4007 4036 4047 4054 4066 4090 4180 4497 4532 4568 4605 4763 4781 4907 4952 4995 5081 5126 5133 5165 5169 5173 5186 5428 5443 5524 5543 5644 5927 6154 6298 6299 6349 6350 6356 6436 6453 6493 6500 6501 6506 6591 6597 6795 6807 6905 6909 6960 7126 7198 7244 7428 7430 7478 7521 7528 7565 7573 7669 7723 7825 7863 7945 8054 8085 8111 8328 8605 8651 8670 8672 8769 8872 8900 8980 9264 9274 9285 9294 9343 9559 9587 9642 9751 9903 9922 9933 9995 10057 10065 10260 10315 10352 10376 10417 10490 10620 10631 10635 10653 10715 10836 10846 10860 10987 11064 11136 11152 11223 11337 11364 11425 11445 11451 11473 11601 11628 11639 11645 11648 11670 11689 11726 11773 11840 11951 11983 12136 12161 12241 12253 12259 12288 12289 12292 12321 12337 12408 12426 12485
COLS: 0 1 2 3 4 5 6 7 8 9 10 11 12 13 14 15 16 17 18 19 20 21 22 23 24 25 26 27 28 29 30 31 32 34 35 36 37 38 39 40 41 42 43 46 47 48 49 50 51 52 53 54 55 57 58 59 60 61 62 63 64 65 66 67 68 69 70 71 72 73 74 75 76 77 78 79 80 81 82 83 84 85 86 87 88 89 90 91 92 93 95 96 97 99 100 101 102 103 104 105 106 107 108 109
ROWS: 146 159 184 185 220 270 274 308 309 311 352 365 369 371 380 565 582 757 911 973 1062 1095 1132 1136 1240 1292 1302 1315 1372 1420 1498 1522 1523 1555 1578 1606 1607 1715 1719 1735 1755 1781 1788 1789 1971 1989 1994 2001 2108 2162 2343 2353 2385 2418 2633 2808 2879 2891 3000 3043 3069 3087 3123 3160 3194 3201 3231 3484 3548 3659 3749 3804 3899 3930 4007 4036 4047 4054 4066 4090 4180 4497 4532 4568 4605 4763 4781 4907 4952 4995 5081 5126 5133 5165 5169 5173 5186 5428 5443 5524 5543 5557 5644 5927 6154 6298 6299 6349 6350 6356 6436 6453 6493 6500 6501 6506 6591 6597 6795 6807 6905 6909 6960 7126 7198 7244 7428 7430 7478 7521 7528 7565 7573 7669 7723 7825 7863 7945 8054 8085 8328 8605 8651 8670 8672 8769 8872 8900 8980 9264 9274 9285 9294 9343 9559 9587 9642 9751 9922 9933 9995 10057 10065 10260 10315 10352 10376 10417 10490 10620 10631 10635 10653 10715 10836 10846 10860 10987 11064 11136 11152 11223 11337 11364 11425 11445 11451 11473 11601 11628 11639 11645 11648 11670 11689 11726 11773 11840 11951 11983 12136 12161 12241 12253 12259 12288 12289 12292 12321 12337 12408 12426 12485
COLS: 0 1 2 3 4 5 6 7 8 9 10 11 12 13 14 15 16 17 18 19 20 21 22 23 24 25 26 27 28 29 30 31 32 34 35 36 37 38 39 40 41 42 43 46 47 48 49 50 51 52 53 54 55 57 58 59 60 61 62 63 64 65 66 67 68 69 70 71 72 73 74 75 76 77 78 79 80 81 82 83 84 85 86 87 88 89 90 91 92 93 95 96 97 99 100 101 102 103 104 105 106 107 108 109
ROWS: 146 159 184 185 270 274 308 352 365 371 565 911 973 1062 1095 1132 1240 1315 1420 1460 1497 1498 1522 1523 1555 1578 1606 1607 1715 1719 1735 1755 1781 1788 1789 1971 1989 1994 2001 2108 2343 2353 2385 2418 2633 2879 2997 3000 3043 3069 3077 3087 3123 3160 3201 3231 3484 3548 3656 3659 3749 3804 3899 4007 4036 4047 4054 4066 4090 4180 4497 4532 4568 4605 4781 4907 4995 5081 5126 5136 5165 5169 5173 5186 5428 5442 5443 5524 5543 5557 5644 5927 6154 6298 6299 6349 6350 6356 6436 6453 6493 6500 6501 6506 6591 6597 6789 6795 6807 6905 6909 7126 7198 7244 7428 7430 7528 7565 7573 7669 7825 7863 7945 8054 8328 8605 8651 8670 8769 8900 9264 9274 9285 9343 9488 9559 9587 9751 9922 9995 10057 10065 10260 10315 10352 10376 10490 10620 10631 10635 10653 10715 10761 10846 10860 11064 11136 11152 11337 11364 11425 11445 11451 11473 11601 11639 11645 11648 11689 11726 11840 11951 11956 12136 12161 12253 12259 12288 12289 12292 12321 12408 12426 12485
COLS: 0 1 2 3 4 5 6 7 8 9 10 11 12 13 14 15 16 17 18 19 20 21 22 23 24 25 26 27 28 29 30 31 32 34 35 36 37 38 39 40 41 42 43 46 47 48 49 50 51 52 53 54 55 57 58 59 60 61 62 63 64 65 66 67 68 69 70 72 73 74 75 76 77 78 79 80 81 82 83 84 85 86 87 88 89 90 91 92 93 95 96 97 99 100 101 102 103 104 105 106 107 108 109
ROWS: 80 490 563 846 1406 1522 1523 1653 1720 1735 2385 2418 2483 2508 3051 3087 3360 3771 3855 4054 4337 4473 4495 4525 4588 4604 4819 4907 4995 5019 5081 5333 5524 6350 6351 6784 7908 8008 8578 8636 8820 8838 9028 9174 9357 9398 9454 10150 10234 10761 11058 11899 12018 12274 12508
COLS: 2 3 20 23 26 29 32 36 49 58 63 66 67 68 77 78 79 80 82 86 87 91 97 99 100 105 107
ROWS: 300 542 614 1214 1766 1939 2283 2764 3766 4974 5006 5207 6286 6365 7608 8063 8258 8516 8566 8667 8960 9669
COLS: 2 6 23 26 32 34 47 49 50 55 57 58 60 61 62 63 65 66 68 78 88 89 91 99 101 105
ROWS: 1527 1690 2059
COLS: 1 7 8 9 11 12 13 14 15 16 19 20 23 26 27 29 30 31 32 33 34 36 37 39 40 43 44 46 47 48 49 52 56 57 58 59 61 63 64 65 66 68 69 71 72 73 74 75 76 77 78 79 81 82 85 86 88 91 92 93 94 96 97 99 100 101 102 103 104 105 107 108 109
GO:0030185, 0.000129483361388, 0.00375501748025
GO:0015671, 0.000258966722776, 0.00375501748025
GO:0045429, 0.00271915058915, 0.0262851223618
GO:0046209, 0.00479088437136, 0.0347339116923
ROWS: 656 1834 5520 11708 12559 12561 12563 12603 12604 12605
COLS: 6 8 13 21 22 24 25 27 41 50 57 58 63 68 78 89 91 93 97 105
GO:0032315, 0.000776799559656, 0.0287415837073
GO:0032859, 0.000776799559656, 0.0287415837073
ROWS: 632 1267 4048 4489 4954 4987 5061 5144 5930 5939 6494 6616 6871 6907 7340 8235 8657 9006 9135
COLS: 4 20 32 39 42 53 55 59 91 100
ROWS: 570 1005 1006 1202 2800 3357 3828 6283 7745 8813 12165
COLS: 10 37 40 41 43 47 49 78 81 82 83 86 88 92 93 103
GO:0051591, 5.54138103793e-06, 0.000925410633335
GO:0051412, 9.51608881549e-05, 0.00794593416094
GO:0032570, 0.000146685842079, 0.00816551187575
GO:0009612, 0.000913882445877, 0.0381545921154
GO:0007565, 0.00175124811268, 0.0432306410553
GO:0045896, 0.00181206279873, 0.0432306410553
GO:0046022, 0.00181206279873, 0.0432306410553
ROWS: 644 3544 4512 4638 4876 4993 5088 5354 6161 6693 6717 6720 9019 10112 10649 10957 11321 11477 11785
COLS: 48 60 62 81 82 90 91 101 104
ROWS: 643 1332 1488 2112 2945 3758 4465 4737 4837 6483 6583 6788 6950 7783 8070 8259 8398 9310 9348 9746 9785 10378 11746 12515
COLS: 25 34 40 60 62 86 107
ROWS: 619 1805 2074 2802 3651 4126 5747 9693 11149 11423 11502
COLS: 0 7 10 11 17 41 43 64 66 67 68 72 79 83 101
ROWS: 991 2049 6814
COLS: 5 8 9 12 13 14 19 21 22 24 25 26 27 28 29 30 31 32 34 35 39 43 44 47 48 51 53 54 56 58 61 62 67 68 69 70 71 72 73 75 76 77 78 79 80 82 83 85 86 91 96 98 99 100 106
GO:0007624, 0.000258966722776, 0.0147591916335
GO:0006295, 0.000776799559656, 0.0147591916335
GO:0006296, 0.000776799559656, 0.0147591916335
GO:0032205, 0.00181206279873, 0.0258218948818
GO:0006312, 0.00232949320092, 0.0265562224904
GO:0000718, 0.00517296257294, 0.0491431444429
ROWS: 1367 1557 1731 1817 3009 4460 4749 5318 6791 7474 7633 7811 7863 10995
COLS: 35 47 63 66 67 68 69 91 94 100 103
ROWS: 7482 10459 10460
COLS: 1 2 3 6 8 9 14 15 17 19 20 22 24 25 26 27 28 29 30 31 32 33 35 38 41 46 49 50 52 57 59 61 62 63 64 67 72 74 77 78 84 87 91 93 95 96 99 103 104 106 109
GO:0002474, 2.61582548259e-06, 1.30791274129e-05
GO:0019882, 3.17252680324e-05, 7.9313170081e-05
GO:0006955, 0.00461290762987, 0.00768817938312
GO:0006968, 0.0126499308164, 0.0158124135206
ROWS: 430 566 1016 2681 3775 4746 5051 5213 6589 7205 8791 8840 10145 10274 11088 12236
COLS: 32 41 50 58 59 63 93 106 109
ROWS: 374 880 2378 3154 6596 6842 7158 7341 7600 8477 8840 9018 9882 10386 10789 10982
COLS: 8 14 20 29 34 35 83 93 103
GO:0007059, 0.000124229623541, 0.0395900737615
GO:0048285, 0.000232882786833, 0.0395900737615
ROWS: 2717 3229 4577 5397 6720 7335 7552 9027 10497 11576 11812 12089 12409
COLS: 15 23 24 30 35 40 50 60 67 85 88
ROWS: 3070 6429 9873
COLS: 0 2 10 16 20 21 22 24 25 26 27 28 29 30 33 39 41 42 50 51 54 58 59 66 68 72 73 74 75 77 79 81 82 83 84 85 88 90 91 92 99 101 102 103 105 106
GO:0055075, 0.00103566567376, 0.0110032351389
GO:0060157, 0.00103566567376, 0.0110032351389
GO:0015840, 0.00129449825164, 0.0110032351389
GO:0055078, 0.00129449825164, 0.0110032351389
GO:0006833, 0.00284678945821, 0.0193581683158
ROWS: 1118 2649 5362 6595 6793 7668 9502 11563 11874 11875 11876
COLS: 2 3 14 15 20 21 27 76 84 88 107
ROWS: 1133 2099 2200 2782 5725 8908 10287 10576 11712 12442
COLS: 12 25 32 57 75 77 78 80 85 88 95 105
GO:0002504, 7.28267322695e-05, 0.0184251632642
GO:0043066, 0.000197573003852, 0.0184991703966
GO:0060548, 0.000219357751738, 0.0184991703966
ROWS: 97 821 840 2115 2973 4109 5045 6077 9596 9840 10343 12393
COLS: 2 5 14 19 28 35 62 70 85 100
ROWS: 84 6484 6532
COLS: 2 5 6 11 12 16 17 19 21 27 32 34 41 47 48 49 52 53 57 58 61 69 71 72 74 75 76 77 78 79 80 82 85 88 89 92 100 103 104 107
GO:0002327, 0.00116504843951, 0.0353306492521
GO:0002331, 0.00116504843951, 0.0353306492521
GO:0070244, 0.00116504843951, 0.0353306492521
GO:0010390, 0.0019412444644, 0.0353306492521
GO:0070232, 0.0019412444644, 0.0353306492521
GO:0070229, 0.0031047843602, 0.047089229463
ROWS: 312 2490 3514 3829 3971 4565 5002 5075 6504 7943 8133 8354 8609 10268 11820
COLS: 13 21 25 30 36 74 95 99
ROWS: 218 570 1273 1274 3387 3479 7220 8813 8814 9331 11765 12470
COLS: 19 42 53 63 70 72 88 96 99 100
ROWS: 1987 2056 2407 2746 4629 5690 6181 8138 9746 10274 10636 10875 11745 11825 12612 12622 12625
COLS: 5 17 27 41 44 63 80
GO:0014003, 0.000171011871606, 0.0382666494022
GO:0000718, 0.000488579715785, 0.0382666494022
GO:0043588, 0.000767786695661, 0.0382666494022
GO:0021510, 0.000896605727511, 0.0382666494022
GO:0003359, 0.00168328369804, 0.0382666494022
GO:0007400, 0.00168328369804, 0.0382666494022
GO:0014016, 0.00168328369804, 0.0382666494022
GO:0032289, 0.00168328369804, 0.0382666494022
GO:0060163, 0.00168328369804, 0.0382666494022
GO:0060165, 0.00168328369804, 0.0382666494022
GO:0061100, 0.00168328369804, 0.0382666494022
GO:0061103, 0.00168328369804, 0.0382666494022
GO:0061104, 0.00168328369804, 0.0382666494022
GO:0070849, 0.00168328369804, 0.0382666494022
GO:0071259, 0.00168328369804, 0.0382666494022
ROWS: 3193 9741 10948
COLS: 1 3 8 9 11 14 24 25 27 28 29 30 34 35 43 52 54 55 57 61 63 70 71 72 75 78 85 86 87 88 89 91 93 95 100 102 105 109
GO:0003352, 0.000388450084164, 0.00694894039449
GO:0034454, 0.000388450084164, 0.00694894039449
GO:0035058, 0.000388450084164, 0.00694894039449
GO:0045724, 0.000388450084164, 0.00694894039449
GO:0050893, 0.000388450084164, 0.00694894039449
GO:0051877, 0.000388450084164, 0.00694894039449
GO:0060027, 0.000388450084164, 0.00694894039449
GO:0060294, 0.000388450084164, 0.00694894039449
GO:0060296, 0.000388450084164, 0.00694894039449
GO:0001895, 0.00116504843951, 0.0156310665634
GO:0043064, 0.00116504843951, 0.0156310665634
GO:0046548, 0.00116504843951, 0.0156310665634
GO:0032402, 0.00155319673674, 0.0192357442012
GO:0001539, 0.00232919163551, 0.0208333251843
GO:0021756, 0.00232919163551, 0.0208333251843
GO:0032400, 0.00232919163551, 0.0208333251843
GO:0032465, 0.00232919163551, 0.0208333251843
GO:0033205, 0.00232919163551, 0.0208333251843
GO:0051457, 0.00349242993983, 0.0295937484375
GO:0045494, 0.00387997501505, 0.0312337988711
GO:0033059, 0.00465476370431, 0.0340644071088
GO:0048854, 0.00465476370431, 0.0340644071088
GO:0001947, 0.00620313560303, 0.0423393208206
GO:0001754, 0.0065899775121, 0.0423393208206
GO:0060271, 0.0065899775121, 0.0423393208206
GO:0042461, 0.00697671902098, 0.0423393208206
GO:0007608, 0.00736336014272, 0.0423393208206
GO:0021766, 0.00736336014272, 0.0423393208206
GO:0060491, 0.00774990089032, 0.0430253118394
GO:0051650, 0.00852268131529, 0.0457383897254
GO:0051297, 0.00929506040014, 0.0472320307602
GO:0007286, 0.00968109947259, 0.0472320307602
GO:0035050, 0.00968109947259, 0.0472320307602
GO:0015914, 0.0100670382491, 0.0476703870031
GO:0001843, 0.0104528767427, 0.0480832330164
ROWS: 0 59 1160 2570 2697 3032 3882 5028 5261 10080 10995 11038 12357 12390
COLS: 6 12 40 60 66 71 93 100
ROWS: 1859 4358 9378
COLS: 0 6 7 8 9 12 14 16 18 20 23 24 26 27 28 29 30 31 32 37 38 47 50 54 58 59 70 77 80 82 88 93 95 99 100 103 106
ROWS: 3837 11215 12047
COLS: 4 9 10 13 17 18 19 20 21 28 30 36 38 40 42 47 50 53 54 57 58 59 61 62 63 68 73 74 75 78 85 86 89 99 105 106 107
ROWS: 3134 3683 8418
COLS: 12 15 16 17 19 21 24 32 34 35 38 46 51 52 54 59 65 68 70 71 75 77 79 80 83 88 90 91 92 96 99 103 104 105 107 108 109
GO:0006414, 0.00035659891087, 0.0128375607913
GO:0042273, 0.0027170382631, 0.0489066887357
ROWS: 4252 7206 10106
COLS: 1 2 5 6 8 9 11 17 18 19 22 23 25 27 28 32 34 46 47 49 59 62 63 70 71 81 83 84 93 96 99 100 101 104 106 108 109
ROWS: 1273 1988 3707 3776 5549 5578 5980 8276 11300 11590 11793
COLS: 17 24 29 34 36 37 59 84 92 101
ROWS: 11874 11875 11876
COLS: 0 2 3 7 9 18 20 21 22 27 28 32 34 36 38 40 41 43 46 47 50 55 58 59 64 67 71 84 85 88 92 95 100 103 107 109
GO:0019614, 0.000517933445552, 0.00699210151495
GO:0042420, 0.000517933445552, 0.00699210151495
GO:0042135, 0.000906383529717, 0.00815745176745
GO:0042402, 0.00155380033666, 0.0104881522724
GO:0006584, 0.00401398420303, 0.0159819463199
GO:0034311, 0.00401398420303, 0.0159819463199
GO:0018958, 0.00414346756442, 0.0159819463199
GO:0046164, 0.00854590185161, 0.0264146057232
GO:0001505, 0.00880486857439, 0.0264146057232
GO:0006575, 0.0163149035349, 0.0440502395442
ROWS: 5276 11371 11378
COLS: 0 1 2 3 7 8 9 13 15 19 20 25 28 29 35 47 50 58 60 71 73 76 77 79 81 82 83 86 87 88 89 92 94 97 104
GO:0007258, 0.000517899909328, 0.0497119523405
GO:0043508, 0.00103566567376, 0.0497119523405
ROWS: 7526 7831 12610
COLS: 0 2 4 7 18 19 22 23 27 35 38 49 50 51 52 54 58 59 60 63 65 67 68 74 80 83 85 91 92 96 97 99 105 107
GO:0019244, 0.000258966722776, 0.0243140852846
GO:0021990, 0.000517899909328, 0.0243140852846
GO:0006089, 0.000776799559656, 0.0243140852846
GO:0019805, 0.000776799559656, 0.0243140852846
GO:0000052, 0.00129449825164, 0.0243140852846
GO:0048341, 0.00129449825164, 0.0243140852846
GO:0051938, 0.00129449825164, 0.0243140852846
GO:0001840, 0.00155329729329, 0.0243140852846
GO:0007029, 0.00155329729329, 0.0243140852846
GO:0021756, 0.00155329729329, 0.0243140852846
GO:0008340, 0.00181206279873, 0.0243140852846
GO:0000050, 0.00207079476793, 0.0243140852846
GO:0043090, 0.00207079476793, 0.0243140852846
GO:0047496, 0.00207079476793, 0.0243140852846
GO:0001578, 0.00232949320092, 0.0243140852846
GO:0046902, 0.00232949320092, 0.0243140852846
GO:0046785, 0.00258815809768, 0.0246952226753
GO:0008088, 0.00284678945821, 0.0246952226753
GO:0048339, 0.00284678945821, 0.0246952226753
GO:0021988, 0.00310538728252, 0.0246952226753
GO:0035176, 0.00310538728252, 0.0246952226753
GO:0015800, 0.00362248232247, 0.0263023716458
GO:0043603, 0.00362248232247, 0.0263023716458
GO:0007212, 0.00388097953811, 0.027005149286
GO:0015807, 0.00439787336071, 0.0282478788938
GO:0051881, 0.00439787336071, 0.0282478788938
GO:0008542, 0.00465626996768, 0.0287998920223
GO:0032273, 0.00491463303842, 0.029312275622
GO:0055072, 0.00672223551934, 0.0387108045424
GO:0006888, 0.00698033030028, 0.0388571720049
GO:0015711, 0.00723839154501, 0.0389939157425
GO:0048332, 0.00775441342578, 0.0404683450658
GO:0007569, 0.00801237406184, 0.0405474687372
GO:0001704, 0.0090438812438, 0.0431522333633
GO:0043648, 0.0090438812438, 0.0431522333633
GO:0030705, 0.0103325106562, 0.0466359264754
GO:0043524, 0.0103325106562, 0.0466359264754
GO:0007612, 0.011105285869, 0.0485147594432
GO:0016197, 0.0113628105341, 0.0485147594432
GO:0048167, 0.011620301663, 0.0485147594432
ROWS: 12603 12604 12605
COLS: 2 9 10 19 20 22 23 25 28 31 32 40 45 49 50 51 57 60 61 67 75 81 83 84 88 95 96 98 100 101 102 104 105 106
ROWS: 5010 5388 8263
COLS: 0 2 5 10 14 16 21 23 27 34 35 37 40 43 51 55 57 61 62 64 65 73 77 78 81 89 93 94 95 97 99 103 105 107
ROWS: 3354 4487 7684
COLS: 3 12 17 18 22 28 31 34 37 49 50 53 54 57 61 63 65 68 69 71 75 79 87 88 89 91 93 97 98 99 105 106 107 108
GO:0021508, 0.000388450084164, 0.0248317521071
GO:0070104, 0.000388450084164, 0.0248317521071
GO:0070106, 0.000388450084164, 0.0248317521071
GO:0007382, 0.000776799559656, 0.0248317521071
GO:0021775, 0.000776799559656, 0.0248317521071
GO:0021776, 0.000776799559656, 0.0248317521071
GO:0021965, 0.000776799559656, 0.0248317521071
GO:0035287, 0.000776799559656, 0.0248317521071
GO:0060032, 0.000776799559656, 0.0248317521071
GO:0010613, 0.00116504843951, 0.0248317521071
GO:0042511, 0.00116504843951, 0.0248317521071
GO:0060831, 0.00116504843951, 0.0248317521071
GO:0070120, 0.00116504843951, 0.0248317521071
GO:0090103, 0.00116504843951, 0.0248317521071
GO:0050767, 0.00137466903866, 0.0248317521071
GO:0006642, 0.00155319673674, 0.0248317521071
GO:0021938, 0.00155319673674, 0.0248317521071
GO:0048861, 0.00155319673674, 0.0248317521071
GO:0001839, 0.0019412444644, 0.0248317521071
GO:0007442, 0.0019412444644, 0.0248317521071
GO:0042517, 0.0019412444644, 0.0248317521071
GO:0048711, 0.0019412444644, 0.0248317521071
GO:0051481, 0.0019412444644, 0.0248317521071
GO:0060579, 0.0019412444644, 0.0248317521071
GO:0030903, 0.00232919163551, 0.0286024732841
GO:0007379, 0.0027170382631, 0.028763129199
GO:0021522, 0.0027170382631, 0.028763129199
GO:0032331, 0.0027170382631, 0.028763129199
GO:0060513, 0.0027170382631, 0.028763129199
GO:0014743, 0.0031047843602, 0.0297865249556
GO:0021940, 0.0031047843602, 0.0297865249556
GO:0071407, 0.0031047843602, 0.0297865249556
GO:0051094, 0.00378142029195, 0.0311928051631
GO:0008593, 0.00387997501505, 0.0311928051631
GO:0014897, 0.00387997501505, 0.0311928051631
GO:0021511, 0.00387997501505, 0.0311928051631
GO:0002076, 0.00426741959886, 0.0311928051631
GO:0010575, 0.00426741959886, 0.0311928051631
GO:0014911, 0.00426741959886, 0.0311928051631
GO:0021696, 0.00426741959886, 0.0311928051631
GO:0043502, 0.00426741959886, 0.0311928051631
GO:0048665, 0.00426741959886, 0.0311928051631
GO:0014015, 0.00504200734442, 0.0343976945497
GO:0021955, 0.00504200734442, 0.0343976945497
GO:0048566, 0.00504200734442, 0.0343976945497
GO:0008589, 0.00542915053222, 0.0354627492211
GO:0060571, 0.00542915053222, 0.0354627492211
GO:0007417, 0.00566156898357, 0.0362104516241
GO:0002675, 0.00620313560303, 0.0380872526026
GO:0009954, 0.00620313560303, 0.0380872526026
GO:0021532, 0.00697671902098, 0.0396587993651
GO:0021575, 0.00697671902098, 0.0396587993651
GO:0001959, 0.00736336014272, 0.0396587993651
GO:0045685, 0.00736336014272, 0.0396587993651
GO:0046427, 0.00736336014272, 0.0396587993651
GO:0060603, 0.00736336014272, 0.0396587993651
GO:0061035, 0.00736336014272, 0.0396587993651
GO:0042509, 0.00813634127684, 0.0422010187709
GO:0009880, 0.00852268131529, 0.0422010187709
GO:0021549, 0.00852268131529, 0.0422010187709
GO:0042733, 0.00852268131529, 0.0422010187709
GO:0045669, 0.00852268131529, 0.0422010187709
GO:0045595, 0.00873375923517, 0.0425597473841
GO:0002821, 0.00968109947259, 0.045724577509
GO:0060512, 0.00968109947259, 0.045724577509
GO:0014812, 0.0100670382491, 0.0461280707832
GO:0045666, 0.0100670382491, 0.0461280707832
GO:0021983, 0.0108386149664, 0.0482239825318
GO:0045740, 0.0108386149664, 0.0482239825318
ROWS: 7180 10750 10751
COLS: 4 5 13 15 16 17 18 21 22 24 34 36 41 44 55 56 58 59 64 66 69 71 75 78 80 83 85 87 88 95 96 99 100 105
GO:0010804, 0.000258966722776, 0.0196141888813
GO:0034115, 0.000258966722776, 0.0196141888813
GO:0033211, 0.000517899909328, 0.0196141888813
GO:0045721, 0.000517899909328, 0.0196141888813
GO:0033034, 0.000776799559656, 0.0196141888813
GO:0045715, 0.000776799559656, 0.0196141888813
GO:0050765, 0.000776799559656, 0.0196141888813
GO:0070586, 0.000776799559656, 0.0196141888813
GO:0030853, 0.00103566567376, 0.0209204466099
GO:0045650, 0.00103566567376, 0.0209204466099
GO:0010739, 0.00129449825164, 0.0220158180591
GO:0009744, 0.00181206279873, 0.0220158180591
GO:0010470, 0.00181206279873, 0.0220158180591
GO:0032799, 0.00181206279873, 0.0220158180591
GO:0034383, 0.00181206279873, 0.0220158180591
GO:0043124, 0.00181206279873, 0.0220158180591
GO:0010875, 0.00207079476793, 0.0220158180591
GO:0032373, 0.00207079476793, 0.0220158180591
GO:0060081, 0.00207079476793, 0.0220158180591
GO:0045912, 0.00232949320092, 0.0235278813293
GO:0010869, 0.00258815809768, 0.0237639970787
GO:0032720, 0.00258815809768, 0.0237639970787
GO:0045599, 0.00310538728252, 0.0272734013508
GO:0010745, 0.00336395157061, 0.0283132590526
GO:0034612, 0.00439787336071, 0.0317275149594
GO:0045923, 0.00439787336071, 0.0317275149594
GO:0046326, 0.00439787336071, 0.0317275149594
GO:0050873, 0.00439787336071, 0.0317275149594
GO:0001959, 0.00491463303842, 0.0320243830245
GO:0032374, 0.00491463303842, 0.0320243830245
GO:0043255, 0.00491463303842, 0.0320243830245
GO:0045777, 0.00543125857123, 0.0342848197309
GO:0046888, 0.0056895210333, 0.034361833022
GO:0022407, 0.00620594534877, 0.034361833022
GO:0045638, 0.00620594534877, 0.034361833022
GO:0050728, 0.00620594534877, 0.034361833022
GO:0010827, 0.00646410720216, 0.034361833022
GO:0071706, 0.00646410720216, 0.034361833022
GO:0010906, 0.00723839154501, 0.0364643635232
GO:0090077, 0.00723839154501, 0.0364643635232
GO:0019319, 0.00749641925351, 0.0364643635232
GO:0016042, 0.00758169934641, 0.0364643635232
GO:0006635, 0.00852819472527, 0.0400626821978
GO:0032368, 0.0090438812438, 0.0415196366193
GO:0051899, 0.00930167419873, 0.0417541819588
GO:0006090, 0.00955943361744, 0.041978382407
GO:0002761, 0.0100748518462, 0.0423983348527
GO:0042593, 0.0100748518462, 0.0423983348527
GO:0007162, 0.0103325106562, 0.0425952480114
GO:0008645, 0.01059013593, 0.0427841491573
GO:0046165, 0.011105285869, 0.0439856420693
GO:0050731, 0.0113628105341, 0.0441401486133
GO:0034440, 0.0129072542642, 0.0491936860637
ROWS: 1658 2497 2743 4728 5114 5815 6987 8853 10207 12333
COLS: 2 3 16 55 57 75 85 91 107 109
ROWS: 2478 3312 4392 5959 6003 6270 7382 8823 9834 9856
COLS: 0 13 18 25 33 49 57 68 70 71
ROWS: 680 772 1434 3487 6108 6970 9974 11724 11931 12335
COLS: 6 26 27 32 52 79 80 81 89 104
ROWS: 945 4340 4897
COLS: 5 6 7 10 13 19 25 26 27 28 30 32 35 38 39 42 44 48 49 52 55 57 62 77 78 80 83 86 91 96 101 105 107
GO:0006168, 0.000388450084164, 0.0104881522724
GO:0046083, 0.000388450084164, 0.0104881522724
GO:0006166, 0.00116504843951, 0.0179680497596
GO:0043094, 0.0019412444644, 0.0179680497596
GO:0007625, 0.00232919163551, 0.0179680497596
GO:0042451, 0.00232919163551, 0.0179680497596
GO:0042455, 0.00232919163551, 0.0179680497596
GO:0009113, 0.0031047843602, 0.0209572944313
GO:0046128, 0.00736336014272, 0.0441801608563
GO:0009112, 0.00852268131529, 0.0460224791026
ROWS: 445 7344 8075
COLS: 2 7 9 12 15 18 19 20 21 23 26 31 37 38 39 40 42 55 57 60 63 64 66 69 72 76 86 88 99 100 105 107 108
GO:0032364, 0.00116504843951, 0.0473418280733
GO:0042541, 0.0019412444644, 0.0473418280733
GO:0045071, 0.00232919163551, 0.0473418280733
GO:0045672, 0.0027170382631, 0.0473418280733
GO:0055080, 0.00277964641056, 0.0473418280733
GO:0048247, 0.0031047843602, 0.0473418280733
GO:0030097, 0.00328684419018, 0.0473418280733
GO:0031622, 0.00349242993983, 0.0473418280733
GO:0031650, 0.00349242993983, 0.0473418280733
GO:0002544, 0.00426741959886, 0.0474809332961
GO:0002520, 0.00428106775621, 0.0474809332961
GO:0006873, 0.00484113197266, 0.0492181750554
ROWS: 1447 1712 2807 3876 4436 5198 5567 7450 8430
COLS: 6 9 19 21 26 50 60 77 80 84 91
ROWS: 12610 12623 12624 12625
COLS: 13 16 17 37 50 52 53 55 58 60 75 77 78 79 80 84 85 86 87 92 93 97 99 103
ROWS: 1113 3223 11447
COLS: 0 1 6 10 11 16 19 22 23 26 32 40 42 46 50 54 63 64 65 67 69 72 75 76 78 87 88 90 91 93 100 108
GO:0060678, 0.000258966722776, 0.00388450084164
GO:0072127, 0.000258966722776, 0.00388450084164
GO:0072129, 0.000258966722776, 0.00388450084164
GO:0072265, 0.000258966722776, 0.00388450084164
GO:0072267, 0.000258966722776, 0.00388450084164
GO:0090184, 0.00103566567376, 0.012945820922
GO:0030513, 0.00129449825164, 0.0138696241247
ROWS: 3294 4003 4551
COLS: 1 7 10 15 16 27 29 35 39 43 44 47 49 52 54 62 64 69 70 73 78 84 86 88 90 94 97 98 99 100 104 105
GO:0002158, 0.000388450084164, 0.0378640742839
GO:0010957, 0.000776799559656, 0.0378640742839
GO:0010956, 0.00116504843951, 0.0378640742839
GO:0033688, 0.00116504843951, 0.0378640742839
GO:0030656, 0.00155319673674, 0.0403831151554
GO:0000083, 0.00232919163551, 0.0454015892178
GO:0042362, 0.0027170382631, 0.0454015892178
GO:0030146, 0.00349242993983, 0.0454015892178
GO:0042359, 0.00349242993983, 0.0454015892178
GO:0045939, 0.00349242993983, 0.0454015892178
ROWS: 3882 5824 12014
COLS: 3 4 6 14 19 25 29 42 43 44 49 52 53 60 61 62 63 64 66 67 68 76 82 83 87 88 100 102 107 108 109
ROWS: 8176 8340 9109
COLS: 0 3 6 7 8 11 12 17 19 21 31 32 33 36 38 44 50 59 67 74 77 80 82 84 87 88 96 100 103 105 107
GO:0014870, 0.000388450084164, 0.0222653701772
GO:0014894, 0.000388450084164, 0.0222653701772
GO:0045820, 0.000388450084164, 0.0222653701772
GO:0014898, 0.000776799559656, 0.0222653701772
GO:0010882, 0.00116504843951, 0.0222653701772
GO:0014874, 0.00116504843951, 0.0222653701772
GO:0034983, 0.00116504843951, 0.0222653701772
GO:0070932, 0.00116504843951, 0.0222653701772
GO:0070933, 0.00116504843951, 0.0222653701772
GO:0010832, 0.0019412444644, 0.0303540043525
GO:0033235, 0.0019412444644, 0.0303540043525
GO:0014888, 0.0027170382631, 0.0389442151044
GO:0045668, 0.0031047843602, 0.041078685381
GO:0045912, 0.00349242993983, 0.0429069964037
GO:0014897, 0.00387997501505, 0.0431762453532
GO:0002076, 0.00426741959886, 0.0431762453532
GO:0051148, 0.00426741959886, 0.0431762453532
GO:0043471, 0.00504200734442, 0.0481791812911
ROWS: 1976 4082 9725
COLS: 2 6 12 19 20 26 28 29 30 31 32 36 38 42 44 46 51 56 62 64 65 66 69 73 74 78 80 89 96 100 101
ROWS: 4916 6141 7740 8007 8528
COLS: 4 7 28 32 35 39 43 47 59 60 61 63 65 67 80 86 102 106
GO:0003009, 3.50945957639e-05, 0.0030759776855
GO:0050879, 6.34222203196e-05, 0.0030759776855
GO:0006936, 0.000112511220508, 0.00363786279644
ROWS: 1366 5915 12616
COLS: 4 9 12 14 16 18 19 21 23 24 25 31 32 33 35 48 51 53 59 61 63 65 71 79 89 91 94 100 102 107
GO:0006553, 0.000258966722776, 0.0154085200052
GO:0019477, 0.000258966722776, 0.0154085200052
GO:0045872, 0.000517899909328, 0.02054336307
GO:0009068, 0.00129449825164, 0.0385113229863
ROWS: 1396 5715 10006
COLS: 1 3 4 5 7 10 11 27 30 32 34 46 50 58 60 62 69 72 74 75 78 79 85 87 95 101 106 108 109
GO:0051292, 0.000388450084164, 0.0279684060598
ROWS: 4725 7630 11687
COLS: 3 6 18 24 29 32 35 38 44 49 55 57 58 59 61 64 66 68 72 82 83 84 85 89 92 96 100 104 105
GO:0007206, 0.000258966722776, 0.0075100349605
GO:0007215, 0.0022012171436, 0.0319176485822
GO:0007202, 0.0064741680694, 0.0438085372696
GO:0010518, 0.00699210151496, 0.0438085372696
GO:0048015, 0.008675385213, 0.0438085372696
GO:0060191, 0.00906383529716, 0.0438085372696
ROWS: 2368 6522 8285
COLS: 3 5 7 8 9 18 20 22 24 43 46 49 53 58 62 65 68 69 70 71 72 75 80 87 93 95 97 98
ROWS: 4437 9145 10004
COLS: 6 11 12 15 16 22 26 35 39 48 59 61 64 67 74 76 80 88 89 91 92 94 95 97 99 103 107 108
GO:0007020, 0.00155319673674, 0.0481490988391
ROWS: 7022 7708 8611
COLS: 2 4 5 17 18 20 27 30 32 36 42 49 53 57 63 64 75 77 78 80 82 83 86 89 97 104 105 109
GO:0009642, 0.000129483361388, 0.00207173378221
ROWS: 1459 5550 11180
COLS: 1 3 12 15 17 22 24 27 28 39 43 49 52 58 69 70 71 73 74 77 79 83 84 88 89 94 100 102
ROWS: 3907 6424 7623
COLS: 9 11 17 26 30 35 49 50 52 53 57 64 65 68 69 70 74 77 78 82 83 84 89 90 91 97 99 101
ROWS: 1860 4325 8567
COLS: 5 8 14 15 16 17 20 22 39 41 55 57 59 62 69 77 79 83 84 85 87 88 90 92 99 100 102 105
ROWS: 9162 11834 11835
COLS: 2 7 13 18 27 30 31 34 48 55 59 62 64 65 66 68 79 80 84 89 91 100 102 104 106 107 108
GO:0055010, 6.37188258579e-06, 0.000176568220075
GO:0060415, 9.25599786146e-06, 0.000176568220075
GO:0060048, 1.00608672407e-05, 0.000176568220075
GO:0003231, 1.17712146716e-05, 0.000176568220075
GO:0003206, 1.55943442231e-05, 0.000187132130677
GO:0048738, 4.79903367382e-05, 0.000479903367382
GO:0030811, 0.000116907277337, 0.000962824994937
GO:0003015, 0.000128376665992, 0.000962824994937
GO:0006195, 0.000190183927074, 0.00126789284716
GO:0032972, 0.000258966722776, 0.00141766765665
GO:0034656, 0.000259905737052, 0.00141766765665
GO:0044270, 0.000307862537566, 0.00150603443465
GO:0060537, 0.000326307460841, 0.00150603443465
GO:0002086, 0.000517899909328, 0.00221957103998
GO:0003012, 0.000595804557995, 0.00230595077157
GO:0009894, 0.000614920205753, 0.00230595077157
GO:0043462, 0.000777705767985, 0.00271755202913
GO:0008015, 0.00081526560874, 0.00271755202913
GO:0061061, 0.000969867602005, 0.00306273979581
GO:0044057, 0.00111182643877, 0.00333547931632
GO:0032781, 0.00207079476793, 0.00591655647981
GO:0009117, 0.00241494350001, 0.00647039524419
GO:0030049, 0.00258815809768, 0.00647039524419
GO:0070252, 0.00258815809768, 0.00647039524419
GO:0046483, 0.00293680068379, 0.0070483216411
GO:0009887, 0.00385532432664, 0.00862439897357
GO:0003009, 0.00388097953811, 0.00862439897357
GO:0002026, 0.00491463303842, 0.0103459251459
GO:0006937, 0.00506493506493, 0.0103459251459
GO:0050879, 0.00517296257294, 0.0103459251459
GO:0006942, 0.00594774995914, 0.0111520311734
GO:0030048, 0.00594774995914, 0.0111520311734
GO:0050790, 0.00749353513823, 0.0136246093422
GO:0007585, 0.00852819472527, 0.0150497553975
GO:0032970, 0.0193294411862, 0.0325924785332
GO:0007519, 0.0198423106619, 0.0325924785332
GO:0032386, 0.0200986950955, 0.0325924785332
GO:0044281, 0.0210151394924, 0.0331817991986
ROWS: 1305 1723 1724
COLS: 0 4 9 11 13 19 23 25 39 48 50 57 59 60 61 62 64 70 78 79 86 87 91 97 100 105 107
GO:0034446, 0.000906383529717, 0.0344425741292
GO:0018149, 0.00258966722776, 0.0479735853943
GO:0006953, 0.00453191764858, 0.0479735853943
GO:0008360, 0.00504985109413, 0.0479735853943
ROWS: 2007 7441 8261
COLS: 0 1 2 5 6 12 15 19 22 23 30 32 41 47 57 58 59 61 69 74 78 84 97 99 102 103 105
GO:0055091, 0.00116504843951, 0.0409267029298
GO:0032488, 0.00155319673674, 0.0409267029298
GO:0045332, 0.00155319673674, 0.0409267029298
GO:0060155, 0.00155319673674, 0.0409267029298
GO:0032367, 0.0019412444644, 0.0409267029298
GO:0034380, 0.0019412444644, 0.0409267029298
GO:0010887, 0.00232919163551, 0.0409267029298
GO:0032365, 0.0027170382631, 0.0409267029298
GO:0010875, 0.0031047843602, 0.0409267029298
GO:0032373, 0.0031047843602, 0.0409267029298
GO:0033700, 0.0031047843602, 0.0409267029298
GO:0050702, 0.00349242993983, 0.0422001951063
GO:0006911, 0.00387997501505, 0.0432766443986
GO:0065005, 0.00426741959886, 0.0441982744168
GO:0007040, 0.00504200734442, 0.0456931915588
GO:0010745, 0.00504200734442, 0.0456931915588
GO:0043691, 0.00581619328075, 0.0496087073946
ROWS: 302 1316 3032 3569 4948 5071 7426 8061 9270 11548
COLS: 12 29 46 62 71 75 91 107
ROWS: 443 2236 8448
COLS: 0 3 18 20 22 32 36 37 44 47 49 55 57 58 59 61 62 63 68 69 82 84 91 100 109
GO:0033367, 0.000388450084164, 0.00919331865855
GO:0033371, 0.000388450084164, 0.00919331865855
GO:0033373, 0.000388450084164, 0.00919331865855
GO:0033375, 0.000388450084164, 0.00919331865855
GO:0033377, 0.000388450084164, 0.00919331865855
GO:0033382, 0.000388450084164, 0.00919331865855
GO:0030502, 0.0019412444644, 0.0367494680269
GO:0045071, 0.00232919163551, 0.0367494680269
GO:0050710, 0.00232919163551, 0.0367494680269
GO:0045672, 0.0027170382631, 0.0381480808813
GO:0048247, 0.0031047843602, 0.0381480808813
GO:0031622, 0.00349242993983, 0.0381480808813
GO:0031650, 0.00349242993983, 0.0381480808813
GO:0002544, 0.00426741959886, 0.0432838273599
ROWS: 2800 5889 6765
COLS: 3 5 7 13 15 17 19 35 41 46 47 50 53 55 57 59 74 78 82 84 86 87 100 102 106
ROWS: 11 10079 12287
COLS: 9 11 15 18 27 30 33 46 52 58 60 68 73 74 78 79 80 90 92 94 96 104 107 108 109
GO:0045198, 0.000388450084164, 0.0376796581639
ROWS: 3066 10405 10547
COLS: 2 11 12 22 26 27 29 34 35 38 39 41 46 54 58 59 63 64 73 77 91 95 102 107
GO:0035315, 0.000776799559656, 0.0372743058228
GO:0042640, 0.00155329729329, 0.0372743058228
GO:0006829, 0.00207079476793, 0.0372743058228
GO:0071695, 0.00413944321752, 0.048074244371
GO:0050777, 0.00594774995914, 0.048074244371
GO:0016525, 0.00698033030028, 0.048074244371
GO:0001942, 0.00775441342578, 0.048074244371
GO:0022404, 0.00775441342578, 0.048074244371
GO:0042633, 0.00801237406184, 0.048074244371
ROWS: 924 2720 2746 4281 6504 6950 7873 10943
COLS: 4 13 34 51 52 58 72 78 93
ROWS: 6161 9162 11835
COLS: 7 10 13 19 27 30 31 36 44 48 59 61 64 68 71 89 91 93 99 102 104 106 107 108
GO:0003012, 1.44301842177e-05, 0.000368640808607
GO:0050879, 1.90859381637e-05, 0.000368640808607
GO:0055010, 1.90859381637e-05, 0.000368640808607
GO:0060415, 2.7715246025e-05, 0.000368640808607
GO:0060048, 3.01226613138e-05, 0.000368640808607
GO:0003231, 3.52374154521e-05, 0.000368640808607
GO:0044057, 3.68640808607e-05, 0.000368640808607
GO:0003206, 4.66658882625e-05, 0.000408326522297
GO:0048738, 0.000143324592002, 0.00111474682668
GO:0030811, 0.000348238631198, 0.00226595882429
GO:0003015, 0.000382270162908, 0.00226595882429
GO:0032972, 0.000388450084164, 0.00226595882429
GO:0006195, 0.000565379054284, 0.00304434875383
GO:0034656, 0.000771436313433, 0.00339849807349
GO:0002086, 0.000776799559656, 0.00339849807349
GO:0031444, 0.000776799559656, 0.00339849807349
GO:0044270, 0.000912901540937, 0.00375900634503
GO:0060537, 0.000967257979052, 0.00376155880742
GO:0003010, 0.00116504843951, 0.00429228372449
GO:0043462, 0.00155490744875, 0.00544217607061
GO:0009894, 0.00181449644446, 0.00604832148153
GO:0008015, 0.00239954811017, 0.00763492580508
GO:0061061, 0.00284955919589, 0.00867257146576
GO:0032781, 0.0031047843602, 0.00869846090026
GO:0003009, 0.00310659317866, 0.00869846090026
GO:0030049, 0.00387997501505, 0.00969993753762
GO:0045932, 0.00387997501505, 0.00969993753762
GO:0070252, 0.00387997501505, 0.00969993753762
GO:0006937, 0.00441845354126, 0.0106652326858
GO:0009117, 0.00700837184365, 0.0163528676352
GO:0002026, 0.00736336014272, 0.0166269422577
GO:0046483, 0.0084931773693, 0.018341896215
GO:0006942, 0.00890892101871, 0.018341896215
GO:0030048, 0.00890892101871, 0.018341896215
GO:0009887, 0.0110886138223, 0.0221772276445
GO:0007585, 0.0127658024929, 0.0248223937362
GO:0050790, 0.0211859057807, 0.0400814433688
ROWS: 3026 5603 6948
COLS: 0 16 17 21 24 25 26 36 47 48 50 53 55 58 59 61 68 75 79 82 86 87 95 99
ROWS: 3992 6209 6967
COLS: 0 4 7 13 21 22 23 31 32 38 48 53 57 58 61 68 71 77 79 80 92 100 101 105
GO:0043438, 0.000388450084164, 0.0485562605205
ROWS: 3156 8331 9017
COLS: 1 2 14 15 20 28 31 34 40 48 53 55 59 64 68 70 72 75 90 93 97 100 104
ROWS: 533 4875 6565
COLS: 1 2 6 14 21 23 25 38 39 58 61 65 67 72 77 78 83 84 92 98 99 101 105
GO:0006658, 0.000776799559656, 0.0283531839274
GO:0048755, 0.000776799559656, 0.0283531839274
ROWS: 111 683 10394
COLS: 1 6 14 17 18 19 27 31 32 34 36 37 55 58 59 64 65 78 79 83 87 96 105
GO:0050760, 0.000388450084164, 0.0252814469622
GO:0007050, 0.000417875156399, 0.0252814469622
GO:0007049, 0.000653181771174, 0.026344998104
ROWS: 408 930 7815
COLS: 1 19 23 24 25 29 31 32 34 47 55 57 60 66 71 78 81 83 88 92 93 96 98
GO:0006808, 0.000129483361388, 0.00482787961747
GO:0014042, 0.000129483361388, 0.00482787961747
GO:0021747, 0.000129483361388, 0.00482787961747
GO:0032848, 0.000129483361388, 0.00482787961747
GO:0043375, 0.000129483361388, 0.00482787961747
GO:0046671, 0.000129483361388, 0.00482787961747
GO:0048743, 0.000129483361388, 0.00482787961747
GO:0010044, 0.000258966722776, 0.00482787961747
GO:0033689, 0.000258966722776, 0.00482787961747
GO:0034349, 0.000258966722776, 0.00482787961747
GO:0045636, 0.000258966722776, 0.00482787961747
GO:0048087, 0.000258966722776, 0.00482787961747
GO:0051902, 0.000258966722776, 0.00482787961747
GO:0070059, 0.000258966722776, 0.00482787961747
GO:0010523, 0.000517933445552, 0.00751003496051
GO:0033591, 0.000517933445552, 0.00751003496051
GO:0043497, 0.000517933445552, 0.00751003496051
GO:0050932, 0.000517933445552, 0.00751003496051
GO:0002326, 0.00064741680694, 0.00804646602911
GO:0002360, 0.00064741680694, 0.00804646602911
GO:0045844, 0.00064741680694, 0.00804646602911
GO:0032469, 0.000776900168328, 0.00844878933057
GO:0033033, 0.000776900168328, 0.00844878933057
GO:0051593, 0.000776900168328, 0.00844878933057
GO:0002320, 0.000906383529717, 0.00844878933057
GO:0031000, 0.000906383529717, 0.00844878933057
GO:0043368, 0.000906383529717, 0.00844878933057
GO:0043496, 0.000906383529717, 0.00844878933057
GO:0010224, 0.0010358668911, 0.00894577693825
GO:0048753, 0.0010358668911, 0.00894577693825
GO:0001782, 0.00116535025249, 0.00894577693825
GO:0003254, 0.00116535025249, 0.00894577693825
GO:0006582, 0.00116535025249, 0.00894577693825
GO:0046902, 0.00116535025249, 0.00894577693825
GO:0010559, 0.00129483361388, 0.00913382630332
GO:0048873, 0.00129483361388, 0.00913382630332
GO:0051149, 0.00129483361388, 0.00913382630332
GO:0014911, 0.00142431697527, 0.00953196744987
GO:0031069, 0.00142431697527, 0.00953196744987
GO:0001662, 0.00168328369804, 0.00998493284522
GO:0010039, 0.00168328369804, 0.00998493284522
GO:0032835, 0.00168328369804, 0.00998493284522
GO:0048536, 0.00168328369804, 0.00998493284522
GO:0048599, 0.00168328369804, 0.00998493284522
GO:0030279, 0.00181276705943, 0.010079257447
GO:0010623, 0.00194225042082, 0.010079257447
GO:0045069, 0.00194225042082, 0.010079257447
GO:0046688, 0.00194225042082, 0.010079257447
GO:0031103, 0.00207173378221, 0.010079257447
GO:0033138, 0.00207173378221, 0.010079257447
GO:0040018, 0.00207173378221, 0.010079257447
GO:0043029, 0.00207173378221, 0.010079257447
GO:0045851, 0.00207173378221, 0.010079257447
GO:0035094, 0.0022012171436, 0.010079257447
GO:0051412, 0.0022012171436, 0.010079257447
GO:0051453, 0.0022012171436, 0.010079257447
GO:0051881, 0.0022012171436, 0.010079257447
GO:0045930, 0.00246018386637, 0.0107017998187
GO:0048477, 0.00246018386637, 0.0107017998187
GO:0048538, 0.00246018386637, 0.0107017998187
GO:0051153, 0.00258966722776, 0.0110803794499
GO:0030004, 0.00271915058915, 0.0112650524408
GO:0048641, 0.00271915058915, 0.0112650524408
GO:0008633, 0.00284863395054, 0.0114307149767
GO:0043271, 0.00284863395054, 0.0114307149767
GO:0010332, 0.00297811731193, 0.0114307149767
GO:0018107, 0.00297811731193, 0.0114307149767
GO:0048041, 0.00297811731193, 0.0114307149767
GO:0001836, 0.00310760067331, 0.0117548373295
GO:0014812, 0.00336656739609, 0.0123756914138
GO:0022037, 0.00336656739609, 0.0123756914138
GO:0001656, 0.00362553411887, 0.0129339490987
GO:0001658, 0.00362553411887, 0.0129339490987
GO:0001952, 0.00375501748025, 0.0129339490987
GO:0003014, 0.00388450084164, 0.0129339490987
GO:0022404, 0.00388450084164, 0.0129339490987
GO:0033555, 0.00388450084164, 0.0129339490987
GO:0046632, 0.00388450084164, 0.0129339490987
GO:0000209, 0.00401398420303, 0.0129339490987
GO:0007569, 0.00401398420303, 0.0129339490987
GO:0042633, 0.00401398420303, 0.0129339490987
GO:0001776, 0.00414346756442, 0.013188354077
GO:0033077, 0.00427295092581, 0.013276668948
GO:0051607, 0.00427295092581, 0.013276668948
GO:0042100, 0.00440243428719, 0.0135180629289
GO:0001541, 0.00504985109413, 0.014644568173
GO:0030307, 0.00504985109413, 0.014644568173
GO:0035265, 0.00504985109413, 0.014644568173
GO:0043473, 0.00504985109413, 0.014644568173
GO:0048634, 0.00504985109413, 0.014644568173
GO:0043524, 0.00517933445552, 0.0148550142076
GO:0060401, 0.00530881781691, 0.0150608853284
GO:0009791, 0.0054383011783, 0.0152623291133
GO:0031647, 0.00569726790107, 0.0156524939177
GO:0048747, 0.00569726790107, 0.0156524939177
GO:0018209, 0.00621520134663, 0.0167233768193
GO:2000027, 0.00621520134663, 0.0167233768193
GO:0001657, 0.00660365143079, 0.0174096264994
GO:0008584, 0.00660365143079, 0.0174096264994
GO:0042542, 0.00686261815357, 0.0179114333808
GO:0009408, 0.00699210151496, 0.0180240839052
GO:0000082, 0.00712158487634, 0.0180240839052
GO:0014031, 0.00712158487634, 0.0180240839052
GO:0034329, 0.00725106823773, 0.0180240839052
GO:0048469, 0.00725106823773, 0.0180240839052
GO:0009636, 0.00751003496051, 0.0182927915781
GO:0043583, 0.00751003496051, 0.0182927915781
GO:0006800, 0.0076395183219, 0.0182927915781
GO:0030336, 0.0076395183219, 0.0182927915781
GO:0019058, 0.00776900168328, 0.0184337221758
GO:0048592, 0.00802796840606, 0.0187080335177
GO:0055001, 0.00802796840606, 0.0187080335177
GO:0046545, 0.00828693512884, 0.0189727199002
GO:0051924, 0.00828693512884, 0.0189727199002
GO:0060485, 0.00854590185161, 0.0193954815937
GO:0046661, 0.008675385213, 0.0195196167293
GO:0006959, 0.00893435193578, 0.0197138417713
GO:0045471, 0.00893435193578, 0.0197138417713
GO:0022612, 0.00906383529716, 0.0197138417713
GO:0042698, 0.00906383529716, 0.0197138417713
GO:0031099, 0.0097112521041, 0.0209474115634
GO:0060538, 0.0100997021883, 0.0216067399274
GO:0016032, 0.0102291855497, 0.0217058327517
GO:0070997, 0.010358668911, 0.0218033273047
GO:0030308, 0.0106176356338, 0.0221696232034
GO:0048871, 0.011006085718, 0.0227983204158
GO:0072001, 0.0115240191635, 0.0236832204857
GO:0051789, 0.0119124692477, 0.0242902693254
GO:0031960, 0.0121714359705, 0.0246259285914
GO:0034097, 0.0124304026933, 0.0247659168163
GO:0060249, 0.0124304026933, 0.0247659168163
GO:0007005, 0.0125598860546, 0.0248343201535
GO:0006470, 0.012689369416, 0.0249016948691
GO:0007565, 0.0128188527774, 0.0249680639918
GO:0060562, 0.0132073028616, 0.0255341188657
GO:0032943, 0.0134662695844, 0.0257718465911
GO:0001763, 0.0137252363071, 0.0257718465911
GO:0007204, 0.0137252363071, 0.0257718465911
GO:0043627, 0.0137252363071, 0.0257718465911
GO:0007015, 0.0139842030299, 0.0260705499343
GO:0009416, 0.0142431697527, 0.0261793472215
GO:0042327, 0.0142431697527, 0.0261793472215
GO:0030098, 0.0145021364755, 0.0264689344063
GO:0010562, 0.0146316198369, 0.0265198109543
GO:0048610, 0.0148905865596, 0.0266803873597
GO:0032868, 0.015020069921, 0.0266803873597
GO:0031589, 0.0151495532824, 0.0266803873597
GO:0032844, 0.0151495532824, 0.0266803873597
GO:0009100, 0.0155380033666, 0.0266803873597
GO:0040017, 0.0155380033666, 0.0266803873597
GO:0051272, 0.0155380033666, 0.0266803873597
GO:0051325, 0.0155380033666, 0.0266803873597
GO:0030155, 0.0160559368121, 0.0273895392677
GO:0001666, 0.0165738702577, 0.0280894814107
GO:0032880, 0.0169623203418, 0.0285623587692
GO:0070838, 0.0172212870646, 0.0287258837239
GO:0045664, 0.017350770426, 0.0287258837239
GO:0048589, 0.0174802537874, 0.0287258837239
GO:0008544, 0.0176097371488, 0.0287258837239
GO:0048608, 0.0176097371488, 0.0287258837239
GO:0007584, 0.0181276705943, 0.0292056915131
GO:0060537, 0.0181276705943, 0.0292056915131
GO:0006979, 0.0186456040399, 0.0298558445056
GO:0051098, 0.0201994043765, 0.0321466130627
GO:0042110, 0.0205878544607, 0.0325662425106
GO:0055074, 0.0224006215201, 0.0352117208029
GO:0001932, 0.0225301048815, 0.0352117208029
GO:0006875, 0.0227890716043, 0.0354044505281
GO:0051960, 0.0234364884112, 0.0361948134635
GO:0031401, 0.0240839052182, 0.0369758780114
GO:0048667, 0.024342871941, 0.0371549098046
GO:0048812, 0.0251197721093, 0.038117793724
GO:0006916, 0.0253787388321, 0.0382368065704
GO:0016337, 0.0256377055548, 0.0382368065704
GO:0030005, 0.0256377055548, 0.0382368065704
GO:0060284, 0.0261556390004, 0.0387876237449
GO:0010035, 0.0265440890846, 0.0391412839043
GO:0009991, 0.0269325391687, 0.0394909703541
GO:0032446, 0.0273209892529, 0.0398367496927
GO:0030029, 0.0278389226984, 0.0403301324951
GO:0048729, 0.0279684060598, 0.0403301324951
GO:0008361, 0.0282273727826, 0.0404799137157
GO:0032990, 0.0284863395054, 0.0406280579831
GO:0007276, 0.0288747895895, 0.0409582613199
GO:0042493, 0.0292632396737, 0.041284894891
GO:0007420, 0.0302991065648, 0.0425164882442
GO:0055080, 0.0308170400104, 0.0430120184102
GO:0061061, 0.0312054900945, 0.0433225155036
GO:0051247, 0.0317234235401, 0.0438085372696
GO:0030097, 0.0335361905995, 0.0460681355077
GO:0060429, 0.0343130907678, 0.0468885690597
GO:0045321, 0.0349605075748, 0.0475244399845
GO:0040008, 0.0354784410203, 0.0479786171311
GO:0000902, 0.0358668911045, 0.0482539101973
GO:0051707, 0.0361258578273, 0.0483530712457
ROWS: 8720 8864 9261
COLS: 0 4 5 6 37 38 47 48 49 52 53 54 60 66 71 73 75 81 95 100 101 102 109
GO:0048194, 0.0027170382631, 0.0380040537255
GO:0048205, 0.0027170382631, 0.0380040537255
GO:0048199, 0.00349242993983, 0.0380040537255
GO:0006891, 0.00504200734442, 0.0380040537255
GO:0006901, 0.00504200734442, 0.0380040537255
GO:0006890, 0.00542915053222, 0.0380040537255
GO:0019439, 0.00697671902098, 0.0418603141259
GO:0051650, 0.00852268131529, 0.0447440769053
ROWS: 1690 2059 7291
COLS: 12 13 16 17 19 24 27 34 37 46 48 49 58 61 62 64 66 78 79 82 85 93 103
GO:0030185, 0.000129483361388, 0.00375501748025
GO:0015671, 0.000258966722776, 0.00375501748025
GO:0045429, 0.00271915058915, 0.0262851223618
GO:0046209, 0.00479088437136, 0.0347339116923
ROWS: 3730 8495 10738
COLS: 0 3 13 15 16 19 20 21 28 31 34 50 52 54 58 63 67 68 87 96 100 103
GO:0045585, 0.000258966722776, 0.0458371099314
ROWS: 812 6030 10233
COLS: 0 9 11 12 13 18 23 28 29 32 34 43 47 52 58 59 65 68 79 83 94 97
GO:0045870, 0.000388450084164, 0.0372912080797
ROWS: 7645 8517 11313
COLS: 3 4 6 18 19 23 32 34 35 40 48 63 71 73 77 80 83 86 91 92 96 103
ROWS: 6520 11834 11835
COLS: 4 5 7 9 18 19 26 28 30 34 35 49 59 62 65 83 85 88 100 105 106 107
GO:0032781, 0.00207079476793, 0.048862312102
GO:0006941, 0.00234100663285, 0.048862312102
GO:0007274, 0.00310538728252, 0.048862312102
GO:0002026, 0.00491463303842, 0.048862312102
GO:0055010, 0.00517296257294, 0.048862312102
GO:0006942, 0.00594774995914, 0.048862312102
GO:0060415, 0.00620594534877, 0.048862312102
GO:0060048, 0.00646410720216, 0.048862312102
GO:0003231, 0.00698033030028, 0.048862312102
ROWS: 4752 6078 10430
COLS: 1 3 5 7 8 12 25 30 35 37 40 55 58 61 69 72 86 87 89 105 108 109
GO:0032467, 0.000258966722776, 0.041693642367
ROWS: 7918 8426 12441
COLS: 2 3 5 11 13 15 29 32 43 48 49 50 63 66 69 81 82 83 84 86 96 103
GO:0000003, 0.000383440356046, 0.036683449542
GO:0060611, 0.000388450084164, 0.036683449542
GO:0042488, 0.000776799559656, 0.036683449542
GO:0051798, 0.00116504843951, 0.036683449542
GO:0032276, 0.00155319673674, 0.036683449542
GO:0032926, 0.00155319673674, 0.036683449542
GO:0042117, 0.00155319673674, 0.036683449542
GO:0045657, 0.00155319673674, 0.036683449542
GO:0046882, 0.00155319673674, 0.036683449542
GO:0060763, 0.00155319673674, 0.036683449542
GO:0042634, 0.0019412444644, 0.036683449542
GO:0042756, 0.0019412444644, 0.036683449542
GO:0048729, 0.00229296689729, 0.036683449542
GO:0030157, 0.00232919163551, 0.036683449542
GO:0045651, 0.00232919163551, 0.036683449542
GO:0045672, 0.0027170382631, 0.036683449542
GO:0051247, 0.00294409707768, 0.036683449542
GO:0044057, 0.00326175115459, 0.036683449542
GO:0060986, 0.00349242993983, 0.036683449542
GO:0040008, 0.00367449132045, 0.036683449542
GO:0048534, 0.00370108338747, 0.036683449542
GO:0051094, 0.00378142029195, 0.036683449542
GO:0046579, 0.00387997501505, 0.036683449542
GO:0048873, 0.00387997501505, 0.036683449542
GO:0031069, 0.00426741959886, 0.036683449542
GO:0043526, 0.00426741959886, 0.036683449542
GO:0048869, 0.00437542652042, 0.036683449542
GO:0065008, 0.00444858106546, 0.036683449542
GO:0032967, 0.00465476370431, 0.036683449542
GO:0042481, 0.00465476370431, 0.036683449542
GO:0045909, 0.00465476370431, 0.036683449542
GO:0001954, 0.00504200734442, 0.036683449542
GO:0010744, 0.00504200734442, 0.036683449542
GO:0043616, 0.00504200734442, 0.036683449542
GO:0044253, 0.00542915053222, 0.036683449542
GO:0045682, 0.00542915053222, 0.036683449542
GO:0060444, 0.00542915053222, 0.036683449542
GO:0046903, 0.00609507421389, 0.0378239975795
GO:0010712, 0.00620313560303, 0.0378239975795
GO:0032755, 0.00620313560303, 0.0378239975795
GO:0040018, 0.00620313560303, 0.0378239975795
GO:0002244, 0.0065899775121, 0.0383138227448
GO:0051966, 0.0065899775121, 0.0383138227448
GO:0045776, 0.00813634127684, 0.0445599960978
GO:0010646, 0.00820593005961, 0.0445599960978
GO:0042475, 0.0082724391388, 0.0445599960978
GO:0046888, 0.00852268131529, 0.0445599960978
GO:0032268, 0.00873375923517, 0.0445599960978
GO:0045595, 0.00873375923517, 0.0445599960978
GO:0045727, 0.00929506040014, 0.0464753020007
GO:0010468, 0.00977353507485, 0.047909485661
ROWS: 1544 4654 6181
COLS: 4 15 17 24 25 27 44 51 61 63 64 68 75 80 81 83 87 96 100 105 106
GO:0030216, 1.09360612244e-05, 0.00039369820408
GO:0060429, 3.99591429388e-05, 0.000719264572898
GO:0008544, 0.000206070711519, 0.00247284853823
GO:0032980, 0.000388450084164, 0.00349605075748
GO:0034332, 0.0019412444644, 0.0139751498131
GO:0051546, 0.00232919163551, 0.0139751498131
GO:0030154, 0.00412071203536, 0.0201680293777
GO:0031424, 0.00504200734442, 0.0201680293777
GO:0043616, 0.00504200734442, 0.0201680293777
GO:0048513, 0.0059720687688, 0.0214994475677
GO:0018149, 0.00774990089032, 0.0253633120047
GO:0043588, 0.00968109947259, 0.0290432984178
ROWS: 1651 2886 3992
COLS: 3 4 8 14 16 27 34 41 43 50 60 61 69 78 81 82 83 89 91 96 108
ROWS: 7677 9608 10943
COLS: 9 10 12 14 22 27 30 33 46 47 53 67 69 70 74 75 95 104 105 106 109
ROWS: 3944 8755 11001
COLS: 3 7 23 28 35 37 49 50 52 59 60 67 69 78 80 86 91 92 93 96 97
GO:0035522, 0.000388450084164, 0.0260227852485
GO:0035520, 0.000776799559656, 0.0260227852485
GO:0000244, 0.00155319673674, 0.0312111679158
GO:0016578, 0.00232919163551, 0.0312111679158
GO:0071108, 0.00232919163551, 0.0312111679158
ROWS: 218 570 8813
COLS: 2 7 19 21 32 35 41 49 50 51 54 55 58 59 60 61 64 70 83 85 108
ROWS: 1991 4141 8904
COLS: 2 13 14 16 26 32 34 36 43 44 48 52 57 62 66 67 70 92 95 100 102
GO:0008286, 0.000108335394993, 0.0144086075341
GO:0071375, 0.00035659891087, 0.0237138275728
GO:0032868, 0.000664454411953, 0.0294574789299
GO:0007468, 0.00116504843951, 0.0315183808766
GO:0071495, 0.00118490153671, 0.0315183808766
GO:0042574, 0.00155319673674, 0.0344291943312
GO:0071310, 0.00229296689729, 0.0435663710485
GO:0043568, 0.0027170382631, 0.045170761124
ROWS: 2086 8828 12494
COLS: 6 13 19 20 24 31 34 43 48 50 53 73 84 86 87 88 95 99 104 107 109
ROWS: 3865 7249 9463
COLS: 1 3 6 15 19 32 35 36 38 48 51 69 70 77 84 85 87 99 100 101 105
ROWS: 1204 9834 11406
COLS: 19 22 24 25 32 33 34 39 42 43 46 65 71 77 82 87 88 92 93 99 105
GO:0001580, 0.000258966722776, 0.00880429845858
GO:0017000, 0.000517899909328, 0.00880429845858
GO:0050907, 0.000517899909328, 0.00880429845858
GO:0042984, 0.000776799559656, 0.00990419438561
GO:0050909, 0.00284678945821, 0.0263957919014
GO:0042982, 0.00310538728252, 0.0263957919014
GO:0017144, 0.00465626996768, 0.0339242526216
ROWS: 5707 8368 9319
COLS: 2 7 15 21 23 24 34 43 48 49 50 69 72 75 81 83 90 98 101 104
GO:0002384, 0.000388450084164, 0.0469781160385
GO:0045079, 0.000776799559656, 0.0469781160385
GO:0001781, 0.00116504843951, 0.0469781160385
GO:0032966, 0.00116504843951, 0.0469781160385
GO:0070102, 0.00116504843951, 0.0469781160385
GO:0050878, 0.00137466903866, 0.0469781160385
GO:0044252, 0.00155319673674, 0.0469781160385
GO:0070091, 0.00155319673674, 0.0469781160385
GO:0042517, 0.0019412444644, 0.0469781160385
GO:0051024, 0.0019412444644, 0.0469781160385
ROWS: 1722 3964 10775
COLS: 5 8 18 21 26 28 29 44 54 56 67 71 73 74 76 80 83 90 96 97
ROWS: 2497 6320 6429
COLS: 19 23 30 35 47 53 57 59 67 68 70 73 77 79 81 83 87 89 96 103
GO:0046314, 0.000258966722776, 0.0106148856634
GO:0055075, 0.00103566567376, 0.0106148856634
GO:0060157, 0.00103566567376, 0.0106148856634
GO:0015840, 0.00129449825164, 0.0106148856634
GO:0055078, 0.00129449825164, 0.0106148856634
GO:0006600, 0.00181206279873, 0.0123824291246
GO:0006833, 0.00284678945821, 0.0166740525409
GO:0042398, 0.00955943361744, 0.0489920972894
ROWS: 9796 9840 12169
COLS: 0 3 6 13 16 17 26 28 30 31 32 37 41 55 58 80 81 84 95 100
GO:0002024, 0.000776799559656, 0.0436358748542
GO:0002025, 0.000776799559656, 0.0436358748542
GO:0048633, 0.000776799559656, 0.0436358748542
GO:0002032, 0.00116504843951, 0.0436358748542
GO:0045986, 0.00155319673674, 0.0436358748542
GO:0050703, 0.00155319673674, 0.0436358748542
GO:0007171, 0.0019412444644, 0.0436358748542
GO:0010765, 0.0019412444644, 0.0436358748542
GO:0043268, 0.0019412444644, 0.0436358748542
GO:0045844, 0.0019412444644, 0.0436358748542
GO:0009967, 0.0020869331452, 0.0436358748542
GO:0040015, 0.00232919163551, 0.0446428396806
GO:0051927, 0.0027170382631, 0.0468141867897
GO:0010627, 0.00284955919589, 0.0468141867897
ROWS: 812 5288 10233
COLS: 6 18 23 28 29 30 36 47 48 50 60 66 68 71 78 79 83 84 99 101
GO:0045870, 0.000388450084164, 0.0287453062281
GO:0006260, 0.00139110945478, 0.038312186173
GO:0030263, 0.00155319673674, 0.038312186173
GO:0006265, 0.00232919163551, 0.0402121662938
GO:0006266, 0.0027170382631, 0.0402121662938
ROWS: 2242 6535 6987
COLS: 2 4 6 8 16 21 24 25 26 35 51 53 54 58 63 71 81 82 83 105
GO:0018242, 0.00116504843951, 0.0170851641042
GO:0018243, 0.00116504843951, 0.0170851641042
GO:0051085, 0.00155319673674, 0.0170851641042
GO:0006458, 0.0031047843602, 0.0256144709716
ROWS: 2769 7468 12326
COLS: 2 7 14 16 27 30 31 32 46 57 62 78 80 81 93 94 97 100 107 108
GO:0003012, 0.000595804557995, 0.00951579460578
GO:0030241, 0.000776799559656, 0.00951579460578
GO:0031034, 0.000776799559656, 0.00951579460578
GO:0048251, 0.000776799559656, 0.00951579460578
GO:0048739, 0.00155329729329, 0.0152223134743
GO:0014829, 0.00232949320092, 0.0190241944742
GO:0030239, 0.00439787336071, 0.030785113525
GO:0006939, 0.00518537723619, 0.0317604355717
ROWS: 442 2086 7578
COLS: 0 6 20 22 28 30 31 50 54 55 57 61 62 68 74 82 83 98 101 107
ROWS: 6082 6483 7415
COLS: 0 3 7 20 23 36 48 49 53 62 68 79 80 86 87 91 96 100 107
GO:0006552, 0.000776799559656, 0.0465959021023
GO:0016255, 0.00155319673674, 0.0465959021023
ROWS: 3737 5700 9047
COLS: 0 5 10 14 15 16 17 24 25 28 39 44 67 78 84 87 89 99 107
GO:0035280, 0.000388450084164, 0.0326086828971
GO:0050689, 0.000776799559656, 0.0326086828971
GO:0030422, 0.00116504843951, 0.0326086828971
GO:0030423, 0.00116504843951, 0.0326086828971
GO:0031054, 0.00155319673674, 0.0326086828971
GO:0045070, 0.0019412444644, 0.0326086828971
GO:0002832, 0.00232919163551, 0.0326086828971
GO:0045071, 0.00232919163551, 0.0326086828971
GO:0050792, 0.0036281149388, 0.0434163224327
GO:0031050, 0.00387997501505, 0.0434163224327
GO:0046782, 0.00465476370431, 0.0434163224327
GO:0019080, 0.00504200734442, 0.0434163224327
GO:0035194, 0.00504200734442, 0.0434163224327
GO:0002698, 0.00581619328075, 0.0434163224327
GO:0050688, 0.00620313560303, 0.0434163224327
GO:0006626, 0.0065899775121, 0.0434163224327
GO:0043901, 0.0065899775121, 0.0434163224327
GO:0043331, 0.00774990089032, 0.0482216055398
ROWS: 343 2596 5024
COLS: 16 27 29 32 36 39 47 48 61 63 67 68 82 83 88 90 97 105 106
GO:0015866, 0.000258966722776, 0.00785532392421
GO:0051935, 0.000258966722776, 0.00785532392421
GO:0060547, 0.000258966722776, 0.00785532392421
GO:0015867, 0.000517899909328, 0.0117822229372
GO:0015865, 0.000776799559656, 0.0141377519857
GO:0043092, 0.00181206279873, 0.0269203319831
GO:0000002, 0.00207079476793, 0.0269203319831
GO:0001504, 0.00310538728252, 0.0340132881028
GO:0015813, 0.00336395157061, 0.0340132881028
ROWS: 192 3928 7485
COLS: 7 13 35 41 48 50 53 68 69 76 77 79 82 84 91 94 99 106 109
GO:0006116, 0.000776799559656, 0.0252427161893
GO:0046168, 0.000776799559656, 0.0252427161893
GO:0019405, 0.00116504843951, 0.0252427161893
GO:0042738, 0.0027170382631, 0.0403621966825
GO:0070989, 0.0031047843602, 0.0403621966825
GO:0006071, 0.00387997501505, 0.042033062663
ROWS: 2112 6650 9673
COLS: 8 11 19 29 42 48 52 55 58 70 74 78 81 83 91 96 101 103 109
ROWS: 3122 3246 8584
COLS: 0 2 6 13 14 22 24 25 27 43 46 65 68 73 74 79 89 93 94
ROWS: 2860 7578 7580
COLS: 5 6 17 25 35 40 43 56 61 64 65 70 83 84 85 89 98 101 105
GO:0000492, 0.000258966722776, 0.0189045707627
ROWS: 12609 12610 12623
COLS: 9 11 12 13 19 27 40 42 43 47 51 57 60 62 84 85 89 105 108
ROWS: 5960 6565 11965
COLS: 3 4 16 18 21 26 34 40 51 52 54 67 71 72 74 79 83 92 95
GO:0042135, 0.000906383529717, 0.0154085200052
ROWS: 3021 6829 7412
COLS: 1 3 4 6 7 10 12 25 29 31 37 39 64 69 78 86 99 100
ROWS: 4567 5429 8666
COLS: 0 1 2 3 5 21 24 31 37 71 72 74 83 89 91 96 99 107
GO:0031635, 0.000258966722776, 0.0279611622354
GO:0032100, 0.000517899909328, 0.0279611622354
GO:0032109, 0.00103566567376, 0.0279611622354
GO:0002438, 0.00129449825164, 0.0279611622354
GO:0007191, 0.00129449825164, 0.0279611622354
GO:0032095, 0.00181206279873, 0.0326171303771
GO:0032104, 0.00310538728252, 0.0447059867492
GO:0051930, 0.00362248232247, 0.0447059867492
GO:0043278, 0.00388097953811, 0.0447059867492
GO:0060079, 0.00413944321752, 0.0447059867492
ROWS: 7583 7661 9220
COLS: 4 6 17 18 21 26 32 34 36 41 58 67 78 84 85 93 96 97
ROWS: 4502 4872 11712
COLS: 8 15 18 28 31 36 49 50 52 54 59 60 64 73 84 91 103 105
ROWS: 3139 6535 10429
COLS: 1 13 15 19 20 25 29 34 35 38 47 59 70 91 101 104 105 108
GO:0018242, 0.00116504843951, 0.0198058234716
GO:0018243, 0.00116504843951, 0.0198058234716
ROWS: 689 7292 8864
COLS: 19 22 39 40 49 56 60 63 66 70 73 77 80 81 83 88 92 109
ROWS: 2497 5394 9042
COLS: 0 14 34 36 41 48 55 58 59 70 78 88 90 92 99 103 105 107
GO:0046314, 0.000388450084164, 0.019034054124
GO:0048172, 0.00155319673674, 0.0380533200502
GO:0006600, 0.0027170382631, 0.0443782916306
ROWS: 2133 2217 12009
COLS: 7 14 35 36 49 50 63 73 74 77 80 82 88 92 96 103 106 108
GO:0002051, 0.000517899909328, 0.0432908251631
GO:0031062, 0.000776799559656, 0.0432908251631
GO:0046621, 0.00103566567376, 0.0432908251631
GO:0046784, 0.00103566567376, 0.0432908251631
GO:0051974, 0.00103566567376, 0.0432908251631
ROWS: 0 6948 10577
COLS: 1 4 23 31 40 48 50 51 53 59 60 76 78 91 97 100 107 109
ROWS: 1305 1723 1724
COLS: 0 4 5 9 19 25 39 50 57 62 78 83 86 87 97 100 105 107
GO:0034446, 0.000906383529717, 0.0344425741292
GO:0018149, 0.00258966722776, 0.0479735853943
GO:0006953, 0.00453191764858, 0.0479735853943
GO:0008360, 0.00504985109413, 0.0479735853943
ROWS: 3712 7281 7561
COLS: 0 2 5 6 13 22 25 26 29 42 49 50 61 85 88 89 106 108
GO:0042438, 0.00207079476793, 0.0248495372152
GO:0006749, 0.00465626996768, 0.0279376198061
GO:0019748, 0.0100748518462, 0.0333158576069
GO:0042440, 0.011105285869, 0.0333158576069
ROWS: 584 8456 10025
COLS: 0 4 22 28 38 44 46 48 50 51 53 59 72 75 78 88 97 102
ROWS: 290 7894 11718
COLS: 1 2 9 14 19 24 26 38 42 44 48 52 59 63 68 72 73 75
ROWS: 5060 5577 8228
COLS: 2 22 25 27 35 36 42 46 49 55 67 71 76 79 80 97 100
ROWS: 1181 4006 7014
COLS: 0 4 9 36 44 50 65 66 84 85 88 89 95 96 100 104 109
ROWS: 4451 4452 11905
COLS: 13 15 17 18 21 36 39 48 49 50 58 60 71 84 87 100 106
GO:0070389, 0.00103566567376, 0.0466049553192
ROWS: 299 446 5980
COLS: 1 3 8 15 21 24 32 40 65 69 78 80 89 92 96 103 105
ROWS: 4331 9797 12077
COLS: 11 13 21 24 25 26 28 31 34 54 58 79 82 90 97 102 106
GO:0034720, 0.000517899909328, 0.0367708935623
ROWS: 7627 8287 10943
COLS: 3 10 16 21 26 40 43 44 51 68 73 76 81 84 89 91 101
ROWS: 925 1273 9501
COLS: 6 7 9 14 15 18 20 41 48 49 50 59 82 89 91 92 108
ROWS: 2911 3566 6371
COLS: 4 11 12 14 21 27 30 43 52 54 61 64 72 76 87 93 108
ROWS: 1856 2907 8918
COLS: 16 19 23 26 31 32 34 39 60 63 64 66 69 80 84 103 105
ROWS: 79 3730 12286
COLS: 24 26 27 30 31 34 35 49 50 57 59 61 70 75 85 91 100
GO:0045585, 0.000258966722776, 0.0334067072381
ROWS: 278 1679 8230
COLS: 8 21 22 38 50 51 56 66 67 73 78 81 84 85 88 100 103
ROWS: 8609 10004 12380
COLS: 2 5 12 13 19 25 60 61 62 63 81 82 86 90 96 105 109
ROWS: 290 4128 9566
COLS: 9 13 19 22 31 39 41 61 68 72 73 76 81 91 96 97 107
ROWS: 1077 4508 4726
COLS: 3 4 7 8 21 23 24 25 31 32 38 44 61 91 95 102
ROWS: 7558 7572 9021
COLS: 6 8 9 21 32 34 41 57 62 67 69 71 72 81 83 103
GO:0061009, 0.000388450084164, 0.0186407750321
GO:0061011, 0.000388450084164, 0.0186407750321
GO:0010621, 0.000776799559656, 0.0186407750321
GO:0061010, 0.000776799559656, 0.0186407750321
GO:0061017, 0.000776799559656, 0.0186407750321
GO:0010944, 0.00116504843951, 0.0186407750321
GO:0022027, 0.00116504843951, 0.0186407750321
GO:0030948, 0.00116504843951, 0.0186407750321
GO:0060431, 0.00116504843951, 0.0186407750321
GO:0016973, 0.0019412444644, 0.0254126548067
GO:0070365, 0.0019412444644, 0.0254126548067
ROWS: 2547 5021 6964
COLS: 0 1 2 18 47 57 58 73 78 82 83 87 94 95 97 99
GO:0043569, 0.00129449825164, 0.0310679580393
ROWS: 1527 1690 2059 2627
COLS: 12 28 52 57 58 63 65 85 86 100 108 109
GO:0030185, 0.000258966722776, 0.0103579981866
GO:0015671, 0.000517899909328, 0.0103579981866
ROWS: 1280 10436 11189
COLS: 8 11 14 21 28 41 48 50 54 55 58 60 72 99 101 105
GO:0006096, 0.00517933445552, 0.0307199274893
GO:0019320, 0.00725106823773, 0.0307199274893
GO:0046164, 0.00854590185161, 0.0307199274893
GO:0044275, 0.00945228538133, 0.0307199274893
GO:0006006, 0.0169623203418, 0.0441020328888
ROWS: 7251 10426 10864
COLS: 0 3 11 17 33 34 37 42 46 83 90 93 97 101 103 108
ROWS: 4973 12569 12571
COLS: 8 23 26 39 49 55 57 61 79 80 84 94 99 100 106 108
GO:0030263, 0.000517933445552, 0.0129483361388
GO:0006309, 0.00194225042082, 0.0226595882429
GO:0006921, 0.00271915058915, 0.0226595882429
GO:0006308, 0.0064741680694, 0.0404635504338
GO:0006323, 0.00841641849022, 0.0420820924511
ROWS: 4168 4294 12610
COLS: 7 11 12 16 17 18 26 46 49 51 68 73 77 85 95 99
GO:0016486, 0.00168328369804, 0.0488152272433
ROWS: 8567 9788 11232
COLS: 3 5 6 17 25 39 50 57 59 63 67 74 77 83 95 101
GO:0006345, 0.000776799559656, 0.0439048335293
GO:0031935, 0.00155319673674, 0.0439048335293
GO:0060969, 0.00155319673674, 0.0439048335293
GO:0006337, 0.00232919163551, 0.0439048335293
GO:0019047, 0.0031047843602, 0.0439048335293
GO:0045815, 0.0031047843602, 0.0439048335293
GO:0006268, 0.00349242993983, 0.0439048335293
ROWS: 1490 5951 10172 10225 12602
COLS: 4 8 15 35 42 44 53 83 88
ROWS: 4785 5429 7552
COLS: 15 17 21 37 48 50 52 74 75 83 91 95 97 100 106
GO:0000117, 0.000388450084164, 0.0403988087531
ROWS: 12610 12611 12619
COLS: 3 23 24 32 49 50 53 61 79 81 84 86 92 99 104
ROWS: 3097 8401 8609
COLS: 3 5 7 13 26 29 30 34 46 63 92 93 103 104 109
ROWS: 11019 11060 11389
COLS: 5 6 9 13 20 29 48 49 53 68 70 71 102 108 109
GO:0015824, 0.00116504843951, 0.0473725004707
GO:0046835, 0.00155319673674, 0.0473725004707
ROWS: 38 7558 9192
COLS: 16 24 25 50 58 63 64 72 81 83 89 93 98 99 101
GO:0061009, 0.000258966722776, 0.0149318137578
GO:0061011, 0.000258966722776, 0.0149318137578
GO:0010621, 0.000517899909328, 0.0149318137578
GO:0061010, 0.000517899909328, 0.0149318137578
GO:0061017, 0.000517899909328, 0.0149318137578
GO:0010944, 0.000776799559656, 0.0149318137578
GO:0022027, 0.000776799559656, 0.0149318137578
GO:0030948, 0.000776799559656, 0.0149318137578
GO:0060431, 0.000776799559656, 0.0149318137578
GO:0051045, 0.00103566567376, 0.017917016156
GO:0016973, 0.00129449825164, 0.0186623497945
GO:0070365, 0.00129449825164, 0.0186623497945
GO:0051593, 0.00155329729329, 0.0206708024415
GO:0007417, 0.00194409491315, 0.0240234585696
GO:0030878, 0.00336395157061, 0.038797574781
GO:0060571, 0.00362248232247, 0.0391680901117
GO:0009611, 0.00403424008241, 0.0410543255445
GO:0030177, 0.00465626996768, 0.044731621839
GO:0007492, 0.00491463303842, 0.044731621839
GO:0060425, 0.00543125857123, 0.044731621839
GO:0043200, 0.0056895210333, 0.044731621839
GO:0010605, 0.00618837236732, 0.044731621839
GO:0042246, 0.00620594534877, 0.044731621839
GO:0033619, 0.00646410720216, 0.044731621839
GO:0035050, 0.00646410720216, 0.044731621839
GO:0016525, 0.00698033030028, 0.0464460439211
GO:0001570, 0.00801237406184, 0.0495050254535
GO:0006405, 0.00801237406184, 0.0495050254535
ROWS: 1197 5256 8114
COLS: 2 5 10 18 33 37 40 54 72 74 79 99 105 107 109
GO:0021942, 0.000258966722776, 0.033145594197
GO:0051823, 0.000517899909328, 0.033145594197
GO:0021535, 0.00103566567376, 0.0441884020804
GO:0060134, 0.00155329729329, 0.0463888076474
GO:0060391, 0.00181206279873, 0.0463888076474
ROWS: 1891 5983 7436
COLS: 6 11 18 32 34 35 41 50 60 68 73 77 80 91 96
GO:0046086, 0.000388450084164, 0.0170895903124
GO:0006196, 0.000776799559656, 0.0170895903124
GO:0009128, 0.000776799559656, 0.0170895903124
GO:0009158, 0.000776799559656, 0.0170895903124
GO:0050689, 0.000776799559656, 0.0170895903124
GO:0002832, 0.00232919163551, 0.0257042623892
GO:0032435, 0.00232919163551, 0.0257042623892
GO:0042451, 0.00232919163551, 0.0257042623892
GO:0042455, 0.00232919163551, 0.0257042623892
GO:0031348, 0.00233675112629, 0.0257042623892
GO:0046629, 0.0027170382631, 0.027170382631
GO:0080134, 0.00318703561798, 0.0292144931648
GO:0002698, 0.00581619328075, 0.0453060953957
GO:0050688, 0.00620313560303, 0.0453060953957
GO:0009167, 0.0065899775121, 0.0453060953957
GO:0043901, 0.0065899775121, 0.0453060953957
GO:0046128, 0.00736336014272, 0.0476452715117
GO:0019835, 0.00813634127684, 0.0497220855807
ROWS: 4040 7115 9197
COLS: 8 10 20 38 40 41 51 58 61 65 71 77 85 87 99
GO:0006711, 0.000258966722776, 0.0176097371488
ROWS: 2991 5510 7869
COLS: 15 17 18 20 37 38 41 55 61 62 78 79 80 90 96
ROWS: 3189 4309 5018
COLS: 0 8 15 53 54 57 69 71 73 80 81 90 92 101
GO:0034653, 0.000388450084164, 0.0264146057232
GO:0009111, 0.00116504843951, 0.0352057926995
GO:0048387, 0.00155319673674, 0.0352057926995
ROWS: 6253 7526 7831
COLS: 0 2 4 42 48 54 67 72 91 92 96 99 104 105
GO:0070997, 0.000315782229175, 0.0333365552832
GO:0019244, 0.000388450084164, 0.0333365552832
GO:0021990, 0.000776799559656, 0.0333365552832
GO:0042059, 0.000776799559656, 0.0333365552832
GO:0006089, 0.00116504843951, 0.0333365552832
GO:0019805, 0.00116504843951, 0.0333365552832
GO:0051130, 0.0016672292721, 0.0333365552832
GO:0000052, 0.0019412444644, 0.0333365552832
GO:0048341, 0.0019412444644, 0.0333365552832
GO:0051387, 0.0019412444644, 0.0333365552832
GO:0051938, 0.0019412444644, 0.0333365552832
GO:0001840, 0.00232919163551, 0.0333365552832
GO:0007029, 0.00232919163551, 0.0333365552832
GO:0007185, 0.00232919163551, 0.0333365552832
GO:0021756, 0.00232919163551, 0.0333365552832
GO:0050775, 0.00232919163551, 0.0333365552832
GO:0008340, 0.0027170382631, 0.0355497809242
GO:0000050, 0.0031047843602, 0.0355497809242
GO:0043090, 0.0031047843602, 0.0355497809242
GO:0047496, 0.0031047843602, 0.0355497809242
GO:0001578, 0.00349242993983, 0.0363530207374
GO:0046902, 0.00349242993983, 0.0363530207374
GO:0001960, 0.00387997501505, 0.0367565823547
GO:0046785, 0.00387997501505, 0.0367565823547
GO:0008088, 0.00426741959886, 0.0367565823547
GO:0048339, 0.00426741959886, 0.0367565823547
GO:0048666, 0.00460123841814, 0.0367565823547
GO:0021988, 0.00465476370431, 0.0367565823547
GO:0035176, 0.00465476370431, 0.0367565823547
GO:0015800, 0.00542915053222, 0.0401056603832
GO:0043603, 0.00542915053222, 0.0401056603832
GO:0007212, 0.00581619328075, 0.0409381741797
GO:0015807, 0.0065899775121, 0.0409381741797
GO:0046627, 0.0065899775121, 0.0409381741797
GO:0050803, 0.0065899775121, 0.0409381741797
GO:0051881, 0.0065899775121, 0.0409381741797
GO:0043068, 0.0066144648238, 0.0409381741797
GO:0008542, 0.00697671902098, 0.0409658629694
GO:0050773, 0.00697671902098, 0.0409658629694
GO:0032273, 0.00736336014272, 0.042155236817
GO:0043525, 0.00774990089032, 0.043286031802
ROWS: 843 4726 9502
COLS: 0 2 4 16 35 36 47 52 71 75 82 83 89 98
GO:0043932, 0.000776799559656, 0.0477607996549
GO:0060364, 0.000776799559656, 0.0477607996549
GO:0070483, 0.000776799559656, 0.0477607996549
GO:0030854, 0.00116504843951, 0.0477607996549
GO:0048702, 0.00116504843951, 0.0477607996549
GO:0022601, 0.00155319673674, 0.0477607996549
GO:0030853, 0.00155319673674, 0.0477607996549
GO:0034616, 0.00155319673674, 0.0477607996549
ROWS: 77 1887 6543
COLS: 15 21 29 36 48 52 60 65 72 85 87 92 105 107
ROWS: 3538 8657 12390
COLS: 14 19 29 36 39 48 63 78 81 85 91 95 100 104
ROWS: 7580 9870 11047
COLS: 6 18 21 22 29 56 57 65 67 78 79 84 103 107
GO:0000492, 0.000258966722776, 0.0106176356338
GO:0030150, 0.000258966722776, 0.0106176356338
ROWS: 8561 9642 10096
COLS: 1 20 31 34 35 46 57 60 68 85 91 97 101
GO:0030259, 0.000517899909328, 0.0217517961918
ROWS: 7463 8854 10429
COLS: 2 11 14 19 43 73 77 80 89 95 103 104 105
GO:0042840, 0.000258966722776, 0.00448846588085
GO:0019853, 0.000517899909328, 0.00448846588085
GO:0046185, 0.000517899909328, 0.00448846588085
GO:0019585, 0.00103566567376, 0.00673182687944
GO:0009110, 0.00491463303842, 0.0255560917998
GO:0006767, 0.00620594534877, 0.0268924298447
ROWS: 1627 2300 7977
COLS: 15 18 34 35 38 48 57 58 61 80 81 105 109
GO:0048489, 3.52374154521e-05, 0.00359421637611
GO:0006887, 0.000365057610086, 0.0186179381144
GO:0016081, 0.00155319673674, 0.0396013870738
GO:0016188, 0.00155319673674, 0.0396013870738
GO:0050435, 0.0019412444644, 0.0396013870738
ROWS: 3613 8583 11776
COLS: 1 14 23 24 36 41 64 70 81 84 86 89 100
ROWS: 878 3291 10741
COLS: 14 19 26 30 34 58 68 69 72 74 96 100 101
ROWS: 5717 7485 11952
COLS: 5 20 24 40 49 53 64 67 69 92 101 105
GO:0018101, 0.000388450084164, 0.0256377055548
ROWS: 1907 6388 9018
COLS: 6 24 42 47 60 64 70 84 85 88 99 107
ROWS: 972 8205 8611
COLS: 3 10 24 28 33 67 71 75 97 100 102 103
GO:0000717, 0.000388450084164, 0.0264146057232
GO:0009642, 0.000388450084164, 0.0264146057232
ROWS: 2943 7684 8294
COLS: 2 6 19 43 48 53 58 63 67 74 78 109
GO:0002821, 3.01226613138e-05, 0.00792225992552
GO:0055082, 6.91805611211e-05, 0.00909724378742
GO:0002729, 0.000388450084164, 0.0145946245907
GO:0032831, 0.000388450084164, 0.0145946245907
GO:0045838, 0.000388450084164, 0.0145946245907
GO:0070104, 0.000388450084164, 0.0145946245907
GO:0070106, 0.000388450084164, 0.0145946245907
GO:0002696, 0.000474229238929, 0.0151250839268
GO:0042592, 0.000517588423349, 0.0151250839268
GO:0045589, 0.000776799559656, 0.0182338319335
GO:0010613, 0.00116504843951, 0.0182338319335
GO:0042511, 0.00116504843951, 0.0182338319335
GO:0070120, 0.00116504843951, 0.0182338319335
GO:0050865, 0.00116971482636, 0.0182338319335
GO:0050801, 0.00134005732816, 0.0182338319335
GO:0006874, 0.00139110945478, 0.0182338319335
GO:0006642, 0.00155319673674, 0.0182338319335
GO:0032689, 0.00155319673674, 0.0182338319335
GO:0048861, 0.00155319673674, 0.0182338319335
GO:0055065, 0.0016672292721, 0.0182338319335
GO:0003012, 0.00175855330555, 0.0182338319335
GO:0000160, 0.0019412444644, 0.0182338319335
GO:0042517, 0.0019412444644, 0.0182338319335
GO:0045019, 0.0019412444644, 0.0182338319335
GO:0045588, 0.0019412444644, 0.0182338319335
GO:0046643, 0.0019412444644, 0.0182338319335
GO:0048711, 0.0019412444644, 0.0182338319335
GO:0051481, 0.0019412444644, 0.0182338319335
GO:0055066, 0.00212737860031, 0.0192931231683
GO:0030003, 0.00229296689729, 0.0197605612948
GO:0002925, 0.00232919163551, 0.0197605612948
GO:0014743, 0.0031047843602, 0.0246526578685
GO:0043011, 0.0031047843602, 0.0246526578685
GO:0080134, 0.00318703561798, 0.0246526578685
GO:0002714, 0.00349242993983, 0.0249406967667
GO:0046902, 0.00349242993983, 0.0249406967667
GO:0051094, 0.00378142029195, 0.0249406967667
GO:0002920, 0.00387997501505, 0.0249406967667
GO:0008593, 0.00387997501505, 0.0249406967667
GO:0014897, 0.00387997501505, 0.0249406967667
GO:0010575, 0.00426741959886, 0.0249406967667
GO:0014911, 0.00426741959886, 0.0249406967667
GO:0043370, 0.00426741959886, 0.0249406967667
GO:0043502, 0.00426741959886, 0.0249406967667
GO:0050995, 0.00426741959886, 0.0249406967667
GO:0014015, 0.00504200734442, 0.0288271289474
GO:0043066, 0.00527517119384, 0.0291401344893
GO:0002702, 0.00542915053222, 0.0291401344893
GO:0045954, 0.00542915053222, 0.0291401344893
GO:0060548, 0.00556372918014, 0.0292652154876
GO:0002675, 0.00620313560303, 0.0303500587934
GO:0002718, 0.00620313560303, 0.0303500587934
GO:0043029, 0.00620313560303, 0.0303500587934
GO:0006812, 0.006231571007, 0.0303500587934
GO:0002715, 0.0065899775121, 0.0309493586729
GO:0046638, 0.0065899775121, 0.0309493586729
GO:0001959, 0.00736336014272, 0.0317469461891
GO:0002889, 0.00736336014272, 0.0317469461891
GO:0010524, 0.00736336014272, 0.0317469461891
GO:0045685, 0.00736336014272, 0.0317469461891
GO:0046427, 0.00736336014272, 0.0317469461891
GO:0042509, 0.00813634127684, 0.0341468175667
GO:0031343, 0.00852268131529, 0.0341468175667
GO:0045669, 0.00852268131529, 0.0341468175667
GO:0050870, 0.00856582690599, 0.0341468175667
GO:0031349, 0.00856916334374, 0.0341468175667
GO:0045595, 0.00873375923517, 0.0342832638634
GO:0001910, 0.00890892101871, 0.0344565621753
GO:0001659, 0.0100670382491, 0.0378233008502
GO:0014812, 0.0100670382491, 0.0378233008502
GO:0046634, 0.0104528767427, 0.0387198110328
GO:0002705, 0.0108386149664, 0.0390487087146
GO:0050868, 0.0108386149664, 0.0390487087146
GO:2000026, 0.0111792942912, 0.0397318161971
GO:0045621, 0.0116097906564, 0.0401759860871
GO:0045768, 0.0116097906564, 0.0401759860871
GO:0001776, 0.0123805654231, 0.0422868663154
GO:0051249, 0.0127735915799, 0.0430699305836
GO:0042102, 0.013150939371, 0.0437809753744
GO:0045089, 0.0143057489854, 0.0464495306564
GO:0046209, 0.0143057489854, 0.0464495306564
GO:0006639, 0.0150751213421, 0.0473522332201
GO:0032879, 0.0151456047992, 0.0473522332201
GO:0005977, 0.0154596573437, 0.0473522332201
GO:0002695, 0.0158440932447, 0.0473522332201
GO:0043270, 0.0158440932447, 0.0473522332201
GO:0044042, 0.0158440932447, 0.0473522332201
GO:0060401, 0.0158440932447, 0.0473522332201
GO:0002822, 0.0162284290584, 0.047955919577
GO:0018904, 0.0169968004754, 0.0491226211541
GO:0050731, 0.0169968004754, 0.0491226211541
ROWS: 2593 4751 9197
COLS: 15 17 18 24 31 36 38 51 71 73 88 103
GO:0016482, 0.000258966722776, 0.0196801965545
GO:0048025, 0.000517899909328, 0.0196801965545
GO:0000244, 0.00103566567376, 0.0262368637352
ROWS: 4591 5934 9404
COLS: 17 25 28 39 43 60 71 73 76 77 92 106
GO:0015798, 0.000517899909328, 0.0243381433333
GO:0016255, 0.00103566567376, 0.0243381433333
GO:0009948, 0.00310538728252, 0.0344500079922
GO:0021871, 0.00310538728252, 0.0344500079922
GO:0006505, 0.00439787336071, 0.0344500079922
GO:0060322, 0.00439787336071, 0.0344500079922
GO:0009880, 0.0056895210333, 0.0378004891795
GO:0046489, 0.00672223551934, 0.0378004891795
GO:0006497, 0.00723839154501, 0.0378004891795
GO:0015850, 0.00981715949993, 0.0459224356674
GO:0007399, 0.011649176352, 0.0459224356674
GO:0042157, 0.0126499308164, 0.0459224356674
GO:0007605, 0.0131645441758, 0.0459224356674
GO:0045017, 0.0136790233903, 0.0459224356674
ROWS: 1967 6736 12087
COLS: 23 26 35 46 48 54 58 59 62 74 78 89
GO:0071459, 0.000258966722776, 0.0160559368121
GO:0051382, 0.00103566567376, 0.0267529638672
GO:0000132, 0.00129449825164, 0.0267529638672
GO:0051293, 0.00181206279873, 0.0280869733803
GO:0006461, 0.00338799704331, 0.0374323173322
GO:0001502, 0.00362248232247, 0.0374323173322
GO:0030010, 0.00439787336071, 0.0389525926234
GO:0043933, 0.00608692528931, 0.0471736709921
ROWS: 969 7335 8210
COLS: 5 7 13 23 24 27 30 40 44 70 87 102
ROWS: 4482 8478 11502
COLS: 19 20 21 36 40 43 51 57 73 76 104 109
GO:0022410, 0.00387997501505, 0.0473358866317
GO:0045187, 0.00387997501505, 0.0473358866317
GO:0001516, 0.00504200734442, 0.0473358866317
GO:0007622, 0.00504200734442, 0.0473358866317
GO:0030431, 0.0065899775121, 0.0473358866317
GO:0042752, 0.00697671902098, 0.0473358866317
GO:0006692, 0.00736336014272, 0.0473358866317
ROWS: 1200 7807 12623
COLS: 12 13 15 23 49 51 67 80 85 99 105
GO:0048685, 0.000258966722776, 0.00767493257458
GO:0050767, 0.000464845602745, 0.00767493257458
GO:0048670, 0.000517899909328, 0.00767493257458
GO:0051654, 0.000517899909328, 0.00767493257458
GO:0048667, 0.000589499747858, 0.00767493257458
GO:0048812, 0.000627831652045, 0.00767493257458
GO:0045780, 0.000776799559656, 0.00767493257458
GO:0032990, 0.00080788763943, 0.00767493257458
GO:0070571, 0.00103566567376, 0.00874562124508
GO:0000902, 0.00128195570381, 0.00894380610224
GO:0034105, 0.00129449825164, 0.00894380610224
GO:0048679, 0.00155329729329, 0.0098375495242
GO:0030030, 0.00188741869436, 0.0110341400593
GO:0046697, 0.00258815809768, 0.013356485401
GO:0030182, 0.00263614843441, 0.013356485401
GO:0045595, 0.00302161379463, 0.0143526655245
GO:0010976, 0.00336395157061, 0.0147727000245
GO:0048640, 0.00362248232247, 0.0147727000245
GO:0046850, 0.00388097953811, 0.0147727000245
GO:2000026, 0.00388755263804, 0.0147727000245
GO:0033280, 0.00465626996768, 0.016085296252
GO:0071363, 0.00465626996768, 0.016085296252
GO:0007155, 0.00557291558198, 0.0180168166054
GO:0007566, 0.0056895210333, 0.0180168166054
GO:0050771, 0.00672223551934, 0.0204355959788
GO:0048678, 0.00801237406184, 0.0234207857192
GO:0048588, 0.0090438812438, 0.0254568509085
GO:0010033, 0.00959625639154, 0.0254930900309
GO:0010975, 0.00972762645914, 0.0254930900309
GO:0051716, 0.0106111966788, 0.0268816982529
GO:0032102, 0.011620301663, 0.027666793836
GO:0007399, 0.011649176352, 0.027666793836
GO:0031214, 0.0123925738324, 0.0285404730686
GO:0010721, 0.0136790233903, 0.0305766405194
GO:0001894, 0.0152216561643, 0.0323217705064
GO:0051640, 0.0154786442498, 0.0323217705064
GO:0001649, 0.0157355987992, 0.0323217705064
GO:0001890, 0.0172766218344, 0.0345532436689
GO:0007411, 0.0193294411862, 0.0367259382538
GO:0031099, 0.0193294411862, 0.0367259382538
GO:0010769, 0.0208676471787, 0.038224195417
GO:0030308, 0.0211238974673, 0.038224195417
GO:0080135, 0.0252193411587, 0.0445737192573
GO:0048869, 0.0267691506847, 0.04623762391
ROWS: 528 1770 12537
COLS: 0 13 39 40 41 47 50 70 96 97 100
GO:0043380, 0.000258966722776, 0.0212325212973
GO:0048294, 0.000258966722776, 0.0212325212973
GO:0032764, 0.000517899909328, 0.0212325212973
GO:0002634, 0.000776799559656, 0.0212325212973
GO:0002701, 0.000776799559656, 0.0212325212973
GO:0002829, 0.000776799559656, 0.0212325212973
GO:0034619, 0.000776799559656, 0.0212325212973
GO:0045629, 0.000776799559656, 0.0212325212973
GO:0070096, 0.000776799559656, 0.0212325212973
GO:0043371, 0.00103566567376, 0.0254773755745
GO:0002903, 0.00129449825164, 0.0286527663713
GO:0035024, 0.00155329729329, 0.0286527663713
GO:0002820, 0.00181206279873, 0.0286527663713
GO:0045910, 0.00181206279873, 0.0286527663713
GO:0045581, 0.00207079476793, 0.0286527663713
GO:0045749, 0.00207079476793, 0.0286527663713
GO:0061082, 0.00207079476793, 0.0286527663713
GO:0001953, 0.00232949320092, 0.0286527663713
GO:0045622, 0.00232949320092, 0.0286527663713
GO:0046636, 0.00232949320092, 0.0286527663713
GO:0045191, 0.00258815809768, 0.028940313274
GO:0048821, 0.00258815809768, 0.028940313274
GO:0050869, 0.00310538728252, 0.0295547173703
GO:0070228, 0.00310538728252, 0.0295547173703
GO:0002287, 0.00336395157061, 0.0295547173703
GO:0002292, 0.00336395157061, 0.0295547173703
GO:0002294, 0.00336395157061, 0.0295547173703
GO:0051058, 0.00336395157061, 0.0295547173703
GO:0002718, 0.00413944321752, 0.0351138976383
GO:0032319, 0.00465626996768, 0.0353485775817
GO:0002712, 0.00491463303842, 0.0353485775817
GO:0007006, 0.00491463303842, 0.0353485775817
GO:0002204, 0.00517296257294, 0.0353485775817
GO:0002381, 0.00517296257294, 0.0353485775817
GO:0030890, 0.00517296257294, 0.0353485775817
GO:0046637, 0.00517296257294, 0.0353485775817
GO:0033261, 0.00543125857123, 0.0361105299601
GO:0002285, 0.00620594534877, 0.0401753304157
GO:0016445, 0.00646410720216, 0.0407735992752
GO:0001818, 0.00698033030028, 0.0429290313467
GO:0002562, 0.00775441342578, 0.0465264805547
ROWS: 3494 4300 4603
COLS: 11 17 65 71 73 75 95 97 103 106 109
GO:0046549, 0.000776799559656, 0.0295107379981
GO:0060219, 0.00116504843951, 0.0295107379981
GO:0016556, 0.00155319673674, 0.0295107379981
GO:0050908, 0.0027170382631, 0.0387177952491
ROWS: 7281 7583 7662
COLS: 21 24 27 30 49 63 72 96 97 99 103
GO:0006749, 0.00465626996768, 0.0325938897737
ROWS: 1291 4747 10144
COLS: 5 6 20 48 53 61 62 79 104 106 109
ROWS: 4682 10957 10958
COLS: 21 27 38 47 58 64 70 80 84 90 100
GO:0030644, 0.000776799559656, 0.0201967885511
GO:0055083, 0.000776799559656, 0.0201967885511
GO:0030002, 0.00129449825164, 0.0224379696951
GO:0006600, 0.00181206279873, 0.0235568163834
GO:0006613, 0.00284678945821, 0.0296066103654
ROWS: 2248 2726 2911
COLS: 8 9 19 27 29 36 52 56 59 85 98
ROWS: 6559 10501 12035
COLS: 5 6 21 34 41 50 89 90 99 105 107
ROWS: 2366 2380 3296 4584 6292 6448 7184 12151
COLS: 20 35 57 62
ROWS: 2497 7200 12089
COLS: 1 13 17 49 57 73 80 83 96 103
GO:0046314, 0.000388450084164, 0.0124304026932
GO:0006600, 0.0027170382631, 0.0434726122096
ROWS: 1927 3736 11628
COLS: 22 31 32 34 47 60 62 77 83 106
ROWS: 5990 7942 11608
COLS: 3 13 35 38 51 71 85 91 92 97
ROWS: 2801 7402 11755
COLS: 15 17 49 67 81 83 99 101 109
ROWS: 4337 4495 5856
COLS: 8 23 29 32 50 63 66 72 87
GO:0006551, 0.00155319673674, 0.0361024703504
GO:0046487, 0.00232919163551, 0.0361024703504
ROWS: 6504 10162 10319
COLS: 5 28 47 52 75 76 80 87 91
GO:0070367, 0.000258966722776, 0.0159492513759
GO:0060029, 0.000517899909328, 0.0159492513759
GO:0090103, 0.000776799559656, 0.0159492513759
GO:0005513, 0.00103566567376, 0.0159492513759
GO:0061037, 0.00103566567376, 0.0159492513759
GO:0017158, 0.00310538728252, 0.0398524701257
ROWS: 2402 7940 10021
COLS: 5 16 34 81 82 83 94 104
GO:0070208, 0.000517933445552, 0.0376364970435
GO:0070207, 0.000906383529717, 0.0376364970435
GO:0070306, 0.0010358668911, 0.0376364970435
GO:0001825, 0.00194225042082, 0.040576848375
GO:0030512, 0.00233070050499, 0.040576848375
GO:0046677, 0.00271915058915, 0.040576848375
GO:0002260, 0.00297811731193, 0.040576848375
GO:0050772, 0.00297811731193, 0.040576848375
GO:0070848, 0.00375501748025, 0.0454774339275
ROWS: 4501 9015 12536
COLS: 4 22 27 60 83 100 106 107
ROWS: 104 7815 9592
COLS: 44 55 56 60 66 71 96 100
GO:0043405, 0.00021982994921, 0.0151495532824
GO:0048012, 0.000258966722776, 0.0151495532824
GO:0051450, 0.000776799559656, 0.0227213871199
GO:0060665, 0.000776799559656, 0.0227213871199
GO:0043508, 0.00103566567376, 0.024234576766
GO:0043549, 0.00141506097741, 0.0275936890594
GO:0019220, 0.00290879793664, 0.0465110119713
GO:0023014, 0.00318024013479, 0.0465110119713
ROWS: 3605 7492 9532
COLS: 3 6 20 34 48 63 80
GO:0060766, 0.000517933445552, 0.0378091415253
ROWS: 688 7425 7558
COLS: 33 38 57 64 79 100 102
GO:0061009, 0.000388450084164, 0.0222418338451
GO:0061011, 0.000388450084164, 0.0222418338451
GO:0010621, 0.000776799559656, 0.0222418338451
GO:0061010, 0.000776799559656, 0.0222418338451
GO:0061017, 0.000776799559656, 0.0222418338451
GO:0090084, 0.000776799559656, 0.0222418338451
GO:0090086, 0.000776799559656, 0.0222418338451
GO:0010944, 0.00116504843951, 0.0222418338451
GO:0022027, 0.00116504843951, 0.0222418338451
GO:0030948, 0.00116504843951, 0.0222418338451
GO:0060431, 0.00116504843951, 0.0222418338451
GO:0016973, 0.0019412444644, 0.031358564425
GO:0070365, 0.0019412444644, 0.031358564425
GO:0007169, 0.00289663953299, 0.0434495929948
ROWS: 236 252 6157
COLS: 16 48 63 68 69 105
GO:0006269, 0.000517899909328, 0.0150190973705
ROWS: 919 1690 2059
COLS: 50 73 79 86 106 107
GO:0030185, 0.000258966722776, 0.0116527479599
GO:0015671, 0.000517899909328, 0.0116527479599
ROWS: 1704 8464 11200 11906
COLS: 20 29 80 91
GO:0046168, 0.00103566567376, 0.0388299184186
GO:0019405, 0.00155319673674, 0.0388299184186
GO:0031146, 0.0025876555755, 0.043127592925
ROWS: 4485 6120 6552
COLS: 29 42 59 74 81
ROWS: 731 9255 9938
COLS: 8 24 47 49 82
GO:0006638, 7.82172813321e-05, 0.00453205652139
GO:0006662, 8.63248861217e-05, 0.00453205652139
GO:0018350, 0.000388450084164, 0.0101968147093
GO:0044258, 0.000388450084164, 0.0101968147093
GO:0046486, 0.000734898347486, 0.0148249626604
GO:0010876, 0.000847140723449, 0.0148249626604
GO:0046514, 0.00116504843951, 0.0174757265926
GO:0010891, 0.00155319673674, 0.0203857071698
GO:0010898, 0.0019412444644, 0.0226478520847
GO:0030157, 0.00232919163551, 0.0229190714802
GO:0006707, 0.0027170382631, 0.0229190714802
GO:0030299, 0.0027170382631, 0.0229190714802
GO:0044281, 0.00304299002105, 0.0229190714802
GO:0000002, 0.0031047843602, 0.0229190714802
GO:0006206, 0.00349242993983, 0.0229190714802
GO:0090207, 0.00349242993983, 0.0229190714802
GO:0030149, 0.00426741959886, 0.0248932809933
GO:0046464, 0.00426741959886, 0.0248932809933
GO:0006706, 0.00620313560303, 0.0336503284257
GO:0006213, 0.0065899775121, 0.0336503284257
GO:0006641, 0.00673006568514, 0.0336503284257
GO:0044242, 0.00805610027991, 0.0384495695178
GO:0044243, 0.00890892101871, 0.0390967478701
GO:0050994, 0.00929506040014, 0.0390967478701
GO:0006220, 0.00968109947259, 0.0390967478701
GO:0010883, 0.00968109947259, 0.0390967478701
GO:0046519, 0.0104528767427, 0.0406500762216
ROWS: 6234 6640 7446
COLS: 55 91 93 99 101
ROWS: 3230 6801 7957 10274 12596
COLS: 21 24 32
ROWS: 5489 8337 10401
COLS: 13 27 32 58 105
GO:0070779, 0.00116504843951, 0.0355201724415
GO:0042940, 0.00155319673674, 0.0355201724415
GO:0051938, 0.0019412444644, 0.0355201724415
GO:0015810, 0.00232919163551, 0.0355201724415
GO:0006835, 0.00387997501505, 0.0473356951836
ROWS: 3304 3551 9226
COLS: 2 15 26 49
GO:0010430, 0.000258966722776, 0.0176097371488
GO:0006069, 0.00129449825164, 0.0293419603705
GO:0034308, 0.00129449825164, 0.0293419603705
GO:0006306, 0.00207079476793, 0.0352035110549
GO:0001523, 0.00310538728252, 0.0422332670423
GO:0006304, 0.00491463303842, 0.0477421495161
GO:0006721, 0.00491463303842, 0.0477421495161
ROWS: 2773 6040 8456
COLS: 77 85 94
GO:0046686, 0.00194225042082, 0.0227243299236
GO:0034612, 0.0022012171436, 0.0227243299236
GO:0043200, 0.00284863395054, 0.0227243299236
GO:0009410, 0.00336656739609, 0.0227243299236
