---------------------------------------
4 21 22 56 87 88 92 148 165 184 185 228 238 270 274 308 311 326 352 364 369 379 415 439 471 479 578 671 690 719 721 773 822 854 886 973 978 990 1009 1026 1062 1066 1100 1132 1149 1185 1199 1206 1253 1302 1308 1310 1322 1327 1336 1352 1353 1380 1390 1399 1405 1419 1441 1449 1474 1497 1498 1522 1523 1554 1555 1560 1571 1578 1590 1606 1644 1647 1653 1688 1715 1720 1727 1735 1746 1750 1786 1788 1830 1911 1934 1949 1951 1959 1971 1989 1994 1995 2001 2030 2055 2062 2063 2081 2100 2330 2343 2357 2464 2470 2483 2527 2539 2561 2632 2633 2712 2725 2751 2833 2956 2967 2980 3000 3002 3009 3022 3038 3042 3043 3069 3077 3084 3087 3106 3112 3116 3119 3123 3155 3184 3194 3228 3231 3236 3264 3306 3332 3484 3498 3501 3571 3627 3640 3656 3714 3718 3817 3850 3899 3926 3973 3989 4000 4036 4054 4100 4138 4180 4196 4200 4204 4214 4267 4384 4438 4479 4494 4496 4520 4527 4532 4540 4543 4545 4550 4552 4568 4580 4584 4586 4601 4605 4620 4633 4685 4697 4698 4734 4781 4840 4907 4978 4985 4995 4996 5019 5081 5093 5107 5126 5135 5136 5165 5173 5186 5245 5428 5467 5479 5524 5543 5579 5596 5608 5609 5625 5641 5665 5671 5680 5703 5752 5931 5971 5975 5995 6039 6126 6154 6262 6275 6295 6299 6323 6339 6350 6356 6364 6404 6405 6406 6428 6433 6436 6454 6469 6493 6501 6506 6591 6593 6597 6618 6718 6784 6809 6905 6934 6955 6960 7151 7174 7198 7201 7246 7330 7428 7448 7456 7478 7528 7559 7560 7565 7668 7671 7690 7693 7825 7854 7877 7879 7931 7945 8008 8011 8020 8111 8239 8291 8328 8353 8431 8538 8553 8617 8636 8670 8672 8702 8858 8859 8872 8936 8943 8976 9010 9016 9041 9052 9098 9185 9264 9267 9274 9285 9305 9350 9351 9372 9449 9454 9576 9587 9642 9689 9733 9745 9901 9903 9922 9933 9944 9955 9995 10016 10024 10057 10078 10108 10180 10233 10260 10261 10267 10269 10273 10288 10315 10355 10417 10424 10533 10620 10625 10631 10699 10715 10779 10808 10860 10888 11000 11030 11040 11064 11081 11112 11152 11173 11217 11223 11264 11425 11440 11448 11469 11473 11500 11554 11597 11639 11648 11652 11691 11710 11726 11748 11780 11787 11792 11839 11840 11951 11956 11973 12037 12122 12125 12133 12136 12137 12179 12231 12267 12269 12274 12289 12295 12321 12404 12408 12426 12457 12484 12485 12526 12606|8 51 56 70 76 98

0
56 73 88 95 148 212 220 308 309 311 326 365 439 471 479 681 690 694 716 719 757 760 911 939 973 978 984 1009 1050 1062 1132 1185 1213 1240 1241 1253 1322 1352 1399 1400 1473 1497 1522 1567 1571 1621 1628 1644 1669 1688 1715 1720 1746 1750 1751 1786 1788 1830 1943 1977 1989 2001 2030 2084 2182 2343 2353 2401 2470 2471 2483 2632 2736 2751 2767 2808 2967 3042 3077 3106 3112 3116 3119 3130 3155 3165 3184 3201 3208 3220 3319 3499 3501 3714 3718 3791 3850 3857 3949 4000 4018 4047 4054 4066 4092 4138 4164 4199 4267 4438 4443 4479 4520 4540 4546 4552 4580 4605 4633 4697 4734 4803 4840 4978 4995 5019 5126 5165 5173 5186 5245 5293 5428 5431 5467 5479 5514 5641 5644 5665 5671 5765 5810 5845 5971 5995 6039 6088 6111 6272 6299 6310 6349 6356 6364 6405 6406 6428 6453 6501 6606 6674 6777 6794 6795 6809 6926 6932 6934 6955 7068 7121 7140 7151 7157 7174 7195 7198 7201 7330 7428 7528 7565 7567 7668 7671 7716 7825 7854 7879 8008 8011 8054 8150 8212 8239 8251 8291 8328 8348 8353 8389 8429 8431 8433 8586 8605 8617 8702 8872 8900 8943 9010 9029 9052 9119 9146 9164 9185 9268 9272 9274 9294 9305 9343 9410 9454 9455 9465 9587 9641 9657 9663 9903 9944 9955 9987 9995 10039 10057 10078 10108 10180 10260 10267 10269 10352 10385 10417 10490 10620 10625 10631 10635 10779 10808 10978 11000 11064 11065 11112 11184 11217 11337 11415 11425 11440 11445 11451 11484 11516 11554 11597 11600 11691 11710 11748 11773 11878 11916 11951 11956 11979 12073 12093 12129 12133 12137 12161 12172 12179 12267 12337 12458 12484 12485 12526 12550 12551 12606|1 51 56 70 76 98

0
56 66 88 148 308 322 389 428 439 445 471 479 489 524 555 690 719 752 830 917 973 978 1009 1061 1093 1132 1146 1163 1253 1399 1406 1537 1551 1571 1589 1644 1688 1720 1752 1786 1830 1906 2343 2385 2412 2434 2470 2483 2531 2659 2711 2967 3112 3116 3119 3155 3159 3202 3219 3369 3396 3501 3718 3867 3868 4065 4119 4267 4330 4438 4538 4539 4552 4558 4605 4633 4818 4840 4940 4978 4995 5019 5126 5199 5235 5245 5479 5641 5665 5971 5995 6039 6299 6364 6405 6406 6411 6428 6498 6501 6614 6791 6955 7128 7151 7153 7330 7528 7671 7720 7754 7825 7875 7879 7952 7965 8008 8239 8291 8353 8431 8570 8702 8714 8870 8872 8937 8969 9052 9185 9274 9423 9454 9488 9558 9582 9587 9698 9871 9903 9944 9955 10057 10108 10112 10180 10260 10361 10417 10620 10625 10631 10632 10650 10719 10779 10832 11000 11026 11064 11177 11192 11209 11380 11419 11425 11427 11440 11597 11610 11621 11691 11702 11710 11748 11932 11951 11956 12041 12046 12137 12152 12160 12248 12406 12484 12485 12606|1 5 8 51 56 98
0.326907,
1
67 72 73 92 148 184 197 273 309 332 352 369 415 480 481 520 592 636 688 694 719 721 757 1026 1045 1057 1132 1136 1206 1211 1241 1308 1310 1352 1380 1498 1523 1555 1567 1590 1606 1672 1727 1994 1995 2025 2084 2108 2162 2182 2343 2353 2439 2468 2471 2924 2956 3000 3028 3077 3155 3264 3306 3403 3804 3817 4066 4092 4100 4269 4319 4586 4939 4995 5126 5245 5434 5467 5509 5514 5810 6008 6088 6349 6501 6506 6710 6807 6809 6828 6829 6891 6893 6905 7121 7244 7379 7383 7560 7564 7565 7567 7723 7825 7879 7931 8251 8283 8400 8429 8433 8613 8900 8976 9010 9274 9335 9350 9372 9564 9578 9587 9641 9663 9745 9751 9922 10260 10267 10352 10533 10620 10631 10635 10642 11040 11044 11152 11184 11275 11451 11469 11473 11474 11545 11554 11597 11726 11840 11904 11979 12122 12301 12479 12526|50 51 56 70 76 98
0.314781,
1
22 95 146 148 220 259 308 688 719 757 773 885 973 978 980 984 1066 1067 1132 1206 1253 1308 1310 1322 1353 1390 1441 1522 1523 1554 1560 1567 1578 1597 1614 1647 1710 1720 1727 1755 1989 1994 2330 2464 2736 2877 3043 3084 3106 3112 3195 3220 3306 3402 3498 3501 3718 3899 3973 4018 4054 4096 4100 4180 4267 4438 4514 4532 4584 4620 4633 4661 4685 4763 4803 4907 4978 4995 5019 5081 5479 5518 5644 5671 5765 5931 6008 6039 6275 6299 6339 6349 6363 6428 6433 6453 6454 6777 6893 6926 7068 7330 7430 7490 7671 7690 7931 7951 8008 8239 8400 8431 8538 8672 8943 9264 9285 9733 9745 9933 9944 9955 10078 10315 10352 10417 10424 10625 10641 10715 10888 11000 11223 11264 11440 11448 11600 11691 11773 11780 11916 11951 11973 12060 12172 12253 12274 12288 12289 12321 12337 12408|6 51 56 70 76 98

0
66 148 308 429 555 719 752 773 973 978 1030 1132 1189 1206 1253 1310 1353 1354 1406 1414 1523 1537 1551 1554 1589 1647 1720 1752 1770 1844 1994 2298 2330 2434 2464 2659 3112 3219 3306 3498 3501 3718 3867 3899 3973 3984 4100 4119 4180 4267 4438 4532 4538 4620 4633 4722 4907 4940 4978 4995 5019 5479 5573 5931 6039 6275 6299 6411 6428 6433 6454 6636 6940 7153 7330 7671 7690 7931 7952 8008 8239 8431 8538 8570 8672 8714 8870 9264 9414 9423 9582 9745 9934 9944 9955 10315 10392 10417 10424 10625 10632 10715 10832 10904 11000 11153 11192 11223 11264 11380 11419 11440 11448 11610 11691 11780 11951 11973 12009 12160 12274 12289 12321 12406 12407 12530 12537|5 6 8 51 56 98
0.326962,0.341387,0.341387,0.343915,0.471584,
5
66 86 148 308 555 606 719 752 787 964 973 974 978 1087 1132 1253 1406 1537 1551 1589 1720 1752 2101 2103 2434 2659 3112 3219 3269 3501 3631 3704 3718 3867 4119 4267 4438 4538 4633 4940 4978 4995 5019 5036 5130 5479 6039 6299 6336 6411 6428 6931 7116 7153 7287 7330 7429 7671 7952 8008 8239 8391 8431 8439 8547 8570 8714 8870 9423 9582 9702 9944 9955 10417 10625 10632 10832 10986 11000 11192 11380 11419 11440 11610 11691 11951 12050 12160 12406|1 5 6 8 56 98
0.314922,0.448895,0.448895,0.453278,0.651085,
5
92 128 148 184 352 369 415 719 721 1026 1132 1134 1206 1308 1310 1352 1380 1498 1523 1537 1555 1590 1606 1727 1994 1995 2343 2956 3000 3077 3155 3219 3264 3306 3817 4100 4339 4586 4824 4995 5126 5245 5435 5436 5467 5683 6326 6501 6506 6809 6905 7560 7565 7825 7879 7931 8875 8976 9010 9274 9350 9372 9521 9587 9745 9922 10260 10267 10533 10620 10631 10689 11040 11152 11388 11469 11473 11554 11597 11726 11840 12122 12526|8 50 51 56 70 98
0.295377,
1
66 148 308 555 719 752 798 811 973 978 1132 1253 1406 1537 1551 1589 1720 1752 2273 2434 2659 2828 3112 3219 3501 3518 3645 3718 3867 3904 4119 4267 4438 4538 4633 4940 4978 4995 5019 5115 5415 5479 5488 6039 6299 6411 6428 6987 7051 7119 7153 7330 7496 7671 7908 7952 8008 8239 8345 8431 8570 8603 8714 8870 9321 9423 9582 9944 9955 10417 10625 10632 10832 11000 11192 11380 11419 11440 11610 11691 11951 12160 12406|1 5 6 8 51 98
0.326305,0.445205,0.472384,0.477239,0.692718,
5
2 66 95 148 220 308 555 719 752 757 973 978 984 1132 1253 1406 1537 1551 1589 1720 1752 2272 2434 2659 3112 3219 3220 3501 3718 3867 4119 4267 4438 4538 4633 4803 4940 4978 4995 5019 5479 5758 5765 5906 6039 6299 6411 6428 6453 6777 7068 7153 7330 7671 7952 8008 8239 8431 8570 8714 8870 9423 9582 9944 9955 10352 10417 10625 10632 10832 11000 11192 11380 11419 11440 11600 11610 11691 11951 12160 12172 12337 12406|1 5 6 51 56 98
0.326305,0.445205,0.472384,0.477239,0.692718,
5
66 148 162 308 555 706 719 752 973 978 1041 1132 1253 1322 1397 1406 1522 1537 1551 1589 1720 1752 1989 2434 2659 3106 3112 3219 3501 3718 3867 4054 4119 4267 4438 4538 4633 4940 4978 4995 5019 5479 5650 5671 6039 6299 6411 6428 7153 7330 7671 7952 8008 8239 8431 8570 8714 8870 8943 9012 9120 9423 9582 9944 9955 9994 10078 10417 10625 10632 10832 11000 11192 11380 11388 11419 11440 11610 11691 11951 12160 12406|1 6 8 51 56 98
0.328283,0.448895,0.47654,0.47654,0.70018,
5
66 148 308 555 719 752 973 978 1132 1253 1406 1537 1551 1589 1720 1752 2434 2659 3112 3219 3501 3718 3867 4119 4267 4438 4538 4633 4940 4978 4995 5019 5479 6039 6299 6411 6428 7153 7330 7671 7952 8008 8239 8431 8570 8714 8870 9423 9582 9944 9955 10417 10625 10632 10832 11000 11192 11380 11419 11440 11610 11691 11951 12160 12406|1 5 6 8 51 56 98
0.296353,0.438695,0.626003,0.671256,0.671256,0.679443,
6
67 148 184 197 238 439 592 988 994 1066 1400 1455 1498 1598 2062 2100 2162 2182 2751 2808 3165 3208 3407 3501 3850 4329 4443 4737 5131 5165 5293 5703 6138 6203 6362 6404 6501 6764 6926 6934 7068 7564 7825 7879 8377 8389 8429 8431 8433 8538 8900 9052 9465 9604 9663 9955 10057 10108 10385 10625 10696 10978 11040 11275 11639 11670 11979 12133 12241 12484 12529|51 56 70 76 94 98
0.296053,0.30303,0.467532,0.269517,0.280464,0.296524,0.382418,
7
16 148 184 308 415 439 471 499 604 671 886 1066 1132 1206 1302 1336 1578 1688 1819 1977 2055 2062 2187 2330 2561 2740 3130 3165 3604 3745 4214 4550 4568 4978 5126 5165 5468 5628 6362 6576 6795 6809 6893 6970 7157 7201 7383 7560 7565 7945 8251 8377 9016 9338 9576 9751 9987 10233 10635 10715 11199 11469 11601 11639 11878 12172 12292 12293 12529|42 51 56 70 76 98
0.32491,0.361446,0.48,
3
2 128 148 439 715 740 762 1012 1246 1400 2182 2537 2739 2751 2808 3165 3208 3219 3293 3356 3501 3850 4443 4818 5165 5293 6326 6501 6811 6926 6934 7068 7618 7825 7879 8389 8429 8431 8433 8704 8875 8900 9052 9465 9663 9955 10057 10108 10385 10625 10978 11287 11979 12117 12133 12484 12557|1 51 56 70 94 98
0.289389,0.352941,0.571429,
3
148 439 1148 1400 1508 2182 2659 2751 2808 3165 3208 3501 3850 4239 4252 4443 5165 5170 5293 5300 5852 6498 6501 6926 6934 6976 7068 7825 7879 7988 8073 8389 8429 8431 8433 8900 8969 9052 9465 9582 9663 9955 10057 10108 10322 10385 10617 10625 10978 11139 11299 11979 12133 12152 12484|1 51 56 76 94 98
0.295082,0.351562,0.277778,0.590164,0.266075,
5
148 184 308 415 439 471 671 886 1066 1132 1206 1302 1336 1578 1589 1688 2055 2062 2330 2561 3500 3672 4214 4550 4568 4978 4981 4983 5126 5165 5682 6753 6762 6809 7201 7556 7560 7565 7945 8862 9016 9375 9576 10014 10233 10715 11469 11639 11702 11953 12405|8 42 51 56 76 98
0.314685,0.461538,0.631579,0.285326,
4
2 66 148 284 428 439 445 740 1049 1061 1508 2182 2531 2537 2659 2808 3219 3501 4570 4818 5170 5293 5852 6498 6501 6944 7068 7335 7618 7825 7879 7988 8429 8431 8900 8969 9052 9582 9955 10057 10108 10112 10625 10650 10832 11610 12152 12208 12484|1 5 51 56 94 98
0.27451,0.328798,0.357143,0.383598,0.5387,
5
66 128 148 162 417 428 439 445 1041 1061 2531 2659 2751 3219 3293 3501 3850 4818 5165 5288 6326 6498 6501 6699 6934 6992 7825 7879 8431 8875 8969 9052 9120 9582 9955 10057 10108 10112 10625 10650 10832 11299 11610 12133 12152 12484|1 8 51 56 94 98
0.326577,0.373711,0.287081,0.302267,0.402778,0.570492,
6
148 184 308 415 439 471 671 886 1066 1132 1206 1302 1336 1578 1688 2055 2062 2330 2561 2589 3207 4214 4550 4568 4978 5126 5165 5436 5683 6809 7201 7560 7565 7945 9016 9576 10181 10233 10715 11013 11469 11639 12465|8 42 51 56 70 98
0.343511,0.452261,0.734694,0.286145,
4
148 184 308 415 439 471 671 886 1066 1132 1206 1302 1336 1578 1688 2055 2062 2330 2561 4214 4550 4568 4978 5126 5165 6809 7201 7560 7565 7945 9016 9576 10233 10715 11469 11639|8 42 51 56 70 76 98
0.447205,0.605042,0.717608,
3
148 439 1400 2182 2751 2808 3165 3208 3501 3850 4443 5165 5293 6501 6926 6934 7068 7825 7879 8389 8429 8431 8433 8900 9052 9465 9663 9955 10057 10108 10385 10625 10978 11979 12133 12484|1 51 56 70 76 94 98
0.434608,0.541353,0.561039,0.302521,
4
66 148 428 439 445 484 734 1061 2100 2531 2659 3173 3219 3501 4818 6404 6498 6501 6940 7825 7879 8431 8538 8969 9052 9582 9955 10057 10108 10112 10625 10650 10832 11396 11610 12009 12152 12465 12484 12530 12537|5 8 51 56 94 98
0.350242,0.368957,0.272727,0.439394,0.632727,0.264026,
6
128 148 184 238 288 432 439 1066 1498 2062 2100 2751 3207 3219 3293 3501 3850 4818 5165 5435 5703 6326 6404 6501 6934 7825 7879 8431 8538 8875 9052 9955 10057 10108 10625 11040 11639 12009 12133 12465 12484|8 51 56 70 94 98
0.255282,0.283688,0.430267,0.469256,0.632727,
5
148 184 238 439 1066 1498 2062 2100 2146 2659 2751 3501 3850 5165 5703 6404 6498 6501 6934 7825 7879 8431 8538 8969 9052 9505 9582 9955 10057 10108 10625 11040 11299 11639 12133 12152 12188 12484|8 51 56 76 94 98
0.263636,0.25641,0.296296,0.270619,0.426471,0.498282,0.257143,0.677043,
8
66 148 428 439 445 595 1061 1087 2531 2659 3219 3501 3723 4818 6336 6498 6501 6933 7825 7879 8431 8439 8969 9052 9582 9955 10057 10108 10112 10625 10650 10832 11610 11625 12152 12236 12484|1 5 8 56 94 98
0.371795,0.392954,0.434132,0.693227,0.259259,0.26616,0.26616,0.355932,
8
148 184 238 439 1066 1301 1498 2062 2100 2751 3292 3501 3850 3951 4776 5165 5703 6404 6501 6934 7825 7879 8431 8500 8538 9052 9955 10057 10108 10625 11040 11639 12133 12484|8 51 70 76 94 98
0.275665,0.458861,0.491525,0.746781,
4
66 148 428 439 445 1061 2531 2659 3219 3501 4818 6498 6501 7825 7879 8431 8969 9052 9582 9955 10057 10108 10112 10625 10650 10832 11610 12152 12484|1 5 8 51 56 94 98
0.507289,0.540373,0.606272,0.671815,0.278481,
5
148 184 238 439 1066 1498 2062 2100 2751 3501 3850 5165 5703 6404 6501 6934 7825 7879 8431 8538 9052 9955 10057 10108 10625 11040 11639 12133 12484|8 51 56 70 76 94 98
0.350101,0.296703,0.606272,0.654135,0.731092,
5
148 185 1124 1136 1206 1590 1830 3208 3402 3499 3745 3989 4329 4550 4736 5100 5509 5579 5703 6199 7716 7825 8291 8586 9010 9294 9350 9965 10533 11275 11840 11904 12332|51 56 70 76 78 98
0.3125,0.26087,0.342857,
3
67 128 148 184 197 556 592 626 922 1118 1127 1498 2162 2182 3219 4331 5435 6326 6501 7564 7825 7879 8429 8433 8875 8900 9663 10362 11040 11158 11275 11979|50 51 56 70 94 98

0
148 415 681 886 984 988 1199 2105 2512 2536 3155 3165 3745 4191 4326 4329 6364 7619 8353 9274 9604 9641 9972 10325 10743 11112 11474 11904 12133 12137 12241 12479|51 56 70 76 95 98

0
148 308 439 471 1132 1206 1302 1336 1589 1688 2055 2330 2589 3672 4978 4983 5126 7556 9016 9423 10181 10715 11469 11702 12178 12465 12530|5 8 42 51 56 98
0.267857,0.272989,0.284974,0.295699,0.260417,0.260417,0.295699,0.381503,0.348837,
9
148 308 439 454 471 1132 1397 1589 1688 2293 4978 5126 5165 5288 5436 5682 5683 6809 7201 7565 9423 10014 10467 11702 11953 12405|1 8 42 51 56 98
0.294118,0.305556,0.305556,0.39521,0.257669,
5
66 148 676 1087 2659 3219 3452 3501 6336 6940 8431 8439 8538 9582 9955 10625 10812 10832 11610 12009 12530 12537|5 6 8 56 94 98
0.388889,0.404624,0.404624,0.575342,
4
148 308 439 471 785 1049 1132 1589 1688 1977 2272 4570 4978 5126 6795 7335 9423 10635 11091 11702 12172 12448|1 5 42 51 56 98
0.337423,0.352564,0.352564,0.461538,0.261438,0.261438,0.342857,0.273973,
8
148 185 1206 1590 1830 3989 4339 4550 5579 5683 5703 7621 7825 8291 8564 9010 9350 10533 11840|8 51 56 70 78 98
0.295276,0.316456,0.483871,
3
2 3 66 148 1087 2659 3219 3450 3501 6336 7068 8431 8439 9582 9955 10625 10832 11610 11940|1 5 6 56 94 98
0.382514,0.451613,0.451613,0.65625,
4
148 152 280 922 988 1106 1118 3165 4329 9281 9483 9604 9614 9973 10362 12117 12133 12241|51 56 70 94 95 98

0
66 148 162 1041 1087 2659 3219 3501 6336 8431 8439 9120 9479 9582 9955 10625 10832 11610|1 6 8 56 94 98
0.39548,0.448718,0.469799,0.688525,
4
66 148 798 1060 1087 2659 3219 3501 6336 6987 8431 8439 9582 9955 10625 10693 10832 11610|1 5 6 8 94 98
0.39548,0.448718,0.469799,0.688525,
4
148 184 439 545 1066 2062 3165 3207 5165 6362 6627 8377 10069 11639 11993 12465 12529|42 51 56 70 94 98
0.392857,0.296053,0.584071,0.486486,0.362069,
5
66 148 1087 2659 3219 3501 6336 8431 8439 9582 9955 10625 10832 11610|1 5 6 8 56 94 98
0.324324,0.261905,0.545455,0.631579,0.666667,0.666667,
6
148 212 866 886 3155 3165 3208 3499 3628 4269 5449 6363 8389 9464 9641 12479|51 56 70 76 98 108
0.352941,
1
148 1136 1206 1590 4339 5509 5683 7825 9010 9350 10362 10533 11275 11840 11904|50 51 56 70 78 98
0.308642,0.705882,0.6,
3
86 148 308 1132 1206 1589 2101 2330 2612 3781 4978 5776 9423 10715 12530|5 6 8 42 56 98
0.28777,0.416667,0.416667,0.6,0.36036,0.36036,0.36036,0.489796,0.258621,0.384615,0.277778,0.277778,0.352941,
13
148 184 439 1066 1148 2062 3165 4239 5165 6362 7563 8377 9300 11639 12529|42 51 56 76 94 98
0.387324,0.653465,0.29661,0.403846,0.339806,
5
148 184 439 1066 2062 3207 5165 5288 6736 7580 7847 11098 11639 12465 12530|8 42 51 56 94 98
0.292208,0.261194,0.545455,0.403846,0.339806,
5
148 415 922 1118 3155 4339 5683 9274 9641 10362 11474 11594 11904 12479|50 51 56 70 95 98
0.25641,0.521739,0.4,0.3125,0.4,
5
148 415 886 1199 3155 4339 5683 6364 8353 9274 11112 12133 12137 12499|8 51 56 70 95 98
0.3125,0.4,0.263158,
3
148 1136 1206 1590 5509 7825 9010 9350 10533 11275 11840 11904|50 51 56 70 76 78 98
0.311688,0.685714,0.448598,
3
148 2148 2915 3165 3208 5825 7063 7765 8389 8704 10112 10521 11636 12208|1 51 56 94 98 108

0
86 148 308 439 471 1132 1589 1688 1908 2101 4978 5126 9423 11702|1 5 8 42 56 98
0.26699,0.276382,0.321637,0.285714,0.509259,0.509259,0.694737,0.380952,0.380952,0.380952,0.521739,0.272727,0.408163,0.294118,0.294118,0.375,
16
148 308 439 471 1132 1589 1688 3738 4806 4978 5126 9423 11702|1 5 8 42 51 56
0.275,0.284974,0.333333,0.504587,0.539216,0.741573,0.288462,0.288462,0.288462,0.3125,0.3125,0.4,
12
148 308 1066 1132 1206 1397 1578 1589 2330 4978 9423 10715 12530|6 8 42 51 56 98
0.409836,0.462963,0.681818,0.333333,0.333333,0.288462,0.288462,0.3125,0.494118,0.384615,0.4,
11
148 308 1132 1206 1589 2272 2330 4978 9300 9423 10715 12172 12530|5 6 42 51 56 98
0.409836,0.462963,0.681818,0.40404,0.40404,0.288462,0.55814,0.434783,0.3125,0.3125,0.4,
11
148 308 439 471 1132 1589 1688 4978 5126 7119 9398 9423 11702|1 5 8 42 51 98
0.275,0.284974,0.333333,0.504587,0.539216,0.741573,0.333333,0.288462,0.288462,0.357143,0.494118,0.3125,0.384615,0.4,
14
148 308 439 471 1132 1589 1688 4978 5126 9423 11702|1 5 8 42 51 56 98
0.349206,0.362637,0.428571,0.673469,0.725275,0.725275,0.315789,0.265487,0.265487,0.265487,0.265487,0.367347,0.367347,0.285714,0.285714,0.4,0.4,0.309278,0.506024,
19
148 184 439 1066 2062 3165 5165 6362 8377 11639 12529|42 51 56 70 76 94 98
0.554622,0.628571,0.424242,0.583333,0.388889,
5
148 152 447 886 3155 3165 4339 5683 7462 9483 9641 12479|51 56 70 95 98 108
0.285714,0.257732,0.461538,0.461538,0.301205,
5
148 1441 1498 1995 3973 4138 4552 8236 10533 11484 11787 11904|51 56 57 70 76 98
0.277778,0.301205,0.301205,0.301205,
4
148 1206 1590 4339 5683 7825 9010 9350 10533 11840|8 50 51 56 70 78 98
0.451128,0.571429,0.440367,
3
148 308 1132 1206 1589 2330 4978 9423 10715 12530|5 6 8 42 51 56 98
0.31746,0.571429,0.659341,0.659341,0.313043,0.283019,0.283019,0.283019,0.283019,0.395604,0.395604,0.306122,0.306122,0.433735,0.433735,0.333333,0.552632,
17
148 2062 3207 6736 7560 9423 11013 11953 12178 12463 12530|8 42 51 55 56 98

0
148 184 439 1066 2062 3207 5165 11639 12465|8 42 51 56 70 94 98
0.453782,0.265152,0.514286,0.415842,0.7,0.460526,
6
148 626 3155 4269 4339 5683 7522 8716 9641 12479|50 51 56 70 98 108
0.280374,0.545455,0.352113,
3
86 148 308 1132 1589 2101 2272 4978 9423 12172|1 5 6 42 56 98
0.344828,0.366972,0.392157,0.272727,0.294118,0.493827,0.493827,0.493827,0.705882,0.705882,0.540541,0.540541,0.384615,0.384615,0.285714,0.5,
16
86 148 308 1132 1397 1589 2101 4978 9423 10748|1 6 8 42 56 98
0.344828,0.366972,0.324074,0.272727,0.294118,0.493827,0.493827,0.402299,0.705882,0.348837,0.540541,0.26087,0.384615,0.626866,0.479452,0.5,
16
86 148 308 1060 1132 1589 2101 4978 7119 9423|1 5 6 8 42 98
0.344828,0.366972,0.324074,0.272727,0.294118,0.493827,0.493827,0.705882,0.348837,0.540541,0.4375,0.626866,0.384615,0.479452,0.5,
15
148 308 1132 1397 1589 2272 4978 9423 11992 12172|1 6 42 51 56 98
0.324074,0.392157,0.272727,0.294118,0.493827,0.402299,0.348837,0.705882,0.26087,0.540541,0.384615,0.626866,0.479452,0.5,
14
148 484 1189 9423 9934 11059 12137 12178 12246 12530|5 8 51 55 56 98
0.294118,0.294118,0.320513,0.352113,
4
148 415 3155 9274 9641 11474 11904 12479|50 51 56 70 76 95 98
0.489796,0.32,0.32,0.32,0.27027,
5
86 148 308 1132 1589 2101 4978 9423|1 5 6 8 42 56 98
0.457143,0.489796,0.258621,0.258621,0.258621,0.258621,0.356436,0.387097,0.685714,0.685714,0.685714,0.326087,0.467532,0.761905,0.357143,0.521739,0.521739,0.394737,0.677419,
19
148 308 1132 1589 2272 4978 9423 12172|1 5 6 42 51 56 98
0.311688,0.258621,0.258621,0.527473,0.258621,0.356436,0.387097,0.685714,0.326087,0.326087,0.685714,0.467532,0.357143,0.761905,0.521739,0.521739,0.394737,0.677419,
18
148 184 439 1066 2062 5165 11639|8 42 51 56 70 76 94 98
0.308824,0.35,0.35,0.556818,0.680556,0.65625,
6
148 3208 4329 5703 7361 7825 10362 11275 11458|51 56 70 78 94 98
0.28169,
1
86 148 308 1132 1589 2101 4101 4978 9423|1 5 6 8 42 56
0.363636,0.38835,0.277778,0.288462,0.3125,0.533333,0.533333,0.533333,0.255319,0.774194,0.375,0.27907,0.416667,0.416667,0.307692,0.545455,
16
148 308 1132 1589 2272 4978 7119 9423 12172|1 5 6 42 51 98
0.251572,0.416667,0.343137,0.288462,0.3125,0.533333,0.255319,0.432099,0.533333,0.375,0.774194,0.27907,0.688525,0.416667,0.522388,0.545455,
16
148 308 1132 1589 4978 7119 9423|1 5 6 8 42 51 98
0.25641,0.275229,0.275229,0.275229,0.461538,0.382979,0.418605,0.352941,0.352941,0.6,0.352941,0.514286,0.514286,0.38961,0.666667,0.580645,0.75,0.763636,
18
148 308 1132 1397 1589 4978 9423|1 6 8 42 51 56 98
0.25641,0.275229,0.461538,0.275229,0.275229,0.382979,0.418605,0.352941,0.6,0.352941,0.6,0.514286,0.514286,0.38961,0.38961,0.580645,0.75,0.763636,
18
148 288 362 886 3155 4339 5683 7621|8 51 56 70 98 108
0.285714,0.285714,0.423729,0.307692,
4
148 308 1132 1397 1589 4978 7119 9423|1 6 8 42 51 98
0.364583,0.364583,0.306122,0.333333,0.272727,0.466667,0.466667,0.466667,0.405405,0.405405,0.3,0.514706,0.763636,0.763636,0.6,
15
148 308 1132 1589 4978 9423|1 5 6 8 42 51 56 98
0.3,0.321429,0.346154,0.346154,0.346154,0.346154,0.477273,0.525,0.45,0.45,0.45,0.45,0.65625,0.65625,0.5,0.5,0.75,0.75,0.5625,
19
86 148 1908 6933 8439 9423 10824 12137|1 5 8 55 56 98
0.253165,0.277778,0.307692,
3
86 148 1189 3227 8439 9423 9934 12530|5 6 8 55 56 98
0.287356,0.253165,0.342466,0.378788,0.277778,0.423729,
6
148 1189 1560 4584 8867 9423 9934 12530|6 8 51 55 56 98
0.287356,0.342466,0.378788,0.423729,
4
148 184 439 1066 2062 5165 11639 11650|8 42 51 56 76 94
0.318182,0.318182,0.380435,0.460526,0.677419,
5
148 3745 4329 4339 5683 10362 11904|51 56 70 78 95 98

0
148 3155 4339 5683 9641 12479|50 51 56 70 95 98 108
0.367347,0.428571,0.514286,0.311688,0.263158,0.294118,0.393443,0.393443,0.333333,0.333333,
10
148 415 3155 4339 5683 9274 11059|8 50 51 56 95 98
0.291262,0.291262,0.3125,0.75,0.338983,
5
148 415 3155 4339 5683 9274|8 50 51 56 70 95 98
0.367347,0.367347,0.311688,0.263158,0.393443,0.734694,0.333333,
7
148 922 1331 1498 1995 10533 11904|50 51 56 57 70 98
0.263158,0.471698,0.471698,0.471698,
4
75 148 1087 3155 5036 10112 11702|1 5 8 56 98 108
0.30303,0.338983,
2
148 212 3155 9641 10112 11702 12208|1 5 51 56 98 108
0.30303,0.338983,
2
148 886 3155 3165 9641 12479|51 56 70 76 95 98 108
0.321429,0.428571,0.311688,0.393443,0.333333,
5
148 396 3165 6319 7580 10521 11098|42 51 56 94 98 108

0
148 2030 9423 11112 11953 12133 12137|1 8 51 55 56 98

0
148 785 6944 9423 12137 12448 12458|1 5 51 55 56 98
0.30303,0.30303,0.338983,
3
148 1189 3351 6987 9423 9934 12530|5 6 8 51 55 98
0.308642,0.373134,0.373134,0.471698,
4
86 148 1908 9423 12178 12490 12530|5 8 42 55 56 98
0.273973,0.273973,0.30303,0.338983,
4
148 785 9423 11351 12178 12448 12530|5 42 51 55 56 98
0.30303,0.30303,0.30303,0.338983,
4
148 785 5727 9423 10521 11953 12448|1 42 51 55 56 98
0.30303,0.30303,0.338983,
3
0 148 5288 9253 9474 12133|1 8 56 94 95 98

0
77 148 2898 4329 10362 11098|51 56 78 94 95 98

0
36 148 922 944 1118 10362|50 51 56 94 95 98

0
148 886 3155 4339 5683 11098|8 51 56 95 98 108
0.280899,0.409836,0.344828,0.333333,0.344828,
5
148 3208 3499 4339 5683 7621|51 56 70 78 98 108
0.298507,
1
148 1498 1995 6332 10533 11904|50 51 56 57 70 76
0.280899,0.462963,0.531915,0.531915,
4
148 1498 1995 4484 10533 11904|50 51 57 70 76 98
0.280899,0.462963,0.531915,0.531915,
4
148 1498 1995 4991 10533 11904|50 51 56 57 76 98
0.280899,0.462963,0.531915,0.531915,
4
148 2702 3155 7119 10112 11702|1 5 8 51 98 108
0.333333,0.333333,
2
148 4329 5234 7716 11275 11458|51 55 56 70 78 98
0.27027,0.254237,
2
148 4329 5234 11112 11158 12133|43 51 55 56 70 98
0.254237,
1
148 1087 4953 5036 8713 10748|1 6 8 56 98 108

0
148 3155 4269 4991 9641 12479|50 51 56 76 98 108
0.333333,0.27027,0.344828,0.344828,
4
148 396 1066 6319 9300 12530|6 42 51 56 94 98

0
148 2702 6987 9423 10466 12137|1 5 8 51 55 98

0
148 1189 9004 9423 9934 12530|5 6 8 51 55 56
0.333333,0.409836,0.409836,0.462963,
4
86 148 785 1908 9423 12448|1 5 42 55 56 98
0.298507,0.333333,0.333333,0.333333,0.333333,
5
