---------------------------------------
146 159 184 185 220 270 274 308 309 311 352 365 369 371 380 565 582 757 911 973 994 1062 1095 1132 1136 1173 1240 1292 1302 1315 1372 1420 1498 1522 1523 1555 1578 1606 1607 1715 1719 1735 1755 1781 1788 1789 1971 1989 1994 2001 2108 2162 2343 2353 2385 2418 2527 2633 2711 2808 2879 2891 3000 3043 3069 3087 3123 3160 3194 3201 3231 3484 3548 3659 3749 3804 3899 3930 4007 4036 4047 4054 4066 4090 4180 4497 4532 4568 4605 4763 4781 4907 4952 4995 5081 5126 5133 5165 5169 5173 5186 5428 5443 5524 5543 5644 5927 6154 6298 6299 6349 6350 6356 6436 6453 6493 6500 6501 6506 6591 6597 6795 6807 6905 6909 6955 6960 7126 7198 7244 7428 7430 7521 7528 7565 7573 7669 7723 7825 7863 7945 8054 8085 8111 8328 8605 8651 8670 8672 8769 8872 8900 8980 9264 9274 9285 9294 9343 9559 9587 9642 9751 9903 9922 9933 9995 10057 10065 10260 10315 10352 10376 10417 10490 10620 10631 10635 10653 10715 10836 10846 10987 11064 11136 11152 11223 11337 11364 11425 11445 11451 11473 11601 11628 11639 11645 11648 11670 11689 11691 11726 11773 11840 11951 11983 12136 12161 12241 12253 12259 12288 12289 12292 12321 12337 12408 12426 12485|0 1 2 3 4 5 6 7 8 9 10 11 12 13 14 15 16 17 18 19 20 21 22 23 24 25 26 27 28 29 30 31 32 34 35 36 37 38 39 40 41 42 43 46 47 48 49 50 51 52 53 54 55 57 58 59 60 61 62 63 64 65 66 67 68 69 70 71 72 73 74 75 76 77 78 79 80 81 82 83 84 85 86 87 88 89 90 91 92 93 95 96 97 99 100 101 102 103 104 105 106 107 108 109
0.972727,0.950226,0.733142,
3
146 159 184 185 220 270 274 308 309 311 352 365 369 371 380 565 582 757 911 973 994 1062 1095 1132 1136 1240 1292 1302 1315 1372 1420 1498 1522 1523 1555 1578 1606 1607 1715 1719 1735 1755 1781 1788 1789 1971 1989 1994 2001 2108 2162 2343 2353 2385 2418 2633 2711 2808 2879 2891 3000 3043 3069 3087 3123 3160 3194 3201 3231 3484 3548 3659 3749 3804 3899 3930 4007 4036 4047 4054 4066 4090 4180 4497 4532 4568 4605 4763 4781 4907 4952 4995 5081 5126 5133 5165 5169 5173 5186 5428 5443 5524 5543 5644 5927 6154 6298 6299 6349 6350 6356 6436 6453 6493 6500 6501 6506 6591 6597 6795 6807 6905 6909 6960 7126 7198 7244 7428 7430 7478 7521 7528 7565 7573 7669 7723 7825 7863 7945 8054 8085 8111 8328 8605 8651 8670 8672 8769 8872 8900 8980 9264 9274 9285 9294 9343 9559 9587 9642 9751 9903 9922 9933 9995 10057 10065 10260 10315 10352 10376 10417 10490 10620 10631 10635 10653 10715 10836 10846 10860 10987 11064 11136 11152 11223 11337 11364 11425 11445 11451 11473 11601 11628 11639 11645 11648 11670 11689 11726 11773 11840 11951 11983 12136 12161 12241 12253 12259 12288 12289 12292 12321 12337 12408 12426 12485|0 1 2 3 4 5 6 7 8 9 10 11 12 13 14 15 16 17 18 19 20 21 22 23 24 25 26 27 28 29 30 31 32 34 35 36 37 38 39 40 41 42 43 46 47 48 49 50 51 52 53 54 55 57 58 59 60 61 62 63 64 65 66 67 68 69 70 71 72 73 74 75 76 77 78 79 80 81 82 83 84 85 86 87 88 89 90 91 92 93 95 96 97 99 100 101 102 103 104 105 106 107 108 109
0.972727,0.976959,0.747132,
3
146 159 184 185 220 270 274 308 309 311 352 365 369 371 380 565 582 757 911 973 1062 1095 1132 1136 1240 1292 1302 1315 1372 1420 1498 1522 1523 1555 1578 1606 1607 1715 1719 1735 1755 1781 1788 1789 1971 1989 1994 2001 2108 2162 2343 2353 2385 2418 2633 2808 2879 2891 3000 3043 3069 3087 3123 3160 3194 3201 3231 3484 3548 3659 3749 3804 3899 3930 4007 4036 4047 4054 4066 4090 4180 4497 4532 4568 4605 4763 4781 4907 4952 4995 5081 5126 5133 5165 5169 5173 5186 5428 5443 5524 5543 5557 5644 5927 6154 6298 6299 6349 6350 6356 6436 6453 6493 6500 6501 6506 6591 6597 6795 6807 6905 6909 6960 7126 7198 7244 7428 7430 7478 7521 7528 7565 7573 7669 7723 7825 7863 7945 8054 8085 8328 8605 8651 8670 8672 8769 8872 8900 8980 9264 9274 9285 9294 9343 9559 9587 9642 9751 9922 9933 9995 10057 10065 10260 10315 10352 10376 10417 10490 10620 10631 10635 10653 10715 10836 10846 10860 10987 11064 11136 11152 11223 11337 11364 11425 11445 11451 11473 11601 11628 11639 11645 11648 11670 11689 11726 11773 11840 11951 11983 12136 12161 12241 12253 12259 12288 12289 12292 12321 12337 12408 12426 12485|0 1 2 3 4 5 6 7 8 9 10 11 12 13 14 15 16 17 18 19 20 21 22 23 24 25 26 27 28 29 30 31 32 34 35 36 37 38 39 40 41 42 43 46 47 48 49 50 51 52 53 54 55 57 58 59 60 61 62 63 64 65 66 67 68 69 70 71 72 73 74 75 76 77 78 79 80 81 82 83 84 85 86 87 88 89 90 91 92 93 95 96 97 99 100 101 102 103 104 105 106 107 108 109
0.950226,0.976959,0.764895,
3
146 159 184 185 270 274 308 352 365 371 565 911 973 1062 1095 1132 1240 1315 1420 1460 1497 1498 1522 1523 1555 1578 1606 1607 1715 1719 1735 1755 1781 1788 1789 1971 1989 1994 2001 2108 2343 2353 2385 2418 2633 2879 2997 3000 3043 3069 3077 3087 3123 3160 3201 3231 3484 3548 3656 3659 3749 3804 3899 4007 4036 4047 4054 4066 4090 4180 4497 4532 4568 4605 4781 4907 4995 5081 5126 5136 5165 5169 5173 5186 5428 5442 5443 5524 5543 5557 5644 5927 6154 6298 6299 6349 6350 6356 6436 6453 6493 6500 6501 6506 6591 6597 6789 6795 6807 6905 6909 7126 7198 7244 7428 7430 7528 7565 7573 7669 7825 7863 7945 8054 8328 8605 8651 8670 8769 8900 9264 9274 9285 9343 9488 9559 9587 9751 9922 9995 10057 10065 10260 10315 10352 10376 10490 10620 10631 10635 10653 10715 10761 10846 10860 11064 11136 11152 11337 11364 11425 11445 11451 11473 11601 11639 11645 11648 11689 11726 11840 11951 11956 12136 12161 12253 12259 12288 12289 12292 12321 12408 12426 12485|0 1 2 3 4 5 6 7 8 9 10 11 12 13 14 15 16 17 18 19 20 21 22 23 24 25 26 27 28 29 30 31 32 34 35 36 37 38 39 40 41 42 43 46 47 48 49 50 51 52 53 54 55 57 58 59 60 61 62 63 64 65 66 67 68 69 70 72 73 74 75 76 77 78 79 80 81 82 83 84 85 86 87 88 89 90 91 92 93 95 96 97 99 100 101 102 103 104 105 106 107 108 109
0.733539,0.747511,0.765257,
3
80 490 563 846 1406 1522 1523 1653 1720 1735 2385 2418 2483 2508 3051 3087 3360 3771 3855 4054 4337 4473 4495 4525 4588 4604 4819 4907 4995 5019 5081 5333 5524 6350 6351 6784 7908 8008 8578 8636 8820 8838 9028 9174 9357 9398 9454 10150 10234 10761 11058 11899 12018 12274 12508|2 3 20 23 26 29 32 36 49 58 63 66 67 68 77 78 79 80 82 86 87 91 97 99 100 105 107

0
300 542 614 1214 1766 1939 2283 2764 3766 4974 5006 5207 6286 6365 7608 8063 8258 8516 8566 8667 8960 9669|2 6 23 26 32 34 47 49 50 55 57 58 60 61 62 63 65 66 68 78 88 89 91 99 101 105

0
1527 1690 2059|1 7 8 9 11 12 13 14 15 16 19 20 23 26 27 29 30 31 32 33 34 36 37 39 40 43 44 46 47 48 49 52 56 57 58 59 61 63 64 65 66 68 69 71 72 73 74 75 76 77 78 79 81 82 85 86 88 91 92 93 94 96 97 99 100 101 102 103 104 105 107 108 109
0.28169,
1
656 1834 5520 11708 12559 12561 12563 12603 12604 12605|6 8 13 21 22 24 25 27 41 50 57 58 63 68 78 89 91 93 97 105

0
632 1267 4048 4489 4954 4987 5061 5144 5930 5939 6494 6616 6871 6907 7340 8235 8657 9006 9135|4 20 32 39 42 53 55 59 91 100

0
570 1005 1006 1202 2800 3357 3828 6283 7745 8813 12165|10 37 40 41 43 47 49 78 81 82 83 86 88 92 93 103
0.5,
1
644 3544 4512 4638 4876 4993 5088 5354 6161 6693 6717 6720 9019 10112 10649 10957 11321 11477 11785|48 60 62 81 82 90 91 101 104

0
643 1332 1488 2112 2945 3758 4465 4737 4837 6483 6583 6788 6950 7783 8070 8259 8398 9310 9348 9746 9785 10378 11746 12515|25 34 40 60 62 86 107

0
619 1805 2074 2802 3651 4126 5747 9693 11149 11423 11502|0 7 10 11 17 41 43 64 66 67 68 72 79 83 101

0
991 2049 6814|5 8 9 12 13 14 19 21 22 24 25 26 27 28 29 30 31 32 34 35 39 43 44 47 48 51 53 54 56 58 61 62 67 68 69 70 71 72 73 75 76 77 78 79 80 82 83 85 86 91 96 98 99 100 106

0
1367 1557 1731 1817 3009 4460 4749 5318 6791 7474 7633 7811 7863 10995|35 47 63 66 67 68 69 91 94 100 103

0
7482 10459 10460|1 2 3 6 8 9 14 15 17 19 20 22 24 25 26 27 28 29 30 31 32 33 35 38 41 46 49 50 52 57 59 61 62 63 64 67 72 74 77 78 84 87 91 93 95 96 99 103 104 106 109

0
430 566 1016 2681 3775 4746 5051 5213 6589 7205 8791 8840 10145 10274 11088 12236|32 41 50 58 59 63 93 106 109

0
374 880 2378 3154 6596 6842 7158 7341 7600 8477 8840 9018 9882 10386 10789 10982|8 14 20 29 34 35 83 93 103

0
2717 3229 4577 5397 6720 7335 7552 9027 10497 11576 11812 12089 12409|15 23 24 30 35 40 50 60 67 85 88

0
3070 6429 9873|0 2 10 16 20 21 22 24 25 26 27 28 29 30 33 39 41 42 50 51 54 58 59 66 68 72 73 74 75 77 79 81 82 83 84 85 88 90 91 92 99 101 102 103 105 106

0
1118 2649 5362 6595 6793 7668 9502 11563 11874 11875 11876|2 3 14 15 20 21 27 76 84 88 107

0
1133 2099 2200 2782 5725 8908 10287 10576 11712 12442|12 25 32 57 75 77 78 80 85 88 95 105

0
97 821 840 2115 2973 4109 5045 6077 9596 9840 10343 12393|2 5 14 19 28 35 62 70 85 100

0
84 6484 6532|2 5 6 11 12 16 17 19 21 27 32 34 41 47 48 49 52 53 57 58 61 69 71 72 74 75 76 77 78 79 80 82 85 88 89 92 100 103 104 107

0
312 2490 3514 3829 3971 4565 5002 5075 6504 7943 8133 8354 8609 10268 11820|13 21 25 30 36 74 95 99

0
218 570 1273 1274 3387 3479 7220 8813 8814 9331 11765 12470|19 42 53 63 70 72 88 96 99 100

0
1987 2056 2407 2746 4629 5690 6181 8138 9746 10274 10636 10875 11745 11825 12612 12622 12625|5 17 27 41 44 63 80

0
3193 9741 10948|1 3 8 9 11 14 24 25 27 28 29 30 34 35 43 52 54 55 57 61 63 70 71 72 75 78 85 86 87 88 89 91 93 95 100 102 105 109

0
0 59 1160 2570 2697 3032 3882 5028 5261 10080 10995 11038 12357 12390|6 12 40 60 66 71 93 100

0
1859 4358 9378|0 6 7 8 9 12 14 16 18 20 23 24 26 27 28 29 30 31 32 37 38 47 50 54 58 59 70 77 80 82 88 93 95 99 100 103 106

0
3837 11215 12047|4 9 10 13 17 18 19 20 21 28 30 36 38 40 42 47 50 53 54 57 58 59 61 62 63 68 73 74 75 78 85 86 89 99 105 106 107

0
3134 3683 8418|12 15 16 17 19 21 24 32 34 35 38 46 51 52 54 59 65 68 70 71 75 77 79 80 83 88 90 91 92 96 99 103 104 105 107 108 109

0
4252 7206 10106|1 2 5 6 8 9 11 17 18 19 22 23 25 27 28 32 34 46 47 49 59 62 63 70 71 81 83 84 93 96 99 100 101 104 106 108 109

0
1273 1988 3707 3776 5549 5578 5980 8276 11300 11590 11793|17 24 29 34 36 37 59 84 92 101

0
11874 11875 11876|0 2 3 7 9 18 20 21 22 27 28 32 34 36 38 40 41 43 46 47 50 55 58 59 64 67 71 84 85 88 92 95 100 103 107 109

0
5276 11371 11378|0 1 2 3 7 8 9 13 15 19 20 25 28 29 35 47 50 58 60 71 73 76 77 79 81 82 83 86 87 88 89 92 94 97 104

0
7526 7831 12610|0 2 4 7 18 19 22 23 27 35 38 49 50 51 52 54 58 59 60 63 65 67 68 74 80 83 85 91 92 96 97 99 105 107
0.384615,
1
12603 12604 12605|2 9 10 19 20 22 23 25 28 31 32 40 45 49 50 51 57 60 61 67 75 81 83 84 88 95 96 98 100 101 102 104 105 106
0.272727,
1
5010 5388 8263|0 2 5 10 14 16 21 23 27 34 35 37 40 43 51 55 57 61 62 64 65 73 77 78 81 89 93 94 95 97 99 103 105 107

0
3354 4487 7684|3 12 17 18 22 28 31 34 37 49 50 53 54 57 61 63 65 68 69 71 75 79 87 88 89 91 93 97 98 99 105 106 107 108

0
7180 10750 10751|4 5 13 15 16 17 18 21 22 24 34 36 41 44 55 56 58 59 64 66 69 71 75 78 80 83 85 87 88 95 96 99 100 105

0
1658 2497 2743 4728 5114 5815 6987 8853 10207 12333|2 3 16 55 57 75 85 91 107 109

0
2478 3312 4392 5959 6003 6270 7382 8823 9834 9856|0 13 18 25 33 49 57 68 70 71

0
680 772 1434 3487 6108 6970 9974 11724 11931 12335|6 26 27 32 52 79 80 81 89 104

0
945 4340 4897|5 6 7 10 13 19 25 26 27 28 30 32 35 38 39 42 44 48 49 52 55 57 62 77 78 80 83 86 91 96 101 105 107

0
445 7344 8075|2 7 9 12 15 18 19 20 21 23 26 31 37 38 39 40 42 55 57 60 63 64 66 69 72 76 86 88 99 100 105 107 108

0
1447 1712 2807 3876 4436 5198 5567 7450 8430|6 9 19 21 26 50 60 77 80 84 91

0
12610 12623 12624 12625|13 16 17 37 50 52 53 55 58 60 75 77 78 79 80 84 85 86 87 92 93 97 99 103

0
1113 3223 11447|0 1 6 10 11 16 19 22 23 26 32 40 42 46 50 54 63 64 65 67 69 72 75 76 78 87 88 90 91 93 100 108

0
3294 4003 4551|1 7 10 15 16 27 29 35 39 43 44 47 49 52 54 62 64 69 70 73 78 84 86 88 90 94 97 98 99 100 104 105

0
3882 5824 12014|3 4 6 14 19 25 29 42 43 44 49 52 53 60 61 62 63 64 66 67 68 76 82 83 87 88 100 102 107 108 109

0
8176 8340 9109|0 3 6 7 8 11 12 17 19 21 31 32 33 36 38 44 50 59 67 74 77 80 82 84 87 88 96 100 103 105 107

0
1976 4082 9725|2 6 12 19 20 26 28 29 30 31 32 36 38 42 44 46 51 56 62 64 65 66 69 73 74 78 80 89 96 100 101

0
4916 6141 7740 8007 8528|4 7 28 32 35 39 43 47 59 60 61 63 65 67 80 86 102 106

0
1366 5915 12616|4 9 12 14 16 18 19 21 23 24 25 31 32 33 35 48 51 53 59 61 63 65 71 79 89 91 94 100 102 107

0
1396 5715 10006|1 3 4 5 7 10 11 27 30 32 34 46 50 58 60 62 69 72 74 75 78 79 85 87 95 101 106 108 109

0
4725 7630 11687|3 6 18 24 29 32 35 38 44 49 55 57 58 59 61 64 66 68 72 82 83 84 85 89 92 96 100 104 105

0
2368 6522 8285|3 5 7 8 9 18 20 22 24 43 46 49 53 58 62 65 68 69 70 71 72 75 80 87 93 95 97 98

0
4437 9145 10004|6 11 12 15 16 22 26 35 39 48 59 61 64 67 74 76 80 88 89 91 92 94 95 97 99 103 107 108

0
7022 7708 8611|2 4 5 17 18 20 27 30 32 36 42 49 53 57 63 64 75 77 78 80 82 83 86 89 97 104 105 109

0
1459 5550 11180|1 3 12 15 17 22 24 27 28 39 43 49 52 58 69 70 71 73 74 77 79 83 84 88 89 94 100 102

0
3907 6424 7623|9 11 17 26 30 35 49 50 52 53 57 64 65 68 69 70 74 77 78 82 83 84 89 90 91 97 99 101

0
1860 4325 8567|5 8 14 15 16 17 20 22 39 41 55 57 59 62 69 77 79 83 84 85 87 88 90 92 99 100 102 105

0
9162 11834 11835|2 7 13 18 27 30 31 34 48 55 59 62 64 65 66 68 79 80 84 89 91 100 102 104 106 107 108
0.727273,
1
1305 1723 1724|0 4 9 11 13 19 23 25 39 48 50 57 59 60 61 62 64 70 78 79 86 87 91 97 100 105 107
0.738462,
1
2007 7441 8261|0 1 2 5 6 12 15 19 22 23 30 32 41 47 57 58 59 61 69 74 78 84 97 99 102 103 105

0
302 1316 3032 3569 4948 5071 7426 8061 9270 11548|12 29 46 62 71 75 91 107

0
443 2236 8448|0 3 18 20 22 32 36 37 44 47 49 55 57 58 59 61 62 63 68 69 82 84 91 100 109

0
2800 5889 6765|3 5 7 13 15 17 19 35 41 46 47 50 53 55 57 59 74 78 82 84 86 87 100 102 106

0
11 10079 12287|9 11 15 18 27 30 33 46 52 58 60 68 73 74 78 79 80 90 92 94 96 104 107 108 109

0
3066 10405 10547|2 11 12 22 26 27 29 34 35 38 39 41 46 54 58 59 63 64 73 77 91 95 102 107

0
924 2720 2746 4281 6504 6950 7873 10943|4 13 34 51 52 58 72 78 93

0
6161 9162 11835|7 10 13 19 27 30 31 36 44 48 59 61 64 68 71 89 91 93 99 102 104 106 107 108
0.780488,
1
3026 5603 6948|0 16 17 21 24 25 26 36 47 48 50 53 55 58 59 61 68 75 79 82 86 87 95 99

0
3992 6209 6967|0 4 7 13 21 22 23 31 32 38 48 53 57 58 61 68 71 77 79 80 92 100 101 105

0
3156 8331 9017|1 2 14 15 20 28 31 34 40 48 53 55 59 64 68 70 72 75 90 93 97 100 104

0
533 4875 6565|1 2 6 14 21 23 25 38 39 58 61 65 67 72 77 78 83 84 92 98 99 101 105

0
111 683 10394|1 6 14 17 18 19 27 31 32 34 36 37 55 58 59 64 65 78 79 83 87 96 105

0
408 930 7815|1 19 23 24 25 29 31 32 34 47 55 57 60 66 71 78 81 83 88 92 93 96 98

0
8720 8864 9261|0 4 5 6 37 38 47 48 49 52 53 54 60 66 71 73 75 81 95 100 101 102 109

0
1690 2059 7291|12 13 16 17 19 24 27 34 37 46 48 49 58 61 62 64 66 78 79 82 85 93 103
0.434783,
1
3730 8495 10738|0 3 13 15 16 19 20 21 28 31 34 50 52 54 58 63 67 68 87 96 100 103

0
812 6030 10233|0 9 11 12 13 18 23 28 29 32 34 43 47 52 58 59 65 68 79 83 94 97

0
7645 8517 11313|3 4 6 18 19 23 32 34 35 40 48 63 71 73 77 80 83 86 91 92 96 103

0
6520 11834 11835|4 5 7 9 18 19 26 28 30 34 35 49 59 62 65 83 85 88 100 105 106 107

0
4752 6078 10430|1 3 5 7 8 12 25 30 35 37 40 55 58 61 69 72 86 87 89 105 108 109

0
7918 8426 12441|2 3 5 11 13 15 29 32 43 48 49 50 63 66 69 81 82 83 84 86 96 103

0
1544 4654 6181|4 15 17 24 25 27 44 51 61 63 64 68 75 80 81 83 87 96 100 105 106

0
1651 2886 3992|3 4 8 14 16 27 34 41 43 50 60 61 69 78 81 82 83 89 91 96 108

0
7677 9608 10943|9 10 12 14 22 27 30 33 46 47 53 67 69 70 74 75 95 104 105 106 109

0
3944 8755 11001|3 7 23 28 35 37 49 50 52 59 60 67 69 78 80 86 91 92 93 96 97

0
218 570 8813|2 7 19 21 32 35 41 49 50 51 54 55 58 59 60 61 64 70 83 85 108

0
1991 4141 8904|2 13 14 16 26 32 34 36 43 44 48 52 57 62 66 67 70 92 95 100 102

0
2086 8828 12494|6 13 19 20 24 31 34 43 48 50 53 73 84 86 87 88 95 99 104 107 109

0
3865 7249 9463|1 3 6 15 19 32 35 36 38 48 51 69 70 77 84 85 87 99 100 101 105

0
1204 9834 11406|19 22 24 25 32 33 34 39 42 43 46 65 71 77 82 87 88 92 93 99 105

0
5707 8368 9319|2 7 15 21 23 24 34 43 48 49 50 69 72 75 81 83 90 98 101 104

0
1722 3964 10775|5 8 18 21 26 28 29 44 54 56 67 71 73 74 76 80 83 90 96 97

0
2497 6320 6429|19 23 30 35 47 53 57 59 67 68 70 73 77 79 81 83 87 89 96 103

0
9796 9840 12169|0 3 6 13 16 17 26 28 30 31 32 37 41 55 58 80 81 84 95 100

0
812 5288 10233|6 18 23 28 29 30 36 47 48 50 60 66 68 71 78 79 83 84 99 101

0
2242 6535 6987|2 4 6 8 16 21 24 25 26 35 51 53 54 58 63 71 81 82 83 105

0
2769 7468 12326|2 7 14 16 27 30 31 32 46 57 62 78 80 81 93 94 97 100 107 108

0
442 2086 7578|0 6 20 22 28 30 31 50 54 55 57 61 62 68 74 82 83 98 101 107

0
6082 6483 7415|0 3 7 20 23 36 48 49 53 62 68 79 80 86 87 91 96 100 107

0
3737 5700 9047|0 5 10 14 15 16 17 24 25 28 39 44 67 78 84 87 89 99 107

0
343 2596 5024|16 27 29 32 36 39 47 48 61 63 67 68 82 83 88 90 97 105 106

0
192 3928 7485|7 13 35 41 48 50 53 68 69 76 77 79 82 84 91 94 99 106 109

0
2112 6650 9673|8 11 19 29 42 48 52 55 58 70 74 78 81 83 91 96 101 103 109

0
3122 3246 8584|0 2 6 13 14 22 24 25 27 43 46 65 68 73 74 79 89 93 94

0
2860 7578 7580|5 6 17 25 35 40 43 56 61 64 65 70 83 84 85 89 98 101 105

0
12609 12610 12623|9 11 12 13 19 27 40 42 43 47 51 57 60 62 84 85 89 105 108

0
5960 6565 11965|3 4 16 18 21 26 34 40 51 52 54 67 71 72 74 79 83 92 95

0
3021 6829 7412|1 3 4 6 7 10 12 25 29 31 37 39 64 69 78 86 99 100

0
4567 5429 8666|0 1 2 3 5 21 24 31 37 71 72 74 83 89 91 96 99 107

0
7583 7661 9220|4 6 17 18 21 26 32 34 36 41 58 67 78 84 85 93 96 97

0
4502 4872 11712|8 15 18 28 31 36 49 50 52 54 59 60 64 73 84 91 103 105

0
3139 6535 10429|1 13 15 19 20 25 29 34 35 38 47 59 70 91 101 104 105 108

0
689 7292 8864|19 22 39 40 49 56 60 63 66 70 73 77 80 81 83 88 92 109

0
2497 5394 9042|0 14 34 36 41 48 55 58 59 70 78 88 90 92 99 103 105 107

0
2133 2217 12009|7 14 35 36 49 50 63 73 74 77 80 82 88 92 96 103 106 108

0
0 6948 10577|1 4 23 31 40 48 50 51 53 59 60 76 78 91 97 100 107 109

0
1305 1723 1724|0 4 5 9 19 25 39 50 57 62 78 83 86 87 97 100 105 107
0.738462,
1
3712 7281 7561|0 2 5 6 13 22 25 26 29 42 49 50 61 85 88 89 106 108

0
584 8456 10025|0 4 22 28 38 44 46 48 50 51 53 59 72 75 78 88 97 102

0
290 7894 11718|1 2 9 14 19 24 26 38 42 44 48 52 59 63 68 72 73 75

0
5060 5577 8228|2 22 25 27 35 36 42 46 49 55 67 71 76 79 80 97 100

0
1181 4006 7014|0 4 9 36 44 50 65 66 84 85 88 89 95 96 100 104 109

0
4451 4452 11905|13 15 17 18 21 36 39 48 49 50 58 60 71 84 87 100 106

0
299 446 5980|1 3 8 15 21 24 32 40 65 69 78 80 89 92 96 103 105

0
4331 9797 12077|11 13 21 24 25 26 28 31 34 54 58 79 82 90 97 102 106

0
7627 8287 10943|3 10 16 21 26 40 43 44 51 68 73 76 81 84 89 91 101

0
925 1273 9501|6 7 9 14 15 18 20 41 48 49 50 59 82 89 91 92 108

0
2911 3566 6371|4 11 12 14 21 27 30 43 52 54 61 64 72 76 87 93 108

0
1856 2907 8918|16 19 23 26 31 32 34 39 60 63 64 66 69 80 84 103 105

0
79 3730 12286|24 26 27 30 31 34 35 49 50 57 59 61 70 75 85 91 100

0
278 1679 8230|8 21 22 38 50 51 56 66 67 73 78 81 84 85 88 100 103

0
8609 10004 12380|2 5 12 13 19 25 60 61 62 63 81 82 86 90 96 105 109

0
290 4128 9566|9 13 19 22 31 39 41 61 68 72 73 76 81 91 96 97 107

0
1077 4508 4726|3 4 7 8 21 23 24 25 31 32 38 44 61 91 95 102

0
7558 7572 9021|6 8 9 21 32 34 41 57 62 67 69 71 72 81 83 103

0
2547 5021 6964|0 1 2 18 47 57 58 73 78 82 83 87 94 95 97 99

0
1527 1690 2059 2627|12 28 52 57 58 63 65 85 86 100 108 109

0
1280 10436 11189|8 11 14 21 28 41 48 50 54 55 58 60 72 99 101 105

0
7251 10426 10864|0 3 11 17 33 34 37 42 46 83 90 93 97 101 103 108

0
4973 12569 12571|8 23 26 39 49 55 57 61 79 80 84 94 99 100 106 108

0
4168 4294 12610|7 11 12 16 17 18 26 46 49 51 68 73 77 85 95 99

0
8567 9788 11232|3 5 6 17 25 39 50 57 59 63 67 74 77 83 95 101

0
1490 5951 10172 10225 12602|4 8 15 35 42 44 53 83 88

0
4785 5429 7552|15 17 21 37 48 50 52 74 75 83 91 95 97 100 106

0
12610 12611 12619|3 23 24 32 49 50 53 61 79 81 84 86 92 99 104
0.318182,
1
3097 8401 8609|3 5 7 13 26 29 30 34 46 63 92 93 103 104 109

0
11019 11060 11389|5 6 9 13 20 29 48 49 53 68 70 71 102 108 109

0
38 7558 9192|16 24 25 50 58 63 64 72 81 83 89 93 98 99 101

0
1197 5256 8114|2 5 10 18 33 37 40 54 72 74 79 99 105 107 109

0
1891 5983 7436|6 11 18 32 34 35 41 50 60 68 73 77 80 91 96

0
4040 7115 9197|8 10 20 38 40 41 51 58 61 65 71 77 85 87 99

0
2991 5510 7869|15 17 18 20 37 38 41 55 61 62 78 79 80 90 96

0
3189 4309 5018|0 8 15 53 54 57 69 71 73 80 81 90 92 101

0
6253 7526 7831|0 2 4 42 48 54 67 72 91 92 96 99 104 105
0.625,
1
843 4726 9502|0 2 4 16 35 36 47 52 71 75 82 83 89 98

0
77 1887 6543|15 21 29 36 48 52 60 65 72 85 87 92 105 107

0
3538 8657 12390|14 19 29 36 39 48 63 78 81 85 91 95 100 104

0
7580 9870 11047|6 18 21 22 29 56 57 65 67 78 79 84 103 107

0
8561 9642 10096|1 20 31 34 35 46 57 60 68 85 91 97 101

0
7463 8854 10429|2 11 14 19 43 73 77 80 89 95 103 104 105

0
1627 2300 7977|15 18 34 35 38 48 57 58 61 80 81 105 109

0
3613 8583 11776|1 14 23 24 36 41 64 70 81 84 86 89 100

0
878 3291 10741|14 19 26 30 34 58 68 69 72 74 96 100 101

0
5717 7485 11952|5 20 24 40 49 53 64 67 69 92 101 105

0
1907 6388 9018|6 24 42 47 60 64 70 84 85 88 99 107

0
972 8205 8611|3 10 24 28 33 67 71 75 97 100 102 103

0
2943 7684 8294|2 6 19 43 48 53 58 63 67 74 78 109

0
2593 4751 9197|15 17 18 24 31 36 38 51 71 73 88 103

0
4591 5934 9404|17 25 28 39 43 60 71 73 76 77 92 106

0
1967 6736 12087|23 26 35 46 48 54 58 59 62 74 78 89

0
969 7335 8210|5 7 13 23 24 27 30 40 44 70 87 102

0
4482 8478 11502|19 20 21 36 40 43 51 57 73 76 104 109

0
1200 7807 12623|12 13 15 23 49 51 67 80 85 99 105
0.666667,0.384615,
2
528 1770 12537|0 13 39 40 41 47 50 70 96 97 100

0
3494 4300 4603|11 17 65 71 73 75 95 97 103 106 109

0
7281 7583 7662|21 24 27 30 49 63 72 96 97 99 103

0
1291 4747 10144|5 6 20 48 53 61 62 79 104 106 109

0
4682 10957 10958|21 27 38 47 58 64 70 80 84 90 100

0
2248 2726 2911|8 9 19 27 29 36 52 56 59 85 98

0
6559 10501 12035|5 6 21 34 41 50 89 90 99 105 107

0
2366 2380 3296 4584 6292 6448 7184 12151|20 35 57 62

0
2497 7200 12089|1 13 17 49 57 73 80 83 96 103

0
1927 3736 11628|22 31 32 34 47 60 62 77 83 106

0
5990 7942 11608|3 13 35 38 51 71 85 91 92 97

0
2801 7402 11755|15 17 49 67 81 83 99 101 109

0
4337 4495 5856|8 23 29 32 50 63 66 72 87

0
6504 10162 10319|5 28 47 52 75 76 80 87 91

0
2402 7940 10021|5 16 34 81 82 83 94 104

0
4501 9015 12536|4 22 27 60 83 100 106 107

0
104 7815 9592|44 55 56 60 66 71 96 100

0
3605 7492 9532|3 6 20 34 48 63 80

0
688 7425 7558|33 38 57 64 79 100 102

0
236 252 6157|16 48 63 68 69 105

0
919 1690 2059|50 73 79 86 106 107

0
1704 8464 11200 11906|20 29 80 91

0
4485 6120 6552|29 42 59 74 81

0
731 9255 9938|8 24 47 49 82

0
6234 6640 7446|55 91 93 99 101

0
3230 6801 7957 10274 12596|21 24 32

0
5489 8337 10401|13 27 32 58 105

0
3304 3551 9226|2 15 26 49

0
2773 6040 8456|77 85 94

0
