GDS3715 ChengandChurch
74 139 297 431 844 875 1149 1319 1320 1404 1440 1704 1709 1744 1749 1783 1786 1815 1980 2124 2237 2418 2537 2716 2730 2852 2881 2920 2936 2944 3009 3230 3300 3386 3528 3568 3641 3695 3833 3868 3978 3986 4021 4098 4182 4270 4323 4397 4516 4535 4573 4618 4651 4653 4881 4929 4943 5244 5419 5421 5942 6271 6278 6333 6404 6469 6500 6526 6559 6861 7479 7551 7843 7895 7963 7971 7982 7993 8158 8175 8200 8234 8306 8377 8379 8518 8709 8781 8907 8972 9328 9554 9593 9750 9771 9919 9953 10000 10006 10129 10507 10931 11142 11176 11602 11727 11748 11961 11972 12125 12225 12325 12476 | 2 3 4 7 19 20 21 22 23 24 25 27 32 34 35 47 48 49 58 60 61 63 64 67 68 69 77 78 80 81 86 91 97 99 100 101 105 107
GDS3715 ChengandChurch
16 100 241 531 714 777 801 911 1113 1140 1241 1427 1448 1458 1488 1713 1782 1812 1820 1831 1842 2055 2111 2136 2200 2207 2475 2482 2484 2503 2690 2949 3155 3245 3288 3306 3437 3525 3544 3663 3678 3792 3819 3826 4091 4150 4172 4187 4320 4381 4460 4493 4570 4722 4906 5082 5173 5188 5308 5315 5397 5562 5898 5935 5961 6085 6202 6425 6430 6574 6801 6889 7105 7127 7242 7264 7516 7664 7727 7835 7952 8329 8513 8602 8630 8717 8977 9181 9235 9290 9540 9836 10120 10195 10244 10353 10388 10414 10449 10461 10741 11101 11378 11482 11489 11543 11565 11803 11815 12407 12594 | 19 32 34 35 49 57 58 61 63 66 69 77 78 79 80 83 86 88 89 91 97 99 100 101 103 105 107
GDS3715 ChengandChurch
105 199 215 256 364 437 475 693 695 715 717 748 879 913 1040 1061 1189 1191 1243 1359 1411 1827 1833 2278 2305 2309 2410 2509 2694 2925 2931 2976 3030 3107 3160 3179 3415 3469 3592 3640 3754 4035 4194 4497 4635 4814 4951 4987 5075 5150 5345 5489 5512 5885 5956 6023 6249 6310 6387 6431 6513 6920 6924 7119 7158 7159 7178 7275 7555 7581 7854 8283 8397 8759 9481 9487 9583 9684 9862 9930 9976 9997 10001 10019 10273 10357 10441 10781 11099 11132 11143 11156 11182 11184 11645 12094 12358 12365 | 2 3 7 19 20 21 22 23 24 25 26 29 34 49 57 58 59 61 80 82 86 88 97 99 100 105
GDS3715 ChengandChurch
122 253 358 411 576 770 1599 1718 1853 2301 2463 2474 2501 2882 2985 3093 3152 3190 3303 3379 3500 3657 3671 3708 3756 4196 4311 5032 5563 5944 5988 6169 6313 6355 6614 6871 7025 7420 7876 8005 8033 8309 8364 8558 8702 9013 9040 9266 9268 9574 10232 10271 10360 10794 11133 11246 11483 12381 12437 | 6 20 21 23 32 34 35 39 49 57 58 59 60 63 68 69 77 78 79 80 86 87 91 99 107
GDS3715 ChengandChurch
1209 1253 1360 1452 1931 2197 2374 2510 2959 3497 3601 3625 4156 4193 4306 4512 4557 4615 4719 4867 5014 5124 5170 5423 5526 5580 5622 5707 5873 6043 6196 6308 6380 6381 6394 6459 6731 6881 7225 7461 7579 7603 7878 8229 8327 8535 9259 9889 10023 10078 10090 10549 11173 11717 11973 12121 12285 12375 12433 | 2 7 19 20 21 24 27 32 35 36 47 57 58 63 67 69 80 86 87 91 99 100 103
GDS3715 ChengandChurch
82 101 192 325 416 424 515 521 568 831 869 1375 1622 1906 1910 2291 2313 2523 2777 3339 4019 4042 4309 4310 4429 4531 5071 5119 5515 6051 6069 6439 6564 6625 6894 7253 7258 7290 7415 7471 7488 7658 7717 7957 8076 8205 8488 8505 8629 8748 9171 9292 9800 10318 10346 11112 11288 11329 11360 11496 11731 11922 11930 11974 12021 12256 12330 | 2 3 4 6 7 19 20 21 24 25 26 27 32 35 36 49 58 63 68 77 82 97 99 100 103
GDS3715 ChengandChurch
317 808 976 1049 1317 1363 1380 1391 1441 1483 1688 1773 1808 2293 2364 2623 2972 3119 3147 3159 3351 3484 3534 3656 3723 3737 4119 4179 4202 4238 4534 4538 5079 5427 5514 5552 5565 5597 5702 5704 5739 5767 6132 6338 6418 6940 7216 7305 7429 7911 7969 8011 8082 8255 9402 9526 9529 9743 10424 10761 11405 11756 12406 12472 12525 | 4 6 7 20 21 23 24 25 32 35 36 49 58 59 60 63 68 78 80 81 86 91 97 99 101 105 107
GDS3715 ChengandChurch
547 807 910 939 1208 1405 1476 1517 1789 1866 2003 2369 2415 3111 3302 3381 3580 3808 3914 3977 4116 4221 4250 4494 4982 5043 5065 5109 5576 5662 5909 5968 6312 6325 6327 6330 6388 6530 6797 7121 7142 7160 7474 7688 8281 8372 8840 9009 9463 9505 9694 12227 12480 | 5 20 21 29 32 35 36 38 57 58 61 64 67 68 77 80 81 82 83 86 88 91 97 99 107
GDS3715 ChengandChurch
140 293 638 854 949 1073 1987 2569 2592 2630 2647 3493 3643 3878 4094 4175 4225 4731 4941 5572 5586 6084 6105 6306 6364 6444 6805 7557 7988 8353 8560 8628 8698 8937 9128 9141 9536 9753 9777 9990 10355 10543 11544 11553 11755 11761 11809 12157 12423 | 2 3 6 20 21 23 24 27 32 49 50 58 61 63 64 66 69 78 80 85 99 101 103 105
GDS3715 ChengandChurch
20 1535 1819 1955 2012 2031 2210 2435 2646 2704 2785 2899 3452 3616 3781 3796 3850 4102 4506 5246 5339 5431 5628 6000 6001 6316 6638 7229 7530 7777 7827 7860 8184 8437 8470 8585 8604 9189 9692 9724 9984 9998 10542 10619 10895 11015 11115 11228 11822 12055 12074 12096 12268 | 2 4 5 6 20 22 24 26 27 35 38 49 57 58 77 78 80 83 86 97 99 100 101
GDS3715 ChengandChurch
412 681 825 860 1106 1160 1407 1916 2131 2141 2290 2362 2513 2896 3839 4088 4215 4599 4744 4749 4939 5611 5678 5742 5826 8123 8468 8591 8884 8902 9570 9590 9940 9954 10350 10604 10829 11039 11059 11139 11551 11667 11886 12089 12216 12526 | 19 20 21 24 29 34 47 48 57 58 59 60 61 67 77 78 83 86 91 99 100 105
GDS3715 ChengandChurch
1415 1480 1554 1596 1722 1751 2308 2838 2935 2940 3002 3008 3453 3489 3807 3976 4065 4113 4254 4609 4639 5016 5439 5728 6122 6723 6727 7125 7589 7646 7681 8036 8252 8284 8578 8686 8922 8936 9193 9367 9406 9498 10093 10457 10875 11151 11309 11468 11573 11736 11787 11953 12295 | 32 34 38 39 49 63 67 68 69 77 78 79 80 81 82 86 91 99 100 104
GDS3715 ChengandChurch
6 406 729 855 1178 1410 1481 2068 2274 2339 2725 3039 3513 3607 6203 6221 6668 6715 6938 6972 7307 7607 7706 8351 9041 9164 9186 9280 9651 9665 9745 10242 10723 10823 10985 11037 11388 11447 11800 11887 12133 12178 12279 | 2 7 24 32 35 36 49 58 63 64 66 69 79 80 85 91 97 99 100 101 105 106
GDS3715 ChengandChurch
245 451 522 768 814 822 1134 1184 1219 1574 1624 1719 1930 2683 2932 3006 3033 3058 3099 3173 3276 3391 3514 3749 3769 3801 3816 3866 4809 4983 5498 5632 5638 5700 5946 6184 6187 7333 7337 7444 7648 7663 7696 7863 7939 7961 7985 8790 8958 9026 9333 9555 9821 10390 10693 10790 11296 11467 12175 12231 | 2 3 5 6 7 20 21 22 23 25 35 48 59 68 81 86 88 89 99 100
GDS3715 ChengandChurch
136 469 604 734 1204 1207 1821 1851 1932 2112 2172 2211 2478 2676 2696 2915 2962 3278 3378 3417 3491 4131 4161 4483 4536 4728 4893 5158 5424 5911 6010 6963 7139 7199 7204 7207 7574 7837 7871 8362 8523 8644 9016 9099 9442 9763 10397 11098 11141 11261 11507 12131 12243 | 2 3 6 7 19 21 22 23 24 25 26 27 36 57 58 64 67 86 91 99 100 105
GDS3715 ChengandChurch
69 303 439 1340 1365 1446 1601 1731 1748 1849 2476 2614 2964 3243 3540 3639 4575 5245 5301 5567 5734 5938 6315 6440 6898 7186 7838 8680 8862 8942 9391 9423 9732 10033 10072 10157 10467 12135 | 2 6 20 23 24 25 26 27 35 36 49 58 67 77 78 79 80 81 83 86 88 99 105
GDS3715 ChengandChurch
85 740 909 1466 1691 1799 2146 2502 3422 3965 4176 4528 5051 5235 5284 5316 5430 5633 5673 5680 6354 6374 7140 7711 7965 8429 8503 8565 8622 8694 9185 9560 9585 9767 10720 10824 10835 11043 11196 11492 11648 11668 12038 12111 12193 12457 | 3 7 21 32 35 36 58 61 63 68 77 78 82 85 89 97 100 105
GDS3715 ChengandChurch
24 79 99 532 892 970 1347 1383 1423 1572 1705 2929 3186 3296 3312 3539 3556 3803 3966 4124 4343 4553 4776 5214 5229 5258 5417 6090 6400 6409 7485 7560 7840 8331 8959 9351 9727 10311 10426 10652 10935 11812 11963 | 2 4 6 20 21 23 24 28 32 34 35 49 59 61 63 78 79 80 97 107
GDS3715 ChengandChurch
25 135 780 1252 1431 1630 1771 2319 2450 2924 3027 3071 3609 3611 3722 3896 4214 4524 4579 4805 4968 5545 5637 6125 6305 6347 6757 6817 7118 8221 8520 9036 9532 9635 9672 10258 10427 10853 10944 11127 11179 11264 11883 12267 12550 | 2 5 19 24 25 32 36 48 57 58 64 66 67 81 88 97 99 100 101 105
GDS3715 ChengandChurch
156 188 279 381 415 430 990 1267 1501 2514 2562 2616 2841 3149 3175 4062 4280 5133 5721 5812 5813 5957 6748 6888 7460 7575 7718 7719 7847 7926 8075 8440 8568 9070 9917 9939 10224 10336 10428 11157 11760 12002 12087 12430 12487 | 2 3 4 6 7 19 20 21 23 24 25 26 27 32 57 58 59 66 67 78 88 91
GDS3715 ChengandChurch
1157 1307 1456 1590 1592 1948 2280 2286 2333 2986 2988 3667 3677 3725 4158 4259 4847 5083 5226 5540 5736 6039 6188 6318 6420 6751 8090 8671 8690 9015 9064 9392 9905 10096 10137 10466 10485 10736 10839 11007 11767 12126 | 34 35 38 41 48 49 60 68 69 79 80 81 82 83 87 91 97 99 100 104 105
GDS3715 ChengandChurch
858 1079 1165 1920 1996 2934 2981 3019 3050 3153 3550 3991 4117 4189 4207 4391 4572 4590 4788 5105 6464 6582 6695 6815 7326 7513 7550 7846 7978 8272 8829 9222 9296 9318 9455 9948 10404 10729 10910 11135 11153 11185 11216 11217 | 2 3 4 5 7 9 20 21 23 24 25 26 29 32 34 58 63 77 86 91 99 105 107
GDS3715 ChengandChurch
0 120 224 330 658 886 1121 1541 1649 3227 3576 3888 3925 4218 4331 4339 4441 4501 4547 5020 5132 5364 5709 5801 6412 7099 7515 7593 7640 8112 8201 8416 8787 8962 9276 9483 9596 9736 10624 11199 11381 12207 12463 12499 12534 | 0 2 3 20 21 22 24 25 29 32 34 35 61 77 80 82 83 97 100 105
GDS3715 ChengandChurch
887 932 1336 1903 2428 2753 2888 3148 3385 3716 3907 4031 4056 4741 5542 5649 5653 5809 5816 6071 6099 6216 6222 6782 7251 7377 7850 8052 8195 8392 8593 8642 8823 9279 9668 9738 11491 11705 11840 11968 12467 | 2 6 7 20 21 24 25 26 32 57 61 64 80 82 86 88 97 106 107
GDS3715 ChengandChurch
56 93 145 323 362 471 916 977 1203 1530 1617 1643 1977 1983 3075 4057 4064 4464 4533 4955 4980 5123 5379 5414 5553 5578 5969 5998 6351 6722 8074 8225 8269 8359 8670 9602 9660 9789 9886 10651 11000 11830 12067 12150 | 6 7 19 24 25 32 35 47 48 49 57 60 61 62 63 78 81 86 99 100 105
GDS3715 ChengandChurch
829 901 1084 1451 3041 3183 3496 3570 3753 4236 4304 4371 4462 4813 5037 5372 5494 6407 6714 7520 8185 8249 8415 8537 8548 9336 9386 9495 9528 10064 10230 11121 11211 11415 | 0 4 6 7 8 20 21 22 24 25 26 28 32 57 58 61 66 80 97 99 100
GDS3715 ChengandChurch
383 526 644 878 1671 1792 2277 2395 2692 2699 2701 3971 4027 4634 4985 5981 6131 6448 6609 7176 7196 7861 8233 8241 8581 8773 8997 10067 10202 10458 10475 10645 10688 10947 11464 11580 11693 12006 | 4 6 7 27 32 34 38 48 49 50 60 64 77 79 91 100 101 105
GDS3715 ChengandChurch
736 1230 1516 1627 1639 1978 2497 2912 2955 2969 3102 3344 3383 3482 4340 4523 4542 4559 4969 5527 5593 5621 5838 6524 6607 6952 7171 7218 7411 7469 7480 7531 7649 8860 9762 10632 11401 11643 11882 | 19 34 35 36 39 41 57 58 61 68 78 79 80 88 97 99 100 105 106
GDS3715 ChengandChurch
78 203 319 930 1009 1037 1940 2164 2894 4919 4994 5099 5166 5945 6463 6943 7049 7785 8268 8291 8539 9175 9244 9419 9636 9805 9887 9987 10301 10553 10719 10762 10797 11392 11506 11949 12016 12092 12202 12304 | 2 4 5 6 20 21 22 23 24 25 26 29 49 57 58 63 64 86 101 105
GDS3715 ChengandChurch
310 474 966 975 1196 1255 1402 1584 1659 1681 1919 2390 2684 3053 3399 3652 3672 3705 4157 5090 5598 7174 7214 7330 7498 8248 8257 8499 9063 9670 10054 10081 10383 10573 10763 10804 10806 11178 11380 11753 11810 11969 11979 | 7 20 29 35 39 47 58 59 60 61 63 66 79 86 88 100 106
GDS3715 ChengandChurch
11 874 1287 1810 2032 2096 2188 3897 5128 5426 5522 6110 6482 8118 8965 9014 9107 9655 10204 10657 10687 10704 10820 11055 11066 11131 11598 12132 12237 | 2 3 4 6 19 21 22 23 24 25 27 29 48 68 78 80 86 87 97
GDS3715 ChengandChurch
749 857 1389 1651 1714 1824 1926 2100 2182 2825 3025 3545 3588 3628 3988 4167 4177 5293 5547 5605 6382 6458 6856 7003 7500 7865 7914 8282 8404 8696 8815 8857 8897 9031 9542 9667 10760 10810 11280 11461 11627 | 3 6 21 36 49 57 59 69 77 79 80 86 89 91 97 99 104 106 107
GDS3715 ChengandChurch
264 268 481 812 823 1235 1316 1324 2105 3992 4159 5239 5509 5679 5948 6205 6321 6435 6466 7201 7298 7674 7918 7972 8202 8336 8365 8587 8649 8805 8905 9478 9502 9674 10003 10128 10278 10897 11568 11677 12198 | 3 4 6 20 24 26 27 29 34 60 61 67 79 81 82 86 97 99 100
GDS3715 ChengandChurch
322 606 1342 1344 1444 1605 2099 2341 2809 2828 2832 2901 3480 3543 4163 4781 4963 5645 6025 6053 6285 6487 6796 7006 7051 7112 7192 7400 7505 7591 8367 8410 8938 8973 9008 9364 9586 9621 9847 9944 10117 10617 10765 11050 11085 11660 11679 11720 12041 12179 12346 | 0 2 4 5 6 7 19 21 23 24 25 32 35 49 61 64 80 86 99 100
GDS3715 ChengandChurch
96 213 772 1107 1159 1215 1263 1846 2034 3265 3423 3526 3838 3952 4318 4440 4714 5003 5068 5503 6352 6398 6401 7033 7343 7522 8153 8245 8688 9566 10521 10924 11857 11878 | 2 5 6 19 49 57 58 60 66 67 68 77 79 80 83 97 100 103 105
GDS3715 ChengandChurch
149 757 796 820 873 1182 1185 1750 1982 3177 3308 3586 3787 4526 5470 5501 5620 6427 6533 7111 7265 7990 8264 8639 9275 9742 12122 12129 12136 12241 12315 12363 12465 | 2 4 15 19 20 22 23 25 32 34 35 36 38 47 62 67 68 69 77
GDS3715 ChengandChurch
158 1145 1334 1573 1757 1891 2029 2040 2927 2956 2992 3003 3032 3096 3223 3326 3527 4565 4627 5444 5599 5677 5697 6596 6764 7211 7331 7902 8263 8576 8989 9017 9735 10775 10792 12124 | 15 20 25 35 57 59 60 63 64 68 69 77 80 82 86 88 97 100
GDS3715 ChengandChurch
555 716 1062 1129 1341 1406 1720 1840 2103 2507 2903 3127 3128 3195 3645 4233 4659 5608 6098 6372 6791 7616 7836 7875 8029 8095 8199 8975 9414 10102 10317 10421 10813 11455 11615 11918 12000 12270 12447 | 2 3 4 5 6 8 20 24 26 27 29 49 57 58 63 81 86 91 97
GDS3715 ChengandChurch
654 699 1051 1536 1677 2407 2559 2604 2834 2996 3598 3912 4051 4162 4257 4325 4409 4456 4608 5180 5208 5265 6799 7052 8009 8784 9191 9348 10325 11515 11583 11663 11713 11984 12052 12097 12357 | 2 5 6 8 20 22 23 24 25 27 38 47 49 58 61 78 81 87 99 105
GDS3715 ChengandChurch
519 803 1216 1390 1553 2010 2080 2718 3822 4003 4160 4496 5011 5131 5453 6063 6432 6452 6808 6958 7145 7161 7588 7845 7945 8697 8998 9004 9549 9623 10011 10538 10770 11647 | 3 5 8 20 21 22 23 24 25 26 32 34 35 81 85 86 91 97 100 101 105
GDS3715 ChengandChurch
15 272 841 954 1063 1382 1769 1876 2134 2199 2528 4475 4908 5666 5773 5989 6577 7349 7432 8045 8313 9145 9281 9306 10111 10534 10862 10925 11821 12118 | 3 7 20 26 29 32 36 38 49 57 77 78 79 80 85 87 91 100 101 103
GDS3715 ChengandChurch
1381 1556 1623 1707 1887 1923 1936 2389 2548 3301 3595 4169 4289 4297 4489 4734 5145 5160 5196 5643 5932 5991 6102 6749 6809 7950 8244 8641 8775 9659 9686 9728 11183 11739 | 0 3 5 7 15 24 34 35 36 57 60 66 67 68 78 80 88 97 107
GDS3715 ChengandChurch
148 398 1091 1171 1870 2014 2050 2249 2747 4106 4316 4469 4971 5116 5193 5452 6153 6897 8194 8196 8316 8357 9054 10233 10476 10684 10787 11080 11200 11542 11719 12219 12468 12536 | 0 4 6 7 8 19 21 22 23 26 27 58 59 62 63 91 99 105
GDS3715 ChengandChurch
184 306 505 709 1672 1844 2023 2436 3046 3519 3668 3760 3973 3993 4073 4100 4473 5149 5921 5999 6065 6926 6960 7193 7287 7491 7690 7833 7912 8176 8654 9341 9562 9956 10387 10391 10808 11505 11712 11985 | 5 19 32 47 48 49 58 63 67 68 77 78 80 86 88 89 91 99 100 105
GDS3715 ChengandChurch
107 711 1814 2289 3026 3617 3876 3954 4650 4760 5482 5551 5640 5716 6317 6363 6872 6975 7699 8586 8607 8935 8941 9227 9749 9816 11480 11519 11578 12035 12214 12306 12398 | 3 22 23 27 28 29 32 34 35 36 49 50 57 59 77 79 83 107
GDS3715 ChengandChurch
111 460 1356 1658 1779 1917 2052 2492 2664 2876 3285 3660 4079 4228 5513 7134 7839 7870 8845 8976 9139 9301 10107 10484 11513 11711 11942 12058 12439 12490 12496 | 4 5 6 22 24 27 28 35 36 48 49 57 63 77 86 97 99 100 107
GDS3715 ChengandChurch
238 1118 1462 2222 2248 2303 2998 3083 3237 3587 3603 3752 4210 4567 5110 5152 5388 5493 5841 6082 6163 6261 7937 9344 9911 11005 11108 11270 11557 11652 11692 11838 12226 12593 | 3 5 15 19 21 29 34 35 36 66 77 80 91 105 107
GDS3715 ChengandChurch
227 289 363 687 1437 2009 2371 2391 2968 2975 3037 5114 5519 5584 5660 5842 6268 9012 9294 9658 9752 10359 11046 11303 11412 11523 11600 11991 12286 12347 12351 | 2 4 6 8 20 22 24 25 34 35 36 38 81 82 86 97 100 105
GDS3715 ChengandChurch
77 377 550 834 872 1039 1177 2145 2318 2432 2741 3189 3215 3864 4428 4799 4944 5167 6841 6854 7148 7869 7901 8247 8426 9103 9565 9740 11404 11988 12446 | 2 4 7 8 19 20 21 25 29 34 48 57 59 67 81 86 97
GDS3715 ChengandChurch
228 859 1353 1546 2002 2816 3018 3062 3541 4068 4394 5041 5319 5354 5641 5970 6828 7311 7512 8328 8636 8945 9812 10326 10369 10392 11622 11903 12497 | 2 26 32 34 36 48 49 57 58 59 68 69 78 80 83 86 88 99 105
GDS3715 ChengandChurch
212 1024 1044 1408 1976 2431 2867 3572 3788 3980 4016 4640 5138 5289 5506 5606 5726 5918 6438 7195 7502 8092 8584 8792 9257 9407 9631 9699 10060 10356 10463 11102 11469 | 6 19 26 32 35 38 39 41 48 63 64 79 83 85 88 97 99 105
GDS3715 ChengandChurch
115 255 672 942 1004 1031 1468 1861 1964 2519 3694 3963 4153 4261 4463 4958 5723 5730 6475 7035 7632 7866 8198 9682 11023 11052 11071 11655 12260 12400 12422 | 5 20 22 25 29 36 38 39 49 69 77 82 97 99 100 101 106
GDS3715 ChengandChurch
486 864 2038 2471 2786 3427 4455 4589 5368 5483 5518 5650 5928 5990 6902 6937 7000 7269 7406 7477 7657 8454 10621 10952 11233 11279 11877 12170 | 3 7 20 23 25 32 39 57 58 63 77 80 81 83 91 97 100 105
GDS3715 ChengandChurch
778 2025 2961 2963 3521 3688 3709 3983 4425 4492 5500 5516 5839 6036 6652 6755 7583 7592 8073 8583 8873 9199 9372 9385 9544 9707 10162 11210 11556 11967 | 2 3 8 19 20 22 24 27 32 57 64 68 80 81 82 91 97 107
GDS3715 ChengandChurch
141 399 1080 1497 1564 2084 2352 2357 2490 2913 3485 3614 4078 4143 4561 4745 5243 5428 6075 6471 6816 7155 7476 7576 7879 10108 10904 11120 12116 12275 12313 12498 | 3 4 5 19 20 21 22 23 24 25 26 32 36 49 61 77 86
GDS3715 ChengandChurch
348 710 1187 1839 2189 3165 3217 3575 4804 5959 5960 6230 6766 7115 7341 7552 7580 7624 8211 8371 8966 9234 9513 9701 10027 10237 10451 11474 12147 12477 12544 | 2 3 4 7 21 22 24 25 34 47 58 68 78 79 80 97 99 100 103
GDS3715 ChengandChurch
1311 1346 1566 1588 2036 3113 3234 3488 3559 3581 3791 4037 4107 4251 4447 4527 4621 4662 5130 5415 5554 6769 7224 7519 9396 10796 11465 11525 11617 | 3 20 21 26 29 35 48 49 50 57 58 59 63 68 69 79 86 91 97 99 107
GDS3715 ChengandChurch
390 457 1465 1583 1685 1710 1860 3056 3309 3929 4048 4378 4632 4931 5125 5224 5282 6013 6133 6151 6277 6612 7200 7601 8267 9464 9634 10685 11082 11576 11706 11992 | 3 4 8 21 22 24 26 29 32 35 49 57 61 67 68 78 83 89 99
GDS3715 ChengandChurch
1369 1384 1494 1616 1670 1745 1747 1768 2310 3669 4034 4052 4201 4301 4607 4665 5077 5579 5656 6825 7241 7328 8923 8948 9084 9401 10672 11113 11471 11950 12183 | 2 3 9 24 25 27 32 35 38 39 48 50 61 68 99 100 105
GDS3715 ChengandChurch
17 75 529 626 702 802 943 1416 3224 3499 3935 4276 4430 5098 5581 5714 6655 7070 7618 7684 8072 8150 8342 8847 8950 9263 10306 10728 10914 11591 11895 12448 | 2 4 6 22 23 24 27 49 59 61 64 68 77 80 82 83 86
GDS3715 ChengandChurch
440 543 691 880 1898 1959 1991 2013 2485 3015 3356 3733 4712 4756 5672 6642 7205 7540 7877 8230 8286 9283 9358 9429 9922 10125 10772 12186 12359 12455 | 2 19 23 24 26 27 34 36 57 58 61 64 66 79 80 82 97
GDS3715 ChengandChurch
151 434 627 1043 1086 2297 2540 2698 2745 3208 3447 3531 4312 4878 6532 7256 7382 7526 7584 7794 7806 9594 9730 10297 10395 10664 11088 11174 11585 12079 12302 | 2 4 5 6 19 23 24 25 26 32 35 38 39 48 58 61 68 100
GDS3715 ChengandChurch
356 524 1986 2508 2883 3012 3014 3022 3294 3768 4212 4495 4630 4703 4803 4992 5135 5626 5906 5997 6942 6946 7007 8338 9733 10045 10077 10480 10856 11213 11299 11497 11722 12248 | 2 5 6 20 22 24 32 49 59 61 66 67 69 78 80 81 82 91 97 99
GDS3715 ChengandChurch
46 231 799 2121 2135 2430 2512 2905 3394 4087 4824 5465 5642 6402 6753 6804 7292 9029 9350 9577 9606 10446 10643 10695 11844 12093 | 4 5 6 20 22 32 35 36 48 61 79 80 86 87 88 97 105 107
GDS3715 ChengandChurch
1094 1417 1453 1661 1717 1728 2011 2688 2877 3070 3504 3820 4145 4583 5387 5525 5549 6011 6792 6842 6855 7042 7541 7598 7979 8307 9034 9832 10058 10212 10422 10682 11263 12026 12173 | 21 23 25 27 34 36 48 58 67 69 81 86 99 100 103 105
GDS3715 ChengandChurch
3923 4229 5732 6058 6238 6441 6579 7340 7621 7636 7828 8190 8315 9208 9970 10560 10680 10686 11430 11517 11594 12127 | 2 3 6 20 21 24 25 32 36 47 63 77 79 81 87 91 97 99 103 105 107
GDS3715 ChengandChurch
29 129 226 354 572 645 665 680 766 948 1067 1105 1284 1303 1436 1734 2358 2531 2665 3631 4818 6232 7074 7079 7698 7922 8087 8192 9403 11625 11710 12317 12323 12458 | 2 7 21 22 27 29 35 36 47 78 80 81 82 91 99 100 101
GDS3715 ChengandChurch
633 1388 1742 1914 1960 2426 3533 3579 3597 3638 4110 4114 4485 4597 5035 8366 10136 10226 11175 11516 11527 11638 | 7 20 26 28 32 47 48 60 63 64 67 80 81 83 91 103 104 105 107
GDS3715 ChengandChurch
335 1604 1945 1970 2087 2379 3104 3738 4123 4142 4305 5619 6705 6716 8332 8562 8659 9144 9383 10206 10274 10996 11370 12189 | 3 5 19 21 23 24 26 27 32 39 47 61 69 80 91 97
GDS3715 ChengandChurch
1660 1822 2904 2918 3110 3687 4942 5194 5574 5952 5958 6048 6134 6434 6449 6786 7117 7868 8312 9375 9957 10028 10642 10817 11002 11191 11354 11742 12069 | 2 6 20 26 29 34 48 49 63 68 78 79 82 97 105
GDS3715 ChengandChurch
161 587 630 686 1088 2538 2697 2911 3330 4170 4582 4858 5249 6117 6460 6600 6826 7130 7248 7329 7808 8227 8295 8592 8673 8929 9339 10290 10801 | 3 4 5 7 20 21 24 25 27 28 29 32 38 69 77 79 80 83
GDS3715 ChengandChurch
546 1315 1526 1580 1650 2433 2504 2890 3101 3196 3462 3623 3967 4149 4623 5112 5184 5523 5573 5947 6300 7543 7951 8242 8689 9299 9347 9421 9547 10035 11361 | 19 20 24 26 32 36 47 57 60 66 69 81 83 86 88 89 97 99 105 106
GDS3715 ChengandChurch
252 360 485 488 558 871 1123 1194 3156 3203 3635 3786 5086 5324 5327 5517 5715 5973 6097 8611 8875 10084 10110 10344 11011 11418 11554 11708 12395 | 6 20 22 23 24 26 34 49 57 77 78 80 97 101 103 105 106
GDS3715 ChengandChurch
441 510 591 1087 1612 1654 1847 1992 2129 2275 2397 2500 2526 3552 3774 4061 4586 4777 5722 6503 6617 7454 7942 8042 8177 8231 8547 10448 10842 11595 12048 12369 | 5 19 32 34 35 36 48 49 58 68 78 79 83 91 99 101
GDS3715 ChengandChurch
23 329 652 1397 2159 2383 2813 3167 3410 3757 3793 4450 5883 6044 6214 8417 8483 8874 9368 9814 10194 10473 11859 12228 | 2 7 15 19 36 38 39 49 58 69 77 78 79 80 82 100 105 107
GDS3715 ChengandChurch
1997 2024 2130 2295 3352 4327 5468 5668 5799 5978 6676 7183 7414 7587 8226 8616 9548 10268 10732 11031 11454 11680 11807 11902 11909 11981 12050 12299 | 3 6 20 21 22 23 24 25 32 50 63 64 80 91 97 99 103
GDS3715 ChengandChurch
55 534 692 1057 1550 1594 2686 2980 2991 4284 4488 4611 4966 5195 5349 5814 5900 6012 6050 6626 7585 7834 9324 9983 10592 11093 11788 | 2 5 19 20 21 22 57 58 61 77 80 81 83 91 99 100 105
GDS3715 ChengandChurch
368 811 1258 1332 3118 3219 3269 3574 3748 3984 4581 4715 4970 5107 5818 5977 6601 7011 7379 7900 8413 8466 9315 9355 10753 10872 11588 11911 12425 | 19 20 26 27 39 49 57 58 59 60 68 78 79 80 83 89 91
GDS3715 ChengandChurch
61 90 134 520 1010 1128 1645 2361 4128 4266 4326 5462 6002 6304 6322 6413 6822 6923 7475 8055 9677 9902 10047 10285 10303 10462 11117 11623 11624 12460 12461 | 2 6 7 19 21 23 25 28 57 62 66 68 99 105 107
GDS3715 ChengandChurch
413 500 762 1425 1725 1758 3115 3511 4001 4178 4195 4498 4550 4988 5326 6068 6342 6457 7656 8133 8278 8304 8676 10056 10714 10785 11495 11797 12034 | 2 3 4 9 21 24 26 28 35 49 57 61 77 86 97
GDS3715 ChengandChurch
157 193 386 690 1318 1542 1908 3959 4234 5484 7266 7932 8485 8529 8843 9022 9038 10384 11013 11014 11383 11931 12184 12300 12421 12557 | 4 5 7 20 22 24 25 27 28 29 34 48 80 81 82 88 97 101 107
GDS3715 ChengandChurch
298 426 817 3746 3913 4991 5261 5377 5585 6193 6233 6290 6451 6483 7363 8228 8374 8555 8794 9491 9652 10366 10828 11167 11248 11431 11804 12218 | 2 6 7 8 19 21 23 24 25 32 35 36 40 49 61 63 68 83 100 107
GDS3715 ChengandChurch
1321 1552 1684 1973 2343 2459 2479 2909 2989 3004 4081 5078 5115 6066 6414 6423 7179 7247 7534 8099 8452 8664 8800 9182 9546 9671 9906 10409 11978 12404 12484 | 6 7 19 20 21 23 24 25 34 36 49 57 69 80 86 89 99 100 104 107
GDS3715 ChengandChurch
477 1092 1885 2267 2746 2938 2966 3467 3507 3620 3675 4294 5143 7586 7641 7954 9093 10282 10442 10468 10671 10744 11215 11593 | 6 20 21 22 25 36 41 58 60 67 77 78 79 80 83 85 97
GDS3715 ChengandChurch
1326 1424 1647 1775 2420 2493 2672 3065 3554 3814 4000 4108 4144 4584 4841 5002 6074 6853 8096 9405 10812 | 21 26 32 35 39 47 59 60 67 68 81 87 88 91 99 100 104 105 106
GDS3715 ChengandChurch
3 396 870 957 2208 2670 3140 4764 4899 8390 9834 10008 10363 10434 10599 10696 11016 11424 11702 11805 11898 12036 12201 | 19 21 24 32 36 39 58 63 68 69 78 86 97 99 100 105
GDS3715 ChengandChurch
187 1030 1313 1495 1514 1708 1767 2021 2086 2321 2400 3295 3610 3666 3696 4155 4183 4708 5189 5216 5949 6472 7043 8369 9037 9819 10830 11550 11571 | 15 19 27 35 38 39 47 58 61 63 66 81 82 88 104 106
GDS3715 ChengandChurch
128 805 1225 1631 2065 2705 2760 2974 3034 3658 4151 4322 5575 5703 6041 7062 7077 7177 8136 8432 9415 9697 11038 11106 11331 11850 | 19 20 22 25 26 27 29 35 59 61 64 85 99 105 107
GDS3715 ChengandChurch
598 752 761 884 1249 2304 2457 3076 3473 4511 4605 5136 5511 6636 7285 7920 9119 9568 9698 9758 9766 9921 10131 10417 10832 10855 11192 11610 11959 12374 | 2 3 5 6 7 20 24 26 27 32 49 61 77 91 97 99 100 105
GDS3715 ChengandChurch
244 720 862 979 1027 2276 2336 3365 3418 3764 4748 4784 5174 5504 7173 7367 7499 8059 8601 8946 9384 10041 10069 10215 10264 10901 11771 11954 | 0 4 6 7 20 21 22 23 24 27 29 32 59 83 85 99 100 107
GDS3715 ChengandChurch
1428 2018 2733 3055 3542 3599 3763 4083 4646 5052 5659 5992 7915 8003 8197 9718 9755 10014 10400 10582 10850 | 0 5 7 23 24 29 32 34 36 55 57 68 77 78 97 99 103 105
GDS3715 ChengandChurch
1471 2088 2555 2589 3254 3517 3573 4482 4747 5450 6875 6979 8134 8399 8620 8951 9226 9850 10021 10497 | 7 35 38 39 49 58 62 67 68 69 79 81 86 89 91 99 101 103
GDS3715 ChengandChurch
28 51 113 219 280 388 978 1227 1302 1752 3042 3080 3220 3602 4840 5687 5763 7128 7566 8311 9088 9439 9925 9994 11451 11936 12012 12246 12318 | 3 19 21 23 24 26 27 32 35 49 61 63 68 80 86 97 107
GDS3715 ChengandChurch
168 205 242 304 1100 2853 4237 4796 5102 6017 6377 6948 7300 7401 7701 7958 8489 8608 8953 8961 9895 10160 10854 10945 10979 | 2 6 7 20 21 22 24 25 29 32 36 48 49 61 86
GDS3715 ChengandChurch
194 751 787 806 936 1648 1811 2429 4136 4577 4693 4981 5127 5443 5550 5647 6480 6516 8214 9625 10097 10142 10322 10759 11733 | 20 21 22 23 24 27 32 49 57 59 66 69 83 91 97 100
GDS3715 ChengandChurch
40 372 539 689 1473 1689 2292 3327 3547 3673 3936 4053 4461 5171 5198 5288 5437 6247 6962 6976 7359 7933 8047 9827 10103 10367 10535 10541 10802 | 0 3 4 5 6 7 25 48 58 80 81 83 91 103 105
GDS3715 ChengandChurch
276 1435 1911 2206 2481 2505 3064 3202 3802 4104 5108 5142 5634 5907 5914 6405 6455 6490 6843 7600 8623 9649 9947 10051 10330 11971 | 3 21 25 26 32 35 47 60 61 63 66 79 80 89 93 100 105 107
GDS3715 ChengandChurch
104 400 967 988 1259 1816 1967 2524 2784 4148 5140 5756 6370 6573 6736 6879 7278 7831 8223 8904 9312 10342 10857 11806 | 3 23 26 27 28 29 34 36 39 40 58 61 77 79 80 100
GDS3715 ChengandChurch
10 209 243 374 541 595 603 894 2612 2673 4242 4548 4723 5913 6272 6450 6456 6674 7166 9916 10189 10343 10479 10690 10893 11698 11943 12238 12269 12444 | 3 5 7 21 23 24 25 26 36 49 58 77 80 86 97
GDS3715 ChengandChurch
417 1115 1127 1803 1993 2027 3470 3578 3703 3922 3989 4868 5022 5094 6267 7227 7291 7324 7546 7888 8051 8370 10566 11952 12199 12495 | 7 24 32 34 39 49 58 66 67 77 85 88 91 97 100