GDS3715 QUBIC
270 311 322 582 885 1185 1952 2051 2374 2536 2712 3160 3306 3867 4066 4319 5129 5215 5361 5530 5764 5998 6362 7478 7528 8054 8072 8732 8776 9914 10372 10868 10898 10919 10978 11064 11152 11782 12041 12529 12530 | 56 71 98
GDS3715 QUBIC
563 4912 6631 9626 11057 11848 | 3 17 20 23 29
GDS3715 QUBIC
211 7095 9067 9844 10272 | 3 4 5 20 73
GDS3715 QUBIC
6694 8151 9877 10927 | 1 5 6 20 54 75
GDS3715 QUBIC
1221 3234 3902 4786 4849 6700 9769 10153 | 1 6 8
GDS3715 QUBIC
4685 6591 8328 10846 | 39 54 70 73 75 76
GDS3715 QUBIC
492 8182 9056 9506 | 1 2 25 73 75 97
GDS3715 QUBIC
2326 2581 6707 6982 9846 10370 | 6 21 25 26
GDS3715 QUBIC
6211 7408 11084 | 4 5 8 10 23 53 76
GDS3715 QUBIC
3266 7790 10531 | 0 9 17 23 24 54 70
GDS3715 QUBIC
1110 2181 3870 4307 9068 9082 9503 | 51 76 98
GDS3715 QUBIC
5137 7812 8117 | 7 21 22 24 54 75 86
GDS3715 QUBIC
2085 4922 5887 10216 | 1 3 7 23 27
GDS3715 QUBIC
2687 4922 5307 6525 6930 | 6 11 25 54
GDS3715 QUBIC
563 3461 7364 8732 9114 | 14 53 82 97