
G









GDS1406 xMOTIFs
18 26 58 67 80 106 133 184 223 245 246 277 310 328 335 343 354 390 402 410 424 442 464 471 564 593 609 630 643 666 676 697 698 700 720 733 768 859 887 1001 1013 1025 1051 1057 1095 1264 1333 1339 1345 1403 1418 1420 1439 1451 1453 1493 1500 1523 1541 1544 1553 1610 1720 1740 1753 1775 1826 1837 1874 1889 1902 1943 2008 2020 2034 2046 2126 2147 2155 2173 2186 2191 2205 2227 2268 2274 2328 2364 2412 2459 2558 2593 2618 2620 2714 2717 2737 2738 2762 2783 2804 2828 2840 2843 2894 2900 2940 2969 2986 2994 3025 3118 3144 3171 3181 3183 3209 3210 3226 3238 3242 3274 3279 3285 3319 3328 3381 3451 3486 3497 3519 3586 3608 3674 3680 3693 3715 3717 3748 3797 3823 3832 3859 3869 3875 3902 3993 4022 4045 4046 4047 4105 4106 4110 4140 4149 4182 4293 4310 4326 4329 4336 4357 4375 4387 4394 4472 4505 4519 4564 4588 4590 4601 4627 4638 4696 4811 4913 5041 5118 5244 5317 5511 5612 5614 5650 5657 6086 6112 6194 6298 6303 6315 6347 6363 6384 6391 6418 6430 6440 6460 6503 6543 6603 6637 6666 6677 6685 6727 6747 6784 6832 6837 6898 6917 6958 6964 6970 6991 7026 7027 7128 7156 7159 7203 7204 7262 7274 7305 7429 7455 7463 7507 7526 7536 7547 7590 7594 7606 7634 7687 7691 7718 7719 7736 7737 7778 7824 7834 7882 7975 7992 8004 8088 8100 8107 8154 8155 8217 8228 8259 8264 8322 8334 8338 8344 8363 8375 8397 8427 8668 8677 8699 8776 8778 8781 8782 8820 8868 8880 8885 8976 9006 9063 9150 9178 9261 9268 9316 9480 9497 9551 9556 9575 9592 9628 9635 9643 9651 9683 9687 9689 9691 9721 9755 9913 9917 9936 9963 9975 9987 9990 10013 10014 10035 10065 10105 10130 10139 10150 10172 10232 10275 10284 10291 10318 10419 10443 10444 10471 10486 10521 10531 10533 10540 10543 10574 10621 10645 10677 10703 10753 10820 10824 10851 10890 10891 10895 10905 10909 10917 10919 10920 10922 10951 10952 10967 11002 11032 11035 11036 11052 11057 11086 11126 11136 11162 11203 11228 11235 11373 11374 11387 11403 11407 11415 11419 11420 11421 11426 11434 11453 11457 11485 11487 11491 11526 11571 11753 11761 11763 11767 11768 11769 11785 11803 11864 11913 11972 12057 12059 12067 12106 12109 12143 12176 12179 12181 12377 | 30 43 46 59 60 73
GDS1406 xMOTIFs
38 78 93 101 278 386 391 426 504 600 623 748 759 784 980 1093 1108 1484 1573 1819 2095 2119 2184 2188 2377 2516 2579 2614 2696 2794 2849 2876 2978 3053 3101 3167 3175 3225 3339 3352 3397 3401 3436 3464 3547 3629 3631 3635 3687 3776 3814 3884 3911 3937 3946 3956 3988 4060 4067 4071 4095 4134 4167 4188 4296 4320 4323 4454 4543 4739 4816 4933 5368 5920 5926 6009 6046 6235 6317 6344 6377 6434 6671 6678 6680 6838 6842 6962 7035 7062 7069 7161 7243 7310 7315 7317 7328 7348 7402 7445 7453 7519 7541 7558 7597 7655 7695 7701 7721 7729 7735 7738 7742 7748 7764 7832 7911 7926 7954 7957 7990 8163 8165 8172 8215 8221 8272 8294 8296 8321 8333 8337 8419 8420 8586 8590 8600 8608 8609 8633 8667 8717 8772 8795 8809 8815 8857 8858 9019 9057 9059 9087 9090 9176 9190 9235 9264 9274 9276 9282 9290 9315 9495 9513 9618 9688 9699 9704 9743 9749 9751 9756 9760 9944 10030 10034 10044 10058 10113 10137 10168 10197 10414 10425 10458 10482 10514 10567 10581 10611 10643 10669 10807 10867 10911 10940 11041 11139 11315 11324 11344 11345 11414 11454 11465 11622 11643 11667 11783 11809 11816 11836 12053 12065 12138 12144 12212 12438 12448 12465 | 3 9 54 65 68 80
GDS1406 xMOTIFs
20 36 55 91 100 164 294 302 303 633 715 767 840 1087 1103 1106 1117 1171 1425 1456 1482 1517 1532 1548 1659 1744 1797 1878 2026 2058 2107 2150 2254 2314 2388 2467 2472 2481 2521 2861 2895 2904 2933 2945 3063 3172 3192 3344 3349 3448 3532 3764 3839 3922 3994 4015 4019 4039 4041 4059 4119 4146 4193 4277 4302 4368 4384 4456 4571 4580 4678 4722 4756 4779 4794 4820 4830 5051 5181 5196 5319 5907 5936 5991 6223 6304 6338 6479 6532 6590 6594 6668 6683 6857 6869 6992 7042 7091 7102 7167 7172 7254 7270 7308 7473 7506 7706 7889 7903 7935 7936 7939 7981 8101 8198 8223 8374 8394 8395 8595 8598 8725 8750 8806 8816 8876 8968 9014 9071 9109 9253 9279 9374 9491 9527 9531 9588 9675 9677 9679 9731 9753 9809 9826 9941 9945 9960 10001 10029 10063 10067 10074 10147 10162 10231 10381 10413 10502 10623 10662 10738 10776 10816 10834 10865 10888 11063 11081 11117 11133 11196 11361 11425 11528 11628 11696 11719 11736 11822 11824 11868 11871 11878 12111 12122 12124 12152 12169 12208 12213 12446 | 44 58 68 71 72 85
GDS1406 xMOTIFs
7 265 353 399 499 705 826 873 1168 1282 1550 1637 1642 1848 1985 2329 2399 2592 2605 2646 2652 2964 3040 3264 3305 3872 4007 4080 4222 4886 5237 5255 5318 5412 5453 5644 5672 6092 6211 6256 6278 6642 6728 6795 6834 6912 7289 7465 7482 7688 7785 7942 7955 8396 8870 9186 9219 9228 9303 9926 9984 10010 10015 10022 10160 10202 10293 10415 10432 10553 10602 10641 10779 10814 10896 11103 11292 11459 11683 11686 11737 11810 11911 11994 12062 12145 12149 12447 12454 | 11 12 27 33 51 52
GDS1406 xMOTIFs
23 33 113 243 301 369 649 1141 1450 1531 1542 1546 1633 1638 2086 2159 2563 2693 2883 3353 3459 3781 3847 3882 4122 4288 4550 4659 5000 5753 6647 6657 6695 7033 7501 7518 7578 7684 7896 7961 8111 8248 8627 8641 8831 9041 9043 9119 9385 9593 9744 9778 9959 9982 10163 10223 10225 10442 10622 10639 10687 10696 10817 10822 10958 10959 11370 11443 11712 11827 11845 12023 12049 | 4 8 22 38 47 48
GDS1406 xMOTIFs
117 725 1083 1330 1331 2755 2771 3235 3666 4143 4327 4606 4657 6612 6679 7041 7652 7672 7746 7786 7952 8200 8319 8754 9673 10009 10096 10517 10811 10930 | 0 1 2 6 12 19 21 25 30 31 35 49 73 74
GDS1406 xMOTIFs
284 309 393 501 562 704 1054 1142 1487 1521 1530 1715 1743 2460 3237 3438 3466 3639 3709 3973 4026 4172 4443 4553 5061 5879 6682 6823 6972 7061 7107 7129 7143 7499 7708 7833 7956 8113 8330 8556 8561 8591 8617 8623 8629 8646 8779 8890 8892 8904 9557 9579 9757 9983 10021 10146 10169 10194 10526 10670 10695 10880 10973 11014 11118 11125 11140 11143 11331 11432 11795 11860 12021 12116 12128 12417 | 16 35 45 46 59 63
GDS1406 xMOTIFs
1091 2069 2902 3156 3360 4315 7264 7457 8587 8883 10085 10374 10874 | 7 8 13 19 23 28 29 43 44 57 58 71 77 85 86
GDS1406 xMOTIFs
71 874 1676 2125 2194 2745 5193 5831 6672 6788 6836 7101 7685 9302 10042 10051 10295 10501 11076 11367 12283 | 12 22 40 53 54 82
GDS1406 xMOTIFs
798 1084 1640 2414 2988 2995 3848 3928 4079 4533 5892 7043 7068 7252 7384 7624 8137 8710 9543 9553 9603 9758 9974 12072 12126 12130 | 4 10 40 48 55 68
GDS1406 xMOTIFs
54 441 645 790 1061 2632 3280 3475 4114 4215 4240 6694 7258 8222 9634 10227 10496 10612 10614 11640 11731 11861 11910 12463 | 17 18 23 27 37 84
GDS1406 xMOTIFs
761 4468 4838 8159 8175 8367 8549 9951 10006 | 3 5 9 10 19 27 35 36 47 50 56 64 67 68 70 81
GDS1406 xMOTIFs
108 3965 5571 6853 6975 7059 8728 | 4 9 15 16 17 20 30 31 50 59 61 64 68 73 74 75 81
GDS1406 xMOTIFs
1 626 7331 7970 8829 10175 10176 12015 | 7 20 23 36 38 59 60 63 64 66 78 80
GDS1406 xMOTIFs
291 417 685 875 897 2769 3410 3416 3930 5111 6684 7413 8726 9727 9805 9852 10651 11448 11873 12058 12278 | 27 39 53 70 81 83
GDS1406 xMOTIFs
508 774 3510 4301 5715 6835 9278 10640 | 18 24 25 51 52 65 66 68 80 83
GDS1406 xMOTIFs
394 1609 2815 2942 4663 7060 7514 7730 8825 9489 11144 11436 | 3 17 48 61 68 75 76
GDS1406 xMOTIFs
1255 2724 4175 7516 11460 | 15 16 19 30 31 36 38 49 51 59 60 66 74 77
GDS1406 xMOTIFs
362 4010 8613 9555 9903 11229 11404 11766 12119 | 4 7 8 12 26 27 34 61
GDS1406 xMOTIFs
4335 5392 6420 6971 7241 7341 8662 8734 8869 9240 10945 11826 12362 | 9 32 48 56 68 81
GDS1406 xMOTIFs
3816 5278 9266 11483 | 13 14 22 26 28 29 40 43 44 48 57 58 71 80 85 86
GDS1406 xMOTIFs
1156 1665 4220 6908 6969 9211 9605 10663 | 17 33 41 48 61 70 75
GDS1406 xMOTIFs
559 6820 | 1 3 4 6 8 9 11 19 20 22 23 32 35 38 40 49 50 51 59 60 61 62 63 64 65 66 69 70 73 74 77 79 80
GDS1406 xMOTIFs
359 724 1887 3200 4077 4242 7451 9272 9304 10185 10618 10702 10823 | 9 10 39 40 67 81 82
GDS1406 xMOTIFs
513 3849 7018 7052 7670 8569 12354 | 22 32 47 52 62 79 80 82 84
GDS1406 xMOTIFs
5668 6459 6872 7515 8594 12136 | 26 27 47 53 54 55 56 82
GDS1406 xMOTIFs
104 1648 7969 9729 11486 | 0 2 5 6 19 20 21 30 31 35 36 49 59 63 64 74 77
GDS1406 xMOTIFs
682 8189 9702 | 17 23 27 28 29 40 52 53 54 55 56 57 58 62 65 66 67 70 71 72 85 86
GDS1406 xMOTIFs
1162 4129 7253 9347 11410 | 3 7 8 9 10 11 12 32 33 34 37 38 39 40 41 42
