GDS181 Spectral
113 280 369 453 1208 1209 1258 1259 1445 1583 1681 2209 2841 3578 3603 4018 4289 4290 4494 4995 5765 5930 6081 6516 6544 6595 6615 6722 6723 7030 7098 7140 7354 7404 7620 8655 8894 9290 9551 10144 10164 10276 10445 10757 11120 11201 11242 11251 11408 12017 12099 12276 12332 12376 12438 | 0 1 2 3 4 5 6 7 8 9 10 11 13 14 16 17 18 19 20 21 22 23 24 26 27 29 30 31 32 33 34 35 36 37 38 39 40 41 42 43 44 45 46 47 48 49 50 51 52 53 54 55 56 57 58 59 60 61 62 64 65 66 67 68 69 70 71 72 73 74 76 77 78 79 80 81 82 83
GDS181 Spectral
6426 9053 11127 11690 | 0 1 2 3 4 5 6 7 8 9 10 11 13 14 16 17 18 19 20 21 22 23 24 26 27 29 30 31 32 33 34 35 36 37 38 39 40 41 42 43 44 45 46 47 48 49 50 51 52 53 54 55 56 57 58 59 60 61 62 64 65 66 67 68 69 70 71 72 73 74 76 77 78 79 80 81 82 83
GDS181 Spectral
1441 1446 1962 2555 2753 4256 4885 5540 6092 6629 6728 8536 8554 8601 9134 9962 10001 10332 10677 10711 11173 11331 12318 | 0 1 2 3 4 5 6 7 8 9 10 11 13 14 16 17 18 19 20 21 22 23 24 26 27 29 30 31 32 33 34 35 36 37 38 39 40 41 42 43 44 45 46 47 48 49 50 51 52 53 54 55 56 57 58 59 60 61 62 64 65 66 67 68 69 70 71 72 73 74 76 77 78 79 80 81 82 83
GDS181 Spectral
6426 9053 11127 11690 | 15 21 26 38 53
GDS181 Spectral
6426 9053 11127 11690 | 3 4 5 10 11 13 14 23 24 25 27 29 37 41 42 44 60 64 69 70 75 76 79
GDS181 Spectral
6426 9053 11127 11690 | 0 2 6 7 8 12 17 19 32 34 35 39 40 43 45 46 47 51 52 54 59 63 71 72 73 80 81 83
GDS181 Spectral
6426 9053 11127 11690 | 16 20 22 28 48 49 50 56 57 58 61 74 82
GDS181 Spectral
6426 9053 11127 11690 | 1 9 18 30 31 33 36 55 62 65 66 67 68 77 78
GDS181 Spectral
1441 1446 1962 2555 2753 4256 4885 5540 6092 6629 6728 8536 8554 8601 9134 9962 10001 10332 10677 10711 11173 11331 12318 | 3 4 5 10 11 13 14 23 24 25 27 29 37 41 42 44 60 64 69 70 75 76 79
GDS181 Spectral
1441 1446 1962 2555 2753 4256 4885 5540 6092 6629 6728 8536 8554 8601 9134 9962 10001 10332 10677 10711 11173 11331 12318 | 0 2 6 7 8 12 17 19 32 34 35 39 40 43 45 46 47 51 52 54 59 63 71 72 73 80 81 83
GDS181 Spectral
1441 1446 1962 2555 2753 4256 4885 5540 6092 6629 6728 8536 8554 8601 9134 9962 10001 10332 10677 10711 11173 11331 12318 | 16 20 22 28 48 49 50 56 57 58 61 74 82
GDS181 Spectral
1441 1446 1962 2555 2753 4256 4885 5540 6092 6629 6728 8536 8554 8601 9134 9962 10001 10332 10677 10711 11173 11331 12318 | 1 9 18 30 31 33 36 55 62 65 66 67 68 77 78
GDS181 Spectral
113 280 369 453 1208 1209 1258 1259 1445 1583 1681 2209 2841 3578 3603 4018 4289 4290 4494 4995 5765 5930 6081 6516 6544 6595 6615 6722 6723 7030 7098 7140 7354 7404 7620 8655 8894 9290 9551 10144 10164 10276 10445 10757 11120 11201 11242 11251 11408 12017 12099 12276 12332 12376 12438 | 0 2 3 6 7 8 12 13 14 15 17 19 25 27 32 34 35 40 41 42 43 44 45 46 47 48 49 50 51 54 57 59 63 69 70 71 72 73 80 81 83
GDS181 Spectral
6426 9053 11127 11690 | 1 4 5 9 11 18 23 24 28 29 30 31 33 36 52 55 60 62 64 65 66 67 68 75 76 77 78 79
GDS181 Spectral
6426 9053 11127 11690 | 0 2 3 6 7 8 12 13 14 15 17 19 25 27 32 34 35 40 41 42 43 44 45 46 47 48 49 50 51 54 57 59 63 69 70 71 72 73 80 81 83
GDS181 Spectral
6426 9053 11127 11690 | 10 16 20 21 22 37 38 39 56 58 61 74 82
GDS181 Spectral
1441 1446 1962 2555 2753 4256 4885 5540 6092 6629 6728 8536 8554 8601 9134 9962 10001 10332 10677 10711 11173 11331 12318 | 1 4 5 9 11 18 23 24 28 29 30 31 33 36 52 55 60 62 64 65 66 67 68 75 76 77 78 79
GDS181 Spectral
1441 1446 1962 2555 2753 4256 4885 5540 6092 6629 6728 8536 8554 8601 9134 9962 10001 10332 10677 10711 11173 11331 12318 | 0 2 3 6 7 8 12 13 14 15 17 19 25 27 32 34 35 40 41 42 43 44 45 46 47 48 49 50 51 54 57 59 63 69 70 71 72 73 80 81 83
GDS181 Spectral
1441 1446 1962 2555 2753 4256 4885 5540 6092 6629 6728 8536 8554 8601 9134 9962 10001 10332 10677 10711 11173 11331 12318 | 10 16 20 21 22 37 38 39 56 58 61 74 82
GDS181 Spectral
1441 1446 1962 2555 2753 4256 4885 5540 6092 6629 6728 8536 8554 8601 9134 9962 10001 10332 10677 10711 11173 11331 12318 | 3 4 5 10 11 13 14 23 24 25 27 29 37 41 42 44 60 64 69 70 75 76 79
GDS181 Spectral
1441 1446 1962 2555 2753 4256 4885 5540 6092 6629 6728 8536 8554 8601 9134 9962 10001 10332 10677 10711 11173 11331 12318 | 0 2 6 7 8 12 17 19 32 34 35 39 40 43 45 46 47 51 52 54 59 63 71 72 73 80 81 83
GDS181 Spectral
1441 1446 1962 2555 2753 4256 4885 5540 6092 6629 6728 8536 8554 8601 9134 9962 10001 10332 10677 10711 11173 11331 12318 | 16 20 22 28 48 49 50 56 57 58 61 74 82
GDS181 Spectral
1441 1446 1962 2555 2753 4256 4885 5540 6092 6629 6728 8536 8554 8601 9134 9962 10001 10332 10677 10711 11173 11331 12318 | 1 9 18 30 31 33 36 55 62 65 66 67 68 77 78
GDS181 Spectral
6426 9053 11127 11690 | 15 21 26 38 53
GDS181 Spectral
6426 9053 11127 11690 | 3 4 5 10 11 13 14 23 24 25 27 29 37 41 42 44 60 64 69 70 75 76 79
GDS181 Spectral
6426 9053 11127 11690 | 0 2 6 7 8 12 17 19 32 34 35 39 40 43 45 46 47 51 52 54 59 63 71 72 73 80 81 83
GDS181 Spectral
6426 9053 11127 11690 | 16 20 22 28 48 49 50 56 57 58 61 74 82
GDS181 Spectral
6426 9053 11127 11690 | 1 9 18 30 31 33 36 55 62 65 66 67 68 77 78
GDS181 Spectral
1441 1446 1962 2555 2753 4256 4885 5540 6092 6629 6728 8536 8554 8601 9134 9962 10001 10332 10677 10711 11173 11331 12318 | 1 4 5 9 11 18 23 24 28 29 30 31 33 36 52 55 60 62 64 65 66 67 68 75 76 77 78 79
GDS181 Spectral
1441 1446 1962 2555 2753 4256 4885 5540 6092 6629 6728 8536 8554 8601 9134 9962 10001 10332 10677 10711 11173 11331 12318 | 0 2 3 6 7 8 12 13 14 15 17 19 25 27 32 34 35 40 41 42 43 44 45 46 47 48 49 50 51 54 57 59 63 69 70 71 72 73 80 81 83
GDS181 Spectral
1441 1446 1962 2555 2753 4256 4885 5540 6092 6629 6728 8536 8554 8601 9134 9962 10001 10332 10677 10711 11173 11331 12318 | 10 16 20 21 22 37 38 39 56 58 61 74 82
GDS181 Spectral
6426 9053 11127 11690 | 1 4 5 9 11 18 23 24 28 29 30 31 33 36 52 55 60 62 64 65 66 67 68 75 76 77 78 79
GDS181 Spectral
6426 9053 11127 11690 | 0 2 3 6 7 8 12 13 14 15 17 19 25 27 32 34 35 40 41 42 43 44 45 46 47 48 49 50 51 54 57 59 63 69 70 71 72 73 80 81 83
GDS181 Spectral
6426 9053 11127 11690 | 10 16 20 21 22 37 38 39 56 58 61 74 82
GDS181 Spectral
113 280 369 453 1208 1209 1258 1259 1445 1583 1681 2209 2841 3578 3603 4018 4289 4290 4494 4995 5765 5930 6081 6516 6544 6595 6615 6722 6723 7030 7098 7140 7354 7404 7620 8655 8894 9290 9551 10144 10164 10276 10445 10757 11120 11201 11242 11251 11408 12017 12099 12276 12332 12376 12438 | 0 2 3 6 7 8 12 13 14 15 17 19 25 27 32 34 35 40 41 42 43 44 45 46 47 48 49 50 51 54 57 59 63 69 70 71 72 73 80 81 83
GDS181 Spectral
1441 1446 1962 2555 2753 4256 4885 5540 6092 6629 6728 8536 8554 8601 9134 9962 10001 10332 10677 10711 11173 11331 12318 | 1 4 5 9 11 18 23 24 28 29 30 31 33 36 52 55 60 62 64 65 66 67 68 75 76 77 78 79
GDS181 Spectral
1441 1446 1962 2555 2753 4256 4885 5540 6092 6629 6728 8536 8554 8601 9134 9962 10001 10332 10677 10711 11173 11331 12318 | 0 2 3 6 7 8 12 13 14 15 17 19 25 27 32 34 35 40 41 42 43 44 45 46 47 48 49 50 51 54 57 59 63 69 70 71 72 73 80 81 83
GDS181 Spectral
1441 1446 1962 2555 2753 4256 4885 5540 6092 6629 6728 8536 8554 8601 9134 9962 10001 10332 10677 10711 11173 11331 12318 | 10 16 20 21 22 37 38 39 56 58 61 74 82
GDS181 Spectral
6426 9053 11127 11690 | 1 4 5 9 11 18 23 24 28 29 30 31 33 36 52 55 60 62 64 65 66 67 68 75 76 77 78 79
GDS181 Spectral
6426 9053 11127 11690 | 0 2 3 6 7 8 12 13 14 15 17 19 25 27 32 34 35 40 41 42 43 44 45 46 47 48 49 50 51 54 57 59 63 69 70 71 72 73 80 81 83
GDS181 Spectral
6426 9053 11127 11690 | 10 16 20 21 22 37 38 39 56 58 61 74 82
GDS181 Spectral
369 1208 1209 1258 1445 1681 2209 2841 3578 3603 4018 4289 4290 4494 4995 5765 5930 6081 6516 6544 6595 6615 6723 7098 7140 7354 8655 8894 9290 9551 10144 10164 10276 10445 10757 11120 11201 11242 11251 11408 12099 12276 12332 12376 12438 | 1 4 5 9 11 18 23 24 28 29 30 31 33 36 52 55 60 62 64 65 66 67 68 75 76 77 78 79
GDS181 Spectral
369 1208 1209 1258 1445 1681 2209 2841 3578 3603 4018 4289 4290 4494 4995 5765 5930 6081 6516 6544 6595 6615 6723 7098 7140 7354 8655 8894 9290 9551 10144 10164 10276 10445 10757 11120 11201 11242 11251 11408 12099 12276 12332 12376 12438 | 0 2 3 6 7 8 12 13 14 15 17 19 25 27 32 34 35 40 41 42 43 44 45 46 47 48 49 50 51 54 57 59 63 69 70 71 72 73 80 81 83
GDS181 Spectral
369 1208 1209 1258 1445 1681 2209 2841 3578 3603 4018 4289 4290 4494 4995 5765 5930 6081 6516 6544 6595 6615 6723 7098 7140 7354 8655 8894 9290 9551 10144 10164 10276 10445 10757 11120 11201 11242 11251 11408 12099 12276 12332 12376 12438 | 10 16 20 21 22 37 38 39 56 58 61 74 82