GDS181 ChengandChurch
104 283 295 939 1036 1360 1541 1590 1727 1768 1933 1978 1997 2324 2345 2593 3001 3135 3537 3849 3881 3908 4711 5409 5439 5533 5744 5813 6384 7811 8457 9453 10344 10697 10872 10986 11735 11903 12220 | 0 3 7 18 23 27 29 31 32 33 35 36 39 40 41 42 43 44 45 46 54 57 66 67 68 70 72 73 77 79
GDS181 ChengandChurch
960 1073 1640 1676 1847 2305 2792 3011 3234 3439 3691 4150 5399 5401 5408 5972 6329 6768 6769 7380 7814 8200 8414 8870 9247 9840 9945 10080 10090 10464 11261 11801 12089 12367 | 0 18 19 32 33 34 36 40 41 42 43 44 46 60 66 67 68 69 70 79
GDS181 ChengandChurch
1319 1531 1589 1880 2215 2371 3225 3501 3525 3639 3962 4507 4933 4984 6244 6605 6863 8406 8860 9409 9777 10280 11476 12464 | 18 29 31 32 33 34 35 40 41 43 44 46 58 66 67 68 69 70 74 77
GDS181 ChengandChurch
818 2864 2890 2946 3048 3247 3479 4004 4655 5873 6300 6306 6337 6348 7028 7241 8937 9866 10391 10843 11215 11506 11778 12158 | 3 4 13 17 19 29 32 33 36 39 40 41 42 43 44 58 69 71
GDS181 ChengandChurch
647 1306 3506 3880 4173 4516 4841 5072 5863 6694 7474 8096 8285 8888 9609 9676 11266 11626 | 23 29 32 33 34 36 39 40 41 42 43 44 46 47 67 68 69 70 78
GDS181 ChengandChurch
40 3917 4043 4887 5527 7385 8105 8193 8884 9104 9844 9982 10885 11033 11135 11532 | 18 19 29 33 40 42 55 60 66 67 68 69 70
GDS181 ChengandChurch
64 1076 1300 1687 1877 2259 2865 4066 4269 5808 9223 10766 11174 11533 11573 11651 12172 | 0 9 11 13 18 23 40 41 42 43 45 46 55 57 68 77
GDS181 ChengandChurch
713 1370 1646 2690 3482 3675 3738 3998 4260 4919 4951 8373 9916 11448 11545 11744 | 6 7 33 36 40 41 43 44 45 66 67 68 71 73
GDS181 ChengandChurch
324 350 1361 1828 2361 3490 3667 3911 5492 5563 7806 7808 7833 8099 8899 9847 10317 10671 12090 | 0 13 18 29 33 35 40 41 42 66 67 68 77 79
GDS181 ChengandChurch
221 254 519 650 979 1293 1299 1303 1508 1573 1713 1725 1878 1950 2258 2472 2771 2885 3065 3754 4433 4707 5052 5369 5424 5456 5851 6184 6285 6430 7087 7166 7800 8494 8818 9421 9846 9850 10193 10589 10875 10896 11260 11757 12327 | 2 6 7 8 17 20 29 32 34 40 41 42 43 45 46 47 48 50 51 56 57 58 60 61 69 70 71 72 74 80 81 82 83
GDS181 ChengandChurch
39 249 1092 1331 2214 3633 4232 4938 5559 7331 7416 10666 11569 | 9 18 31 36 40 41 42 43 44 59 66 68
GDS181 ChengandChurch
1290 1313 1690 1712 1868 1884 1892 1926 1953 3046 3351 3550 3601 4198 4373 4428 4783 5322 5601 6642 7578 7633 8088 8150 9217 9257 9417 9856 10267 10305 11527 11751 | 0 2 29 34 36 40 41 42 43 44 45 46 47 57 68 69 70 77
GDS181 ChengandChurch
3154 4103 4529 4539 4557 4956 5226 5479 5824 9343 10892 11538 | 0 3 13 23 29 40 44 45 68 70 83
GDS181 ChengandChurch
679 1155 1301 1308 1325 1417 1539 1586 1636 1686 1874 2112 2277 2456 2644 2729 2853 2984 2985 3526 3717 4209 4496 4857 5029 5432 5535 5583 5586 5660 6383 8153 8244 8865 9450 9576 9765 9960 10043 10211 10513 10534 11119 11298 11814 12147 | 0 6 18 29 32 33 36 40 41 42 43 45 46 47 55 62 68 70 77
GDS181 ChengandChurch
342 749 752 767 784 1378 1421 1436 1510 1553 1723 1964 2444 2862 2892 3396 3442 3529 3894 4047 4388 4912 4928 4987 4996 5053 5474 5505 5896 6196 6376 6380 6388 6654 7116 7173 7511 7747 8123 8124 8702 8810 8825 9456 9910 10011 10723 10823 11292 11522 11550 11666 12329 | 2 6 8 18 29 32 33 34 36 40 41 42 43 44 45 46 47 57 69 70 77
GDS181 ChengandChurch
184 365 2005 3686 4054 5547 7579 8507 9610 10690 10956 11661 | 18 23 30 33 36 41 43 44 66 67 68 69 70 78
GDS181 ChengandChurch
1327 2188 2265 2375 3326 3441 4562 5155 5837 8875 9204 9893 | 0 13 33 42 56 58 67 68 69 74 80
GDS181 ChengandChurch
543 740 1014 1295 1311 1352 1500 1577 1615 1939 1976 2237 2249 2664 2891 2902 3063 3294 3411 3424 3500 3527 3557 3625 3867 3876 3971 4217 4549 4561 4968 5410 5485 5494 5516 5821 6013 6209 6700 6749 7038 7587 7969 8444 8464 8542 8651 8732 9240 9271 9374 9454 9839 11699 11790 12306 12467 | 0 6 8 29 33 36 40 41 42 43 45 46 47 55 64 68 69 70 76 77
GDS181 ChengandChurch
1127 1371 3456 3669 4075 5594 7027 10174 10472 10954 10985 11521 11640 11748 11969 | 0 19 29 33 36 42 43 47 69 70 78
GDS181 ChengandChurch
141 1479 1521 1708 2104 2824 2878 2958 3946 4083 4194 4432 4571 4882 5075 5343 5353 6014 6181 6296 6369 7775 8510 8687 9293 9373 9800 10250 10642 10722 11769 12032 12371 12453 | 0 2 3 6 7 8 17 19 29 32 34 41 42 43 46 47 48 49 50 51 60 80 83
GDS181 ChengandChurch
142 643 3015 3127 3463 4183 4978 5048 6293 8905 10492 11931 | 2 3 19 23 42 43 66 67 74 79
GDS181 ChengandChurch
906 1717 2949 3428 3804 7157 7902 8892 9832 9964 10205 | 0 29 34 36 39 40 46 50 68 69 70
GDS181 ChengandChurch
588 873 930 1056 1284 1387 1415 1449 1512 1643 1665 1726 1730 1949 2372 2551 2881 2901 2996 3005 3158 3206 3505 3912 3985 4060 4070 4118 4366 4519 4567 4875 5005 5101 5336 5416 5441 5459 5526 5704 6108 6326 6391 6692 6745 6860 7059 7432 7831 8516 9106 9447 10140 10208 10343 11112 11885 12046 | 0 8 29 32 33 34 36 40 41 42 43 45 46 47 68 69 70 77
GDS181 ChengandChurch
846 1866 1875 3027 3927 4082 4535 5558 5889 6232 6247 6309 8450 10706 10950 | 0 3 29 33 41 43 45 46 47 67 68
GDS181 ChengandChurch
1183 2404 2719 2739 3799 5180 7565 7741 11464 11563 12295 | 13 19 23 29 32 33 35 36 40 41 45 66 67
GDS181 ChengandChurch
74 301 454 564 947 1286 1304 1354 1433 1481 1696 1738 1887 3038 3235 3576 3605 4335 4859 5028 6374 7039 7352 7725 7793 9153 9161 9784 9902 10948 11148 11588 12209 12416 | 2 6 8 11 17 20 27 31 32 33 34 40 41 42 43 45 46 47 48 49 50 52 54 56 57 61 66 67 69 70 73 78
GDS181 ChengandChurch
1940 2971 4584 7300 7596 8025 9416 9633 9915 9984 | 33 35 36 42 43 44 62 66 67 78
GDS181 ChengandChurch
1247 1410 1610 1714 2343 2683 2884 3596 3604 4007 5355 5838 5967 6289 7064 8100 8182 10219 | 32 33 34 40 41 42 43 44 69 70
GDS181 ChengandChurch
1084 1282 1938 5013 5376 6334 7500 9661 12136 | 6 13 18 40 43 44 46 55 57 62 78
GDS181 ChengandChurch
3137 4696 5331 5804 6037 8261 10770 11235 11655 | 19 23 29 36 39 42 56 66 67 68
GDS181 ChengandChurch
445 465 664 923 1416 1635 1737 1974 2417 2436 2850 2925 2944 3260 3540 4081 4889 5136 5607 6210 7076 7783 8829 10031 10775 11732 11761 12236 | 0 33 36 40 41 42 43 46 47 55 68 69 70 77
GDS181 ChengandChurch
561 655 1031 1616 1662 1895 2684 3437 3483 3616 3914 4393 4541 4873 4888 5320 5475 5528 6315 6322 7003 7616 7654 8210 8848 9174 9262 10353 11958 12233 | 0 2 29 32 33 34 36 41 42 43 44 45 47 51 64 68 77
GDS181 ChengandChurch
1502 2970 3147 3745 4319 6717 9420 10905 11471 11645 | 23 29 33 40 44 45 46 58 66 68 69
GDS181 ChengandChurch
668 922 1501 1699 1833 2030 2223 2311 3334 4370 5364 5551 7012 7339 10574 10913 | 0 18 29 33 34 36 40 42 44 46 54 68 77
GDS181 ChengandChurch
85 146 174 251 373 411 665 828 1143 1418 1422 1503 1565 1572 1593 1970 2266 2347 2369 2900 3003 3429 3581 3893 3898 3902 3921 3959 3976 4429 4576 4892 4979 5000 5361 5853 6036 6314 6785 6825 8037 8154 8199 8490 8552 9422 9439 9674 9870 9939 10713 10930 10983 11262 11760 | 0 29 32 33 34 36 40 41 42 43 45 46 47 68 69 70 77
GDS181 ChengandChurch
1083 2689 2742 3549 5524 7429 8259 8451 10814 11195 12307 | 0 19 39 41 42 43 47 58 69 70 73
GDS181 ChengandChurch
1543 2042 3188 3992 4010 4905 4947 4990 5892 7011 7522 8313 10583 11642 | 18 29 32 40 42 44 46 47 68 70
GDS181 ChengandChurch
96 1379 1973 2322 4001 4921 6281 9060 10435 10485 11030 11460 | 40 41 42 43 45 58 68 70 74 77
GDS181 ChengandChurch
32 285 3924 4100 7004 7207 9152 9516 12451 | 32 33 43 57 62 68 69 70 77 79
GDS181 ChengandChurch
1333 1383 1430 1432 1495 1719 1728 2406 2450 2856 2983 3045 3427 3752 3932 3934 3958 4053 5162 5811 7211 7433 10131 10281 11455 12014 12203 12465 | 6 7 8 17 19 24 29 32 34 41 42 43 45 46 47 48 57 69 70 72 74 80 83
GDS181 ChengandChurch
1342 1975 4941 6237 8221 8528 10884 11719 11802 | 9 18 19 30 33 34 40 41 45
GDS181 ChengandChurch
264 2880 2999 3142 4390 5338 6843 8091 8511 9191 9406 10265 10979 11355 | 0 9 18 19 29 33 39 40 41 44
GDS181 ChengandChurch
83 950 4884 4930 4948 6664 7065 12282 | 9 10 19 23 33 34 39 45 68
GDS181 ChengandChurch
47 107 200 211 266 450 578 810 1369 1419 1456 1722 2314 2926 2992 3051 3329 3419 3543 3644 3892 3988 4976 5367 5370 5422 6363 7227 8698 10243 11180 11319 11922 12095 | 0 8 29 33 34 36 40 41 42 43 45 46 47 48 50 69 70
GDS181 ChengandChurch
1716 3007 3123 4498 4504 5473 9511 9970 10252 11839 12256 12452 | 3 33 40 41 42 43 44 45 57 69 70
GDS181 ChengandChurch
773 1567 3714 4402 9168 9912 10539 11641 11873 | 9 17 33 36 41 43 47 56 60 69
GDS181 ChengandChurch
819 958 1709 2876 2962 3002 4411 4480 5001 5554 5839 6275 6449 6699 6895 7091 7265 8515 9199 10176 10300 10301 10933 10962 11032 11805 | 18 29 32 33 34 36 40 41 43 44 45 46 47 57 64 70 76
GDS181 ChengandChurch
1743 2403 4547 4760 5519 5802 5840 9324 10946 11589 | 13 36 41 43 60 67 68 79
GDS181 ChengandChurch
614 3102 3534 4268 4443 4556 4656 5174 7910 10553 11346 11421 | 3 32 33 34 40 41 42 45 46 47 68 77
GDS181 ChengandChurch
29 172 1232 1322 1326 1511 1585 1721 2282 2947 3565 4071 4095 4906 4966 5406 6274 6346 7291 7586 9440 | 2 32 33 42 45 46 47 57 64 68 70 77
GDS181 ChengandChurch
436 1356 2979 5018 5238 6219 8871 8889 9594 10221 | 3 13 23 32 33 34 36 39 69 83
GDS181 ChengandChurch
82 190 212 235 538 575 1404 1653 2235 2557 3055 3460 3477 3515 4050 4470 5193 5625 5675 5722 8831 9956 10207 11449 11926 | 5 9 18 29 32 33 36 40 41 42 43 44 45 46 47 69 70
GDS181 ChengandChurch
657 856 1591 2254 2678 3621 5818 6780 8320 9186 9243 9452 9969 | 0 6 7 29 40 41 45 46 68 69 70 77
GDS181 ChengandChurch
576 967 1513 2416 5991 6666 6914 7147 7757 7940 8341 12231 | 3 19 29 33 39 40 42 43 69 70
GDS181 ChengandChurch
1451 2268 2427 2798 4058 4585 4922 4937 5340 5344 5426 5478 5484 5532 7273 8248 9179 9446 11986 12408 | 29 33 36 40 41 42 43 46 55 69 70 76
GDS181 ChengandChurch
56 1335 2145 2489 2560 2960 5202 7055 9899 9981 | 19 29 34 40 42 43 47 56 69
GDS181 ChengandChurch
25 305 318 323 1171 1275 1623 1873 2146 2379 2972 3208 3379 3687 3811 4854 4974 6242 6270 8402 9151 10643 12319 | 6 7 19 20 22 32 34 40 41 42 43 46 47 48 49 51 56 57 61 72 73 74 82 83
GDS181 ChengandChurch
1067 1099 2376 5379 5841 6381 11055 | 10 16 18 42 43 57 69 70
GDS181 ChengandChurch
1012 2649 3134 5642 7745 9146 9154 9261 10908 | 1 3 23 34 36 42 48 68 70
GDS181 ChengandChurch
368 464 1302 1896 2252 2561 2904 3120 3891 3929 4073 4098 5009 7836 8089 9853 10847 11325 11473 | 0 7 29 33 36 41 42 45 68 70 77
GDS181 ChengandChurch
1527 3634 4419 4855 6259 8514 9251 9263 10023 10302 10541 10623 10834 | 17 34 36 41 43 45 46 47 69
GDS181 ChengandChurch
11 108 428 562 1121 1266 1307 1463 2374 2906 3341 3750 4013 4608 5337 5448 5455 5488 5825 9144 9150 9318 9833 9891 10593 11042 | 2 7 11 14 17 20 24 30 31 32 33 34 36 40 43 45 46 47 49 52 56 57 58 60 61 64 69 70 72 73 74 75 77 78 79 81 83
GDS181 ChengandChurch
763 2820 2839 3509 3536 5045 6631 7573 8527 8632 | 3 9 17 18 19 35 39 42 43
GDS181 ChengandChurch
1278 1363 2190 3386 4008 4079 4304 4985 5387 6385 9865 | 3 33 39 65 66 68 69 70
GDS181 ChengandChurch
284 306 1045 1411 1980 2956 3906 3986 5039 5462 6366 6672 6673 8488 8824 9424 | 0 29 32 33 34 36 43 45 46 47 48 49 50 69 70
GDS181 ChengandChurch
1602 4935 4970 5002 5050 5186 5445 5468 6766 10535 11631 12207 | 29 40 43 44 49 57 68 69 70 77
GDS181 ChengandChurch
421 497 1013 1058 1358 1372 1576 1606 1621 1872 2093 2332 2400 3028 3036 3159 3887 4049 4378 4510 5133 5407 6352 6548 7034 7428 8108 8447 8733 8840 8855 8877 9249 9495 9510 10214 10509 11845 12384 | 0 29 32 33 34 36 40 41 42 43 44 45 46 47 68 69 70
GDS181 ChengandChurch
24 1390 2044 2255 2338 2716 2817 3488 4843 10103 11406 11414 | 29 32 33 34 36 67 68 69 70
GDS181 ChengandChurch
44 118 1294 4153 4559 4575 5329 9393 10247 11278 12377 | 2 32 33 36 45 47 48 49 50 51 68
GDS181 ChengandChurch
741 778 2710 3496 6266 6344 7594 8466 8493 9272 9423 10438 | 13 17 19 29 40 41 42 69 70
GDS181 ChengandChurch
367 1442 1825 2717 3115 3133 4037 6050 6331 8107 8243 9400 9515 11862 12167 | 8 18 36 41 45 46 47 62 70
GDS181 ChengandChurch
319 1345 2225 4900 5560 5805 7068 9437 | 7 9 18 40 45 47 51 68
GDS181 ChengandChurch
223 232 244 299 320 440 945 1568 1600 1929 2380 2871 3013 3352 3454 3553 3969 4000 4046 4398 4992 6298 6390 6466 8288 9928 10669 11167 11359 11389 | 2 8 17 19 20 24 29 32 34 41 42 43 45 46 47 48 49 50 51 57 61 72 80 82 83
GDS181 ChengandChurch
1119 2974 4609 6182 6295 6667 10588 10952 11454 | 33 36 40 41 42 43 44 66 67 69 70 76
GDS181 ChengandChurch
1425 1920 2124 2397 2939 3014 4689 4896 6378 7040 10528 12287 | 18 29 40 42 49 68 69 70
GDS181 ChengandChurch
102 1526 1941 3694 4381 4856 7499 10374 10893 10915 | 18 19 32 33 36 40 42 43 68
GDS181 ChengandChurch
1691 1838 2118 2213 2401 3259 3313 5377 6371 9504 | 8 9 10 19 29 62 66 67
GDS181 ChengandChurch
1348 2204 2680 4028 4401 6432 8142 8334 9873 11310 12223 12414 | 8 9 18 36 45 48 69 70
GDS181 ChengandChurch
824 1026 1148 1181 1427 1580 2418 3008 3647 4212 4499 4526 5489 6238 6671 6704 7023 7993 9162 9727 9861 9913 10498 10545 10596 10699 10881 11097 11418 12005 | 2 8 32 33 34 36 40 41 42 43 44 45 46 47 68 69 70
GDS181 ChengandChurch
1096 1695 3640 4394 4874 5397 6224 6832 9245 9429 9744 12149 | 34 36 42 45 46 64 70 76
GDS181 ChengandChurch
18 998 6798 6869 9549 10759 11164 11987 | 0 2 18 34 40 43 44 45 47
GDS181 ChengandChurch
671 1519 2911 4977 5294 5507 5510 6663 7392 9998 | 0 9 18 33 36 42 68 69 70 77
GDS181 ChengandChurch
1579 1741 2978 3561 4072 4085 4448 5341 5515 6614 6853 7107 7828 9809 9845 10013 10246 11544 12201 | 8 19 29 33 34 36 40 41 42 43 46 69 70 76
GDS181 ChengandChurch
338 2362 2903 3920 3978 5514 5571 11662 11759 | 13 32 33 40 41 42 43 69 70
GDS181 ChengandChurch
1412 3378 7305 8487 9896 10442 | 18 40 42 45 46 47 50 69 70
GDS181 ChengandChurch
1365 1368 1720 2290 2435 3089 3542 4080 4376 4625 4751 5067 5464 5481 5498 6201 6358 6427 7122 8550 9062 10685 11193 11976 12169 12379 | 2 8 11 24 29 32 33 34 40 41 42 45 46 47 51 52 69
GDS181 ChengandChurch
2009 2430 2597 2660 2828 3416 7470 10229 11531 | 7 8 9 19 23 34 42 47 66
GDS181 ChengandChurch
2625 7870 9159 9934 10864 11634 12045 | 19 29 39 60 68 69 70
GDS181 ChengandChurch
3270 3370 5021 5641 7841 8635 9561 9838 10186 11443 12130 | 33 42 45 46 47 48 49 50 51
GDS181 ChengandChurch
929 2348 3484 5939 7498 9473 10561 | 29 35 41 42 44 70 71 72
GDS181 ChengandChurch
965 3009 4513 5822 8302 9275 11803 | 13 19 30 32 33 46 60 69 70
GDS181 ChengandChurch
1732 3595 5068 5897 7548 9163 10352 11329 12001 12418 | 18 42 43 55 68 70 77
GDS181 ChengandChurch
748 916 3433 5503 6513 9805 10777 11656 12113 | 6 33 47 68 77 78
GDS181 ChengandChurch
610 651 1971 2407 2587 3478 3503 3512 4056 4090 4417 4572 5487 5556 5588 5920 6133 7017 7174 7189 9557 10516 10857 11253 12026 | 0 29 32 33 34 40 41 42 43 46 47 68 69 70 77
GDS181 ChengandChurch
652 1840 2295 3098 4116 5829 6276 7364 8125 8343 9482 9534 12214 | 19 48 49 50 51 69 70
GDS181 ChengandChurch
227 443 666 1785 3066 3209 3910 3919 4204 4281 4307 4994 6192 7212 7768 7963 8086 8190 8885 9215 9859 10544 11479 11871 | 0 7 8 17 24 32 33 34 36 41 43 45 46 47 60 68 70 78
GDS181 ChengandChurch
1351 1396 1897 3049 3806 3936 5631 6850 10275 11524 | 9 18 32 33 36 45 54 69 70
GDS181 ChengandChurch
1022 1605 2006 2532 4363 9921 10995 | 3 9 18 34 40 41 42 47 62 76 77
GDS181 ChengandChurch
587 1752 2536 3030 3967 5088 5570 6172 6341 6947 7205 7729 7885 8867 9552 10127 12343 | 8 18 36 41 42 43 45 47 55 69 70
GDS181 ChengandChurch
1219 4964 7479 9164 9941 10997 11081 12454 | 3 19 33 41 43 54 69