GDS181 QUBIC
244 299 320 562 662 947 1171 1275 1385 1452 1495 1653 1887 2523 2557 2856 2981 3427 3447 3499 3958 3969 4335 4564 4959 5225 5337 5464 5842 6014 6181 7511 8687 8743 9144 9262 9806 9928 10519 10823 11373 12044 12047 12203 | 16 21 38 66 67
GDS181 QUBIC
1307 1391 1429 1463 1617 1979 3568 3649 4398 4502 4594 4608 5037 5488 5851 9155 9233 10132 10512 10523 | 21 30 31 38 56 58 61 65 66 67
GDS181 QUBIC
221 1121 1333 1508 1530 1606 1728 1873 2250 2836 2945 2978 3017 3079 3235 4053 4056 4859 5028 5390 5528 5625 6196 7478 8853 9150 9590 9861 11455 11976 | 15 16 21 22 38 53
GDS181 QUBIC
119 923 945 1317 1568 1863 1930 2425 2459 2775 2874 2888 2913 3410 3530 3668 3916 3932 3934 4046 4048 4145 4371 4434 4486 4536 5006 5073 5298 5455 5475 5520 5608 5810 5836 6032 6243 6303 6355 7020 7062 7353 8172 8563 8913 9435 9483 9800 9833 10131 10493 10495 10968 11289 11323 11525 11849 12115 12219 | 65 66 67
GDS181 QUBIC
74 232 318 454 564 1354 1433 1623 1708 3049 4345 4625 4987 6298 6369 7841 9153 9456 9786 10723 10948 11148 11260 11588 12209 12416 | 15 16 21 22 38 53
GDS181 QUBIC
104 1838 1992 2096 3135 3501 3639 3691 4269 4507 5829 7411 7474 8099 8114 8888 9165 9453 9959 9982 10140 10541 10615 11573 11621 11651 11903 | 10 12 16 21 53
GDS181 QUBIC
283 1084 1136 1575 1753 1897 2009 2516 2532 2625 3134 3435 3439 3596 3725 3784 4760 5011 5157 5180 5434 5598 5624 6663 6850 6978 7300 7331 7808 7947 8182 8221 8446 8826 8828 8884 9111 9742 10770 10807 11559 11735 11744 11745 | 12 16 53
GDS181 QUBIC
163 223 2261 2934 3013 3544 4013 4047 4433 4525 4969 5343 6242 6370 6390 7782 10273 11167 | 4 21 31 38 65 66 67
GDS181 QUBIC
218 383 414 621 720 1424 1660 2318 2918 3047 4027 4488 12118 | 21 30 38 56 58 61 62 67
GDS181 QUBIC
635 1306 2729 4617 4855 4917 5186 5336 5571 5660 5818 6050 6314 7055 7273 8285 9247 9438 9913 10884 11119 11174 11296 11423 11688 12231 | 15 16 53
GDS181 QUBIC
608 693 1207 1248 1426 1890 2455 2565 2672 3068 3082 4931 4999 5349 5695 5757 7711 9035 9629 9689 10171 11318 | 20 21 22
GDS181 QUBIC
1556 2379 2471 3045 4153 4499 6322 7347 8508 8552 9859 10316 11769 | 4 58 65 66 67
GDS181 QUBIC
1925 3449 4868 5845 6853 8526 9848 11513 | 4 13 16 21 23 35 38 53
GDS181 QUBIC
920 1414 1710 2589 3345 3643 6368 6915 9487 11535 12221 | 61 65 66 67
GDS181 QUBIC
2805 5112 8041 10036 12080 12273 | 22 38 53 57
GDS181 QUBIC
726 4264 7197 8605 9024 9131 | 38 61 72
GDS181 QUBIC
3277 8005 12126 12127 | 21 30 31 65