GDS1027 Plaid
113 114 2657 2702 2790 2803 7655 7888 8199 12001 12277 15533 15873 15903 15904 | 15 16 17 26 27 40 41 48 49 52 53 58 59 73 76 77 86 87 88 89 106 107 136 137 144 145 147
GDS1027 Plaid
113 114 116 121 131 145 154 158 173 178 182 188 193 265 364 759 1354 2657 2702 2790 2803 2822 3507 3528 3845 3849 3855 3856 3866 3868 3875 3892 3905 3962 4119 4659 7655 7656 7767 7888 8199 10972 12001 12008 12078 12277 12414 12421 15199 15283 15292 15459 15473 15533 15537 15583 15873 15903 15904 | 0 1 4 5 6 7 8 9 12 18 24 25 31 35 36 37 43 44 50 51 55 63 66 67 74 75 80 81 96 102 103 104 105 108 109 110 111 117 123 128 129 132 133 134 135 139
GDS1027 Plaid
108 110 121 131 154 158 173 178 182 188 193 209 265 759 2822 3414 3845 3849 3852 3855 3856 3864 3866 3892 3905 3962 4309 7767 10637 10972 12414 12421 15283 15550 15583 15615 | 11 16 17 26 41 48 49 53 68 71 73 78 79 85 106 107 136 137 140 141 144 145 147
GDS1027 Plaid
143 3528 4119 12078 | 10 11 17 41 48 49 84 85 120 121 136 137
GDS1027 Plaid
101 127 145 227 233 364 2445 2823 3679 3848 3867 3868 3875 3925 4052 4248 12228 12490 15199 15459 15472 15525 15534 15548 15569 15871 15901 15902 15914 15916 | 48 49 89
GDS1027 Plaid
108 166 171 209 3861 3864 3925 5615 10637 10986 12490 12599 15487 15550 | 0 1 4 5 6 7 8 9 12 13 18 19 32 33 36 37 38 39 46 55 60 61 62 63 64 66 67 80 81 93 96 97 105 108 133 139