GDS1027 BiMax
36 468 484 578 594 653 1121 1129 1227 1280 1356 1362 1386 1395 1396 1432 1472 1492 1496 1508 1532 1537 1550 1574 1635 1647 1694 1698 1700 1777 1795 1813 1817 1826 1839 1849 1871 1875 1879 1900 1926 1957 1975 1991 2000 2020 2044 2049 2066 2105 2119 2188 2195 2196 2198 2201 2237 2251 2268 2284 2327 2370 2432 2477 2629 2669 2671 2679 2683 2684 2715 2814 2836 2954 3040 3049 3052 3077 3090 3150 3171 3210 3262 3276 3294 3318 3340 3420 3541 3576 3603 3607 3614 3619 3651 3656 3721 3734 3787 3811 4120 5054 5059 5061 5525 6056 6226 6367 6495 6780 6873 7105 7299 7685 7688 7728 7748 7802 7819 7883 8138 8244 8521 8557 8621 8685 9002 9080 9277 9310 9415 10050 10207 10251 10475 10553 10587 10669 10729 10748 10762 11007 11014 11018 11072 11172 11188 11197 11235 11476 11492 11506 11510 11529 11533 11538 11554 11558 11576 11602 11620 11631 11679 11748 11759 11769 11773 11781 11811 11827 11834 11855 11873 11894 11903 11904 11955 12000 12070 12207 12314 12324 12369 12560 13223 13508 14044 14167 14270 14275 15005 15016 15035 15036 15270 15280 15522 15523 15850 | 5 19 46 47 61 66
GDS1027 BiMax
36 458 468 518 578 594 1129 1227 1280 1356 1386 1395 1396 1432 1472 1492 1496 1508 1532 1537 1550 1574 1597 1635 1647 1694 1698 1700 1729 1767 1777 1813 1839 1870 1871 1873 1875 1879 1900 1926 1975 1991 2000 2020 2044 2049 2191 2195 2196 2198 2201 2237 2251 2268 2284 2306 2327 2370 2432 2460 2477 2629 2669 2679 2683 2684 2715 2814 2836 3040 3049 3052 3077 3090 3210 3262 3276 3294 3318 3328 3340 3420 3541 3576 3594 3603 3607 3614 3619 3651 3656 3721 3787 3811 3881 4235 5054 5525 5606 6001 6056 6367 6495 6873 7105 7299 7685 7688 7819 7883 7919 8095 8138 8210 8244 8521 8557 8621 8685 9002 9277 9415 10207 10251 10475 10587 10701 10729 10748 10756 10762 10959 11007 11014 11018 11167 11172 11188 11197 11301 11476 11492 11506 11510 11529 11533 11538 11550 11558 11576 11598 11602 11613 11620 11623 11631 11679 11759 11769 11773 11781 11808 11811 11834 11855 11873 11894 11903 11904 11955 12000 12207 12222 12271 12279 12314 12324 12348 12369 13223 13482 13508 14044 14167 14270 14275 14921 15005 15016 15035 15036 15270 15312 15522 15523 15850 | 19 36 46 47 61 66
GDS1027 BiMax
36 468 578 594 1129 1227 1280 1356 1386 1395 1396 1432 1472 1492 1496 1508 1532 1537 1550 1574 1635 1647 1694 1698 1700 1777 1813 1839 1871 1875 1879 1900 1926 1975 1991 2000 2020 2044 2049 2195 2196 2198 2201 2237 2251 2268 2284 2327 2370 2432 2477 2629 2669 2679 2683 2684 2715 2814 2836 3040 3049 3052 3077 3090 3210 3262 3276 3294 3318 3340 3420 3541 3576 3603 3607 3614 3619 3651 3656 3721 3787 3811 5054 5525 6056 6367 6495 6873 7105 7299 7685 7688 7819 7883 8138 8244 8521 8557 8621 8685 9002 9277 9415 10207 10251 10475 10587 10729 10748 10762 11007 11014 11018 11172 11188 11197 11476 11492 11506 11510 11529 11533 11538 11558 11576 11602 11620 11631 11679 11759 11769 11773 11781 11811 11834 11855 11873 11894 11903 11904 11955 12000 12207 12314 12324 12369 13223 13508 14044 14167 14270 14275 15005 15016 15035 15036 15270 15522 15523 15850 | 5 19 36 46 47 61 66
GDS1027 BiMax
36 468 578 594 1061 1129 1223 1227 1280 1356 1386 1395 1396 1432 1472 1492 1496 1508 1532 1537 1550 1574 1635 1647 1694 1698 1700 1705 1777 1813 1839 1871 1875 1879 1900 1926 1975 1991 2000 2020 2044 2049 2142 2195 2196 2198 2201 2237 2251 2268 2284 2327 2370 2432 2477 2629 2669 2679 2683 2684 2715 2814 2836 2873 3040 3049 3052 3077 3090 3166 3210 3262 3276 3294 3318 3340 3420 3541 3576 3603 3607 3614 3619 3651 3656 3721 3787 3811 4660 4865 5054 5525 6056 6367 6495 6873 7105 7299 7685 7688 7815 7819 7883 7992 8138 8244 8521 8557 8621 8685 9002 9277 9415 9797 10207 10251 10475 10587 10623 10729 10748 10762 10785 11007 11014 11018 11095 11172 11188 11197 11476 11492 11506 11510 11523 11529 11533 11538 11558 11576 11602 11620 11631 11679 11759 11769 11773 11781 11811 11834 11855 11873 11894 11903 11904 11955 12000 12207 12314 12324 12369 13223 13508 14044 14079 14159 14167 14270 14275 14670 15005 15008 15016 15035 15036 15270 15522 15523 15850 | 5 19 36 47 61 66
GDS1027 BiMax
36 468 578 653 1121 1280 1362 1386 1395 1396 1472 1492 1532 1537 1635 1694 1700 1777 1795 1817 1826 1839 1849 1871 1875 1879 1900 1957 1975 2000 2020 2044 2049 2119 2195 2196 2198 2201 2251 2284 2327 2477 2629 2679 2683 2684 2715 2814 2836 2954 3040 3049 3052 3077 3090 3150 3171 3210 3276 3294 3318 3340 3541 3576 3603 3607 3614 3619 3651 3656 3721 3811 4120 5059 5061 5525 6056 6226 6367 6495 6873 7299 7685 7688 7728 7802 7819 7883 8138 8244 8521 8621 8685 9002 9080 9277 9415 10207 10251 10475 10553 10587 10669 10748 10762 11007 11014 11018 11072 11197 11235 11476 11492 11506 11510 11529 11538 11554 11576 11602 11620 11631 11679 11748 11759 11769 11781 11811 11827 11834 11855 11873 11894 11903 11904 11955 12070 12207 12314 12324 12369 12560 13223 13508 14167 14275 15005 15016 15035 15270 15522 15523 15850 | 5 19 46 47 59 61 66
GDS1027 BiMax
36 468 578 653 820 1121 1280 1362 1386 1395 1396 1472 1492 1532 1537 1635 1694 1700 1726 1777 1795 1796 1817 1826 1839 1849 1867 1871 1875 1879 1900 1957 1975 2000 2020 2044 2049 2056 2119 2145 2195 2196 2198 2201 2251 2284 2327 2416 2477 2629 2679 2683 2684 2715 2814 2836 2954 3040 3049 3052 3077 3090 3092 3150 3171 3210 3276 3294 3318 3340 3541 3576 3603 3607 3614 3619 3651 3656 3721 3811 4120 5059 5061 5525 5648 6056 6226 6367 6495 6873 7299 7685 7688 7728 7802 7819 7883 8138 8244 8521 8621 8635 8685 9002 9080 9277 9315 9415 9539 10207 10251 10475 10553 10587 10669 10748 10762 11007 11014 11018 11072 11197 11235 11250 11476 11492 11506 11510 11529 11538 11554 11576 11602 11620 11631 11679 11748 11759 11769 11781 11811 11827 11834 11855 11873 11894 11903 11904 11955 11962 12070 12145 12189 12207 12314 12324 12369 12560 12880 13223 13508 14092 14167 14275 14977 15005 15016 15035 15082 15251 15270 15522 15523 15850 15922 | 5 19 46 47 59 61
GDS1027 BiMax
36 468 578 1280 1386 1395 1396 1472 1492 1532 1537 1635 1694 1700 1777 1839 1871 1875 1879 1900 1975 2000 2020 2044 2049 2195 2196 2198 2201 2251 2284 2327 2477 2629 2679 2683 2684 2715 2814 2836 3040 3049 3052 3077 3090 3210 3276 3294 3318 3340 3541 3576 3603 3607 3614 3619 3651 3656 3721 3811 5525 6056 6367 6495 6873 7299 7685 7688 7819 7883 8138 8244 8521 8621 8685 9002 9277 9415 10207 10251 10475 10587 10748 10762 11007 11014 11018 11197 11476 11492 11506 11510 11529 11538 11576 11602 11620 11631 11679 11759 11769 11781 11811 11834 11855 11873 11894 11903 11904 11955 12207 12314 12324 12369 13223 13508 14167 14275 15005 15016 15035 15270 15522 15523 15850 | 5 19 36 46 47 59 61 66
GDS1027 BiMax
36 458 468 578 692 820 1280 1386 1395 1396 1472 1492 1532 1537 1635 1694 1700 1777 1839 1867 1870 1871 1873 1875 1879 1900 1975 2000 2020 2044 2049 2056 2145 2195 2196 2198 2201 2251 2284 2327 2416 2477 2629 2679 2683 2684 2715 2814 2836 3040 3049 3052 3077 3090 3092 3210 3276 3294 3318 3328 3340 3541 3576 3594 3603 3607 3614 3619 3651 3656 3721 3811 4235 4332 5525 5606 5648 6056 6367 6495 6873 7299 7685 7688 7819 7883 7919 8138 8210 8244 8521 8621 8635 8685 9002 9277 9415 10207 10251 10475 10587 10748 10762 11007 11014 11018 11197 11250 11301 11476 11492 11506 11510 11529 11538 11576 11602 11620 11631 11679 11749 11759 11769 11781 11811 11834 11855 11873 11894 11903 11904 11955 12145 12207 12314 12324 12348 12369 13223 13508 14092 14167 14275 14977 15005 15016 15035 15270 15312 15522 15523 15850 15922 | 19 36 46 47 59 61
GDS1027 BiMax
36 439 458 468 578 770 1091 1191 1280 1386 1395 1396 1472 1491 1492 1532 1537 1635 1694 1700 1725 1768 1777 1839 1870 1871 1873 1875 1879 1900 1975 2000 2020 2044 2049 2195 2196 2198 2201 2251 2284 2327 2477 2629 2679 2683 2684 2715 2814 2836 3040 3049 3052 3077 3090 3178 3210 3276 3294 3318 3328 3340 3541 3576 3594 3603 3607 3614 3619 3651 3656 3721 3811 4235 5525 5606 5628 6056 6367 6495 6873 7299 7685 7688 7819 7883 7919 8138 8210 8244 8521 8621 8685 9002 9277 9415 10207 10251 10475 10587 10748 10762 11007 11014 11018 11197 11301 11447 11476 11492 11506 11510 11524 11529 11538 11576 11602 11620 11631 11679 11759 11769 11781 11811 11834 11855 11873 11894 11903 11904 11955 12154 12207 12314 12324 12348 12369 12398 13223 13508 14167 14275 15005 15016 15035 15270 15312 15522 15523 15850 | 19 36 46 59 61 66
GDS1027 BiMax
36 458 468 578 664 941 1192 1280 1386 1395 1396 1472 1492 1532 1537 1635 1694 1700 1777 1839 1870 1871 1873 1875 1879 1900 1975 2000 2020 2044 2049 2195 2196 2198 2201 2251 2284 2327 2477 2629 2679 2683 2684 2715 2814 2836 3040 3049 3052 3077 3090 3151 3210 3276 3294 3318 3328 3340 3541 3576 3594 3603 3607 3614 3619 3651 3656 3687 3721 3811 4235 5398 5525 5606 6056 6367 6416 6495 6873 7299 7685 7688 7819 7883 7886 7919 8138 8210 8244 8451 8521 8621 8685 9002 9277 9415 10207 10251 10475 10587 10712 10748 10762 11007 11014 11018 11197 11301 11476 11492 11506 11510 11529 11538 11576 11602 11620 11631 11679 11759 11769 11781 11811 11834 11855 11873 11894 11903 11904 11955 12207 12314 12324 12348 12369 13223 13283 13508 14167 14275 15005 15016 15035 15270 15312 15522 15523 15850 | 19 36 46 47 59 66
GDS1027 BiMax
36 468 578 695 820 988 1280 1386 1395 1396 1401 1472 1492 1532 1537 1635 1694 1700 1777 1839 1867 1871 1875 1879 1900 1969 1975 2000 2020 2044 2049 2056 2145 2195 2196 2198 2201 2251 2284 2327 2416 2477 2629 2679 2683 2684 2715 2814 2836 3037 3040 3049 3052 3077 3090 3092 3210 3276 3294 3318 3340 3541 3576 3603 3607 3614 3619 3651 3656 3721 3811 5525 5648 6056 6367 6495 6873 7299 7685 7688 7819 7883 8138 8244 8386 8521 8621 8635 8685 9002 9277 9415 10038 10207 10251 10475 10587 10748 10762 10779 11007 11014 11018 11117 11197 11250 11476 11492 11506 11510 11529 11538 11576 11602 11620 11631 11679 11759 11769 11781 11811 11834 11855 11873 11894 11903 11904 11955 12145 12207 12314 12324 12369 13223 13508 14092 14167 14275 14841 14977 15005 15016 15035 15270 15522 15523 15850 15922 | 5 36 46 47 59 61
GDS1027 BiMax
36 439 468 578 770 1061 1091 1099 1280 1386 1395 1396 1472 1491 1492 1532 1537 1635 1694 1700 1705 1768 1777 1839 1871 1875 1879 1900 1975 2000 2020 2044 2049 2116 2142 2195 2196 2198 2201 2251 2284 2327 2477 2629 2679 2683 2684 2715 2814 2836 3040 3049 3052 3077 3090 3210 3276 3294 3318 3340 3541 3576 3603 3607 3614 3619 3651 3656 3721 3811 4865 5525 6056 6367 6495 6873 7299 7685 7688 7693 7819 7883 8138 8244 8521 8621 8685 9002 9277 9415 10207 10251 10343 10475 10587 10748 10762 10785 11007 11014 11018 11197 11476 11492 11506 11510 11523 11524 11529 11538 11576 11602 11620 11631 11679 11759 11769 11781 11811 11834 11855 11873 11894 11903 11904 11955 12154 12207 12314 12324 12369 12398 13223 13508 14015 14079 14167 14275 15005 15008 15016 15035 15074 15152 15270 15522 15523 15850 | 5 19 36 59 61 66
GDS1027 BiMax
36 439 468 578 770 820 1091 1280 1386 1395 1396 1472 1491 1492 1532 1537 1635 1694 1700 1768 1777 1839 1867 1871 1875 1879 1900 1975 2000 2020 2044 2049 2056 2145 2195 2196 2198 2201 2251 2284 2327 2416 2477 2629 2679 2683 2684 2715 2814 2836 3040 3049 3052 3077 3090 3092 3210 3276 3294 3318 3340 3541 3576 3603 3607 3614 3619 3651 3656 3721 3811 5525 5648 6056 6367 6495 6873 7299 7685 7688 7819 7883 8138 8244 8521 8621 8635 8685 9002 9277 9415 10207 10251 10475 10587 10748 10762 11007 11014 11018 11197 11250 11476 11492 11506 11510 11524 11529 11538 11576 11602 11620 11631 11679 11759 11769 11781 11811 11834 11855 11873 11894 11903 11904 11955 12145 12154 12207 12314 12324 12369 12398 13223 13508 14092 14145 14167 14275 14977 15005 15016 15035 15270 15522 15523 15850 15922 | 5 19 36 46 59 61
GDS1027 BiMax
36 458 468 578 1061 1280 1386 1395 1396 1472 1492 1532 1537 1635 1694 1700 1705 1777 1839 1870 1871 1873 1875 1879 1900 1975 2000 2020 2044 2049 2142 2195 2196 2198 2201 2251 2284 2327 2477 2629 2679 2683 2684 2715 2814 2836 3040 3049 3052 3077 3090 3210 3276 3294 3318 3328 3340 3541 3576 3594 3603 3607 3614 3619 3651 3656 3721 3811 4235 4865 5525 5606 6056 6367 6495 6873 7252 7299 7685 7688 7819 7883 7919 8138 8210 8244 8521 8621 8685 9002 9277 9415 10207 10251 10475 10587 10748 10762 10785 11007 11014 11018 11197 11301 11476 11492 11506 11510 11523 11529 11538 11576 11602 11620 11631 11679 11759 11769 11781 11811 11834 11855 11873 11894 11903 11904 11955 12207 12314 12324 12348 12369 13223 13508 14079 14167 14275 15005 15008 15016 15035 15270 15312 15522 15523 15850 | 19 36 47 59 61 66
GDS1027 BiMax
36 468 578 820 1061 1280 1386 1395 1396 1472 1492 1532 1537 1635 1694 1700 1705 1777 1839 1867 1871 1875 1879 1900 1975 2000 2020 2044 2049 2056 2142 2145 2195 2196 2198 2201 2251 2284 2327 2416 2477 2629 2679 2683 2684 2715 2814 2836 3040 3049 3052 3077 3090 3092 3210 3276 3294 3318 3340 3541 3576 3603 3607 3614 3619 3651 3656 3721 3811 4865 5525 5648 6056 6367 6495 6873 7299 7685 7688 7819 7883 8138 8244 8521 8621 8635 8685 9002 9277 9415 10207 10251 10475 10587 10748 10762 10785 11007 11014 11018 11197 11250 11476 11492 11506 11510 11523 11529 11538 11576 11602 11620 11631 11679 11759 11769 11781 11811 11834 11855 11873 11894 11903 11904 11955 12145 12207 12314 12324 12369 13223 13508 14079 14092 14167 14275 14977 15005 15008 15016 15035 15270 15522 15523 15850 15922 | 5 19 36 47 59 61
GDS1027 BiMax
36 468 578 820 1192 1280 1386 1395 1396 1472 1492 1532 1537 1635 1694 1700 1777 1839 1867 1871 1875 1879 1900 1975 2000 2020 2044 2049 2056 2145 2195 2196 2198 2201 2251 2284 2327 2416 2477 2629 2679 2683 2684 2715 2814 2836 3040 3049 3052 3077 3090 3092 3151 3210 3276 3294 3318 3340 3541 3576 3603 3607 3614 3619 3651 3656 3687 3721 3811 5525 5648 6056 6367 6495 6873 7299 7685 7688 7819 7883 8138 8244 8521 8621 8635 8685 9002 9277 9415 10207 10251 10475 10587 10712 10748 10762 11007 11014 11018 11197 11250 11476 11492 11506 11510 11529 11538 11576 11602 11620 11631 11679 11706 11759 11769 11781 11811 11834 11855 11873 11894 11903 11904 11907 11955 12145 12207 12314 12324 12369 13223 13508 14092 14167 14275 14977 15005 15016 15035 15270 15522 15523 15850 15922 | 5 19 36 46 47 59
GDS1027 BiMax
36 458 468 578 1280 1386 1395 1396 1401 1472 1492 1532 1537 1635 1694 1700 1777 1839 1870 1871 1873 1875 1879 1900 1969 1975 2000 2020 2044 2049 2195 2196 2198 2201 2251 2284 2327 2477 2629 2679 2683 2684 2715 2814 2836 3040 3049 3052 3077 3090 3210 3276 3294 3318 3328 3340 3541 3576 3594 3603 3607 3614 3619 3651 3656 3721 3811 4235 5525 5606 6056 6367 6495 6873 7299 7685 7688 7819 7883 7919 8138 8210 8244 8521 8621 8685 9002 9277 9415 10207 10251 10475 10587 10748 10762 11007 11014 11018 11117 11197 11301 11476 11492 11506 11510 11529 11538 11576 11602 11620 11631 11679 11759 11769 11781 11811 11834 11855 11873 11894 11903 11904 11955 12207 12314 12324 12348 12369 13223 13508 14167 14275 15005 15016 15035 15270 15312 15522 15523 15850 | 36 46 47 59 61 66
GDS1027 BiMax
616 870 988 1128 1380 1508 1542 1545 1871 1989 2062 2302 2305 2354 2669 2684 3077 3090 3122 3210 3241 3318 3831 5958 7728 7798 7819 8218 11072 11325 11471 11472 11619 11631 11645 11667 11735 11903 11962 12089 12104 13640 15082 15201 15270 | 11 38 39 55 94 95
GDS1027 BiMax
0 18 404 654 1816 3950 4386 4561 4565 4939 5919 6507 7382 7535 8220 9271 9567 11146 12705 12860 13618 14510 | 130 131 138 139 145 152
GDS1027 BiMax
0 241 317 1816 2336 2363 4614 5270 5371 5919 7029 7535 7734 9271 10515 10979 11112 11146 12434 12860 12868 15695 | 122 123 130 131 138 139
GDS1027 BiMax
0 404 654 2492 2628 2896 3950 4009 4267 4547 4939 5415 5817 6507 7381 7382 7558 7734 10979 14510 14861 | 103 130 131 138 139 145
GDS1027 BiMax
0 241 317 1816 4439 5270 5371 5415 5919 7029 7535 7734 9271 10515 10979 11146 11890 12860 13158 13312 14510 | 123 130 131 138 139 145
GDS1027 BiMax
0 94 241 317 1816 4391 5270 5371 5919 7029 7535 7734 9271 10136 10515 10638 10979 11146 11805 12860 | 122 123 131 138 139 145
GDS1027 BiMax
0 172 598 768 1140 1816 2711 4072 5190 5377 5919 7208 7535 9271 11146 12860 14461 15587 15592 15747 | 122 123 138 139 145 152
GDS1027 BiMax
0 94 4391 5262 5311 5371 7535 10136 10175 10638 11805 12069 12699 12860 13092 13572 14140 14461 15592 | 22 122 123 138 139 145
GDS1027 BiMax
0 241 317 771 1816 5270 5371 5919 6414 7029 7535 7734 9271 10515 10979 11146 12860 13572 13649 | 122 123 130 138 139 145
GDS1027 BiMax
0 241 317 1816 5270 5371 5919 7029 7535 7734 9271 10515 10979 11146 12860 | 122 123 130 131 138 139 145
GDS1027 BiMax
0 219 241 317 1816 3970 5270 5371 5919 7029 7535 7734 9271 10515 10979 11146 12860 | 122 123 130 131 138 145
GDS1027 BiMax
0 241 317 1816 5270 5371 5476 5919 6974 7029 7535 7734 9271 10515 10979 11146 12860 | 122 123 130 131 139 145
GDS1027 BiMax
0 241 317 1816 2492 5270 5371 5919 6266 7029 7535 7734 9271 10515 10979 11146 12860 | 122 130 131 138 139 145
GDS1027 BiMax
0 3982 4303 4389 4537 4550 4782 5371 5495 6011 7253 7535 10200 13850 15748 | 22 40 122 123 130 131
GDS1027 BiMax
0 179 317 2487 3982 4303 4389 4550 5371 5476 5495 7535 10982 15748 | 40 122 123 130 131 145
GDS1027 BiMax
0 3982 4303 4389 4550 4879 5371 5495 5620 7535 9478 12766 15456 15748 | 22 40 123 130 131 145
GDS1027 BiMax
0 971 3982 4303 4389 4550 5371 5495 7535 10174 12860 14534 15748 | 22 122 123 130 131 145
GDS1027 BiMax
0 63 94 4741 5262 5311 5371 7035 7535 10518 13092 14140 14461 | 22 40 122 123 139 145
GDS1027 BiMax
0 94 317 771 5262 5311 5371 7077 7535 13092 14140 14461 | 40 122 123 138 139 145
GDS1027 BiMax
0 950 1816 3970 5919 7535 9271 10982 11146 12860 14534 15748 | 122 123 130 131 145 152
GDS1027 BiMax
0 94 3982 4303 4389 4550 5371 5495 7535 8391 15748 | 22 40 122 123 131 145
GDS1027 BiMax
0 94 2336 4101 4391 5371 7535 10136 10638 11805 12860 | 22 122 123 131 138 139
GDS1027 BiMax
0 3982 4303 4389 4550 5371 5495 7535 12429 12895 15748 | 22 40 122 123 130 145
GDS1027 BiMax
0 404 654 3950 3970 4939 5046 6507 7382 12525 14510 | 103 130 131 138 145 152
GDS1027 BiMax
0 94 4391 7077 7734 10979 11805 12765 14140 15587 15592 | 103 122 123 138 139 145
GDS1027 BiMax
0 1816 4957 5919 7535 9271 11112 11146 12860 12868 14510 | 123 130 131 138 139 152
GDS1027 BiMax
0 1816 2496 3970 5919 7535 9271 11112 11146 12860 12868 | 122 123 130 131 138 152
GDS1027 BiMax
0 94 4391 5371 7535 10136 10638 11805 12860 | 22 122 123 131 138 139 145
GDS1027 BiMax
0 3982 4303 4389 4550 5371 5495 7535 15748 | 22 40 122 123 130 131 145
GDS1027 BiMax
0 94 5262 5311 5371 7535 13092 14140 14461 | 22 40 122 123 138 139 145
GDS1027 BiMax
0 1816 5919 7535 9271 11112 11146 12860 12868 | 122 123 130 131 138 139 152
GDS1027 BiMax
0 404 654 3476 3950 4612 4939 6507 7382 14510 | 103 130 138 139 145 152
GDS1027 BiMax
0 94 4101 5262 5311 5371 7535 13092 14140 14461 | 22 40 122 123 138 139
GDS1027 BiMax
0 1816 5919 7535 9271 11112 11146 12860 12868 14575 | 122 123 131 138 139 152
GDS1027 BiMax
0 1816 5919 7535 9271 11112 11146 12860 12868 12869 | 122 123 130 131 139 152
GDS1027 BiMax
0 1816 2506 5919 7535 9271 11112 11146 12860 12868 | 122 130 131 138 139 152
GDS1027 BiMax
0 1816 2801 3970 5919 6871 7535 9271 11146 12860 | 122 123 130 138 145 152
GDS1027 BiMax
0 404 654 3950 4939 6507 7382 14510 | 103 130 131 138 139 145 152
GDS1027 BiMax
0 1816 5919 7535 9271 11146 12860 14510 | 123 130 131 138 139 145 152
GDS1027 BiMax
0 1816 3970 5919 7535 9271 11146 12860 | 122 123 130 131 138 145 152
GDS1027 BiMax
0 1816 5919 7535 9271 11146 12860 | 122 123 130 131 138 139 145 152
GDS1027 BiMax
0 404 654 3950 4939 6507 7382 9952 14510 | 103 130 131 139 145 152
GDS1027 BiMax
0 2828 4127 5371 7535 12860 13572 14612 15793 | 22 122 123 130 139 145
GDS1027 BiMax
0 284 1816 5919 7535 9271 11146 12860 14510 | 123 130 138 139 145 152
GDS1027 BiMax
0 1816 3970 5919 7535 9271 11146 12860 14510 | 123 130 131 138 145 152
GDS1027 BiMax
0 1816 5919 6725 7535 9271 11146 12860 13139 | 122 123 131 139 145 152
GDS1027 BiMax
0 1816 2828 4127 5919 7535 9271 11146 12860 | 122 123 130 139 145 152
GDS1027 BiMax
0 94 2610 4391 5415 7734 10979 11805 14510 | 103 123 131 138 139 145
GDS1027 BiMax
1386 2062 2349 3241 8218 9419 10318 11735 12070 | 11 38 39 94 95 103
GDS1027 BiMax
0 63 94 374 7035 7077 12890 14140 | 40 103 122 123 139 145
GDS1027 BiMax
0 63 94 4391 7035 11805 14140 15592 | 22 103 122 123 139 145
GDS1027 BiMax
0 94 317 5371 5476 6725 7535 15500 | 40 122 123 131 139 145
GDS1027 BiMax
0 317 771 4604 5371 5476 5486 7535 | 40 122 123 130 139 145
GDS1027 BiMax
0 1816 2914 5919 7535 9271 11146 12860 | 122 130 138 139 145 152
GDS1027 BiMax
0 680 2828 4127 7535 12860 14461 15592 | 22 122 123 139 145 152
GDS1027 BiMax
0 94 2363 4391 7734 10979 11805 14575 | 103 122 123 131 138 139
GDS1027 BiMax
0 654 5371 7535 12860 14165 14861 | 22 130 131 138 139 145
GDS1027 BiMax
0 94 1030 4391 11805 14140 15592 | 22 103 122 123 138 139
GDS1027 BiMax
0 94 4391 5969 11805 14140 15592 | 22 103 122 138 139 145
GDS1027 BiMax
0 94 2865 4391 11805 14140 15592 | 22 103 123 138 139 145
GDS1027 BiMax
0 94 4391 11805 14140 15592 | 22 103 122 123 138 139 145
GDS1027 BiMax
0 2828 4127 7535 12860 14534 15748 | 22 122 123 130 145 152
GDS1027 BiMax
0 7535 10982 12466 13991 14001 15748 | 40 122 123 130 131 152
GDS1027 BiMax
0 94 2492 4391 7734 10979 11805 | 103 122 131 138 139 145
GDS1027 BiMax
0 94 3970 4391 7734 10979 11805 | 103 122 123 131 138 145
GDS1027 BiMax
0 94 4391 7734 10979 11805 | 103 122 123 131 138 139 145
GDS1027 BiMax
0 971 3970 4026 7734 10979 15748 | 103 122 123 130 131 145
GDS1027 BiMax
419 967 6965 11295 11735 13042 13666 | 12 13 52 53 113 118
GDS1027 BiMax
988 2062 8398 11735 14092 14218 15127 | 11 22 38 39 94 95
GDS1027 BiMax
2062 5958 8247 10701 11735 14092 14218 | 11 38 39 40 94 95
GDS1027 BiMax
0 5931 7535 14461 15332 15748 | 22 40 122 123 145 152
GDS1027 BiMax
0 94 654 4391 11805 14861 | 22 103 131 138 139 145
GDS1027 BiMax
0 317 4386 5371 6507 7535 | 40 130 131 138 139 145
GDS1027 BiMax
0 94 721 7077 7340 14140 | 40 103 122 123 138 145
GDS1027 BiMax
0 63 94 7035 14140 15748 | 22 40 103 122 123 145
GDS1027 BiMax
0 94 4101 4782 5371 7535 | 22 40 122 123 131 139
GDS1027 BiMax
0 317 4782 5371 5476 7535 | 40 122 123 130 131 139
GDS1027 BiMax
0 2336 4782 5371 7535 12860 | 22 122 123 130 131 139
GDS1027 BiMax
0 2336 5371 7535 12860 13572 | 22 122 123 130 138 139
GDS1027 BiMax
0 94 317 5371 7535 12068 | 40 123 131 138 139 145
GDS1027 BiMax
0 94 317 4101 5371 7535 | 40 122 123 131 138 139
GDS1027 BiMax
0 284 317 771 5371 7535 | 40 123 130 138 139 145
GDS1027 BiMax
0 6047 7535 10982 11192 15748 | 40 122 123 130 145 152
GDS1027 BiMax
0 4696 7535 12860 14461 15592 | 22 122 123 138 139 152
GDS1027 BiMax
0 374 5732 6725 7535 14461 | 40 122 123 139 145 152
GDS1027 BiMax
0 94 971 4391 11805 15748 | 22 103 122 123 131 145
GDS1027 BiMax
0 3970 5415 7734 10979 14510 | 103 123 130 131 138 145
GDS1027 BiMax
0 2363 5415 7734 10979 14510 | 103 123 130 131 138 139
GDS1027 BiMax
0 312 14510 15543 15587 15592 | 103 123 138 139 145 152
GDS1027 BiMax
36 2930 3011 3581 3719 12189 | 5 19 46 47 54 59