GDS1027 QUBIC
178 596 660 759 767 876 1126 1292 1314 1643 2111 2308 2309 2324 2338 2533 3218 3221 3248 3689 3754 3779 3918 5107 6805 7788 7852 7949 8002 8037 8049 8129 8270 8309 9039 9524 9626 9652 9779 9840 9995 10190 10293 10330 10797 10829 10883 10893 10967 11082 11420 11422 11499 11527 11546 11804 11854 11856 11947 12134 12310 12332 12340 12372 12387 13062 13626 13829 13891 13916 13952 14080 14209 14285 14304 14659 14731 14890 15108 15168 15212 15239 15273 | 48 49 136 137 140
GDS1027 QUBIC
697 995 1891 1977 2317 2340 2346 2650 2680 2982 3016 3702 3809 4178 5164 6884 7555 7673 7840 8116 8230 8320 8350 8467 8516 8817 8912 8945 9261 9284 9585 10404 10864 11132 11241 12077 14066 14354 15107 | 48 49 136 137 140
GDS1027 QUBIC
1353 1549 1869 1972 2303 2978 3296 3341 3726 3836 4301 6796 7943 8239 10178 10336 11555 11814 11830 13324 14985 15905 | 48 49 136 137 140
GDS1027 QUBIC
1691 2436 2674 11311 11708 12183 12794 14495 14994 | 1 11 48 49 80 81 140 141 144 145
GDS1027 QUBIC
578 2679 2683 3651 | 12 13 38 59 63 96 97 118 123
GDS1027 QUBIC
1871 11769 14275 | 5 7 12 18 33 37 58 65 121
GDS1027 QUBIC
1700 2119 11679 | 0 1 2 8 12 13 18 32 59
GDS1027 QUBIC
7883 11904 12145 | 36 53 64 65 94 119 122 127 131
GDS1027 QUBIC
1900 10475 11510 | 2 5 12 13 18 33 96 118
GDS1027 QUBIC
2268 7819 8685 | 2 3 9 10 12 13 18 119
GDS1027 QUBIC
2629 11773 11873 | 0 2 37 52 61 108 109 124
GDS1027 QUBIC
2196 2251 2629 | 10 36 39 65 66 92 130