---------------------------------------
411 2239 2529 3024 3283 3350 3422 3677 3877 4239 4240 4286 4303 4474 4569 4623 4821 4854 4884 5075 5153 5291 5382 5729 6262 6336 6384 6409 6423 7042 7322 8618 9186 9741 11001 11056 11060 11238 12374 12418 12990 13607 13613 13957 14351 15075 15963 18417 18558 18917 18960 18978 19652 19887 20281|0 1 2 3 4 5 7 8 9 10 11 12 13 14 15 16 17 18 19 20 21 22 23 24 25 26 27 28 29 30 31 32 33 34 35 36 38 39 40 41
0.869565,0.906264,
2
2239 2529 3024 3283 3422 3677 3877 4239 4240 4286 4303 4474 4569 4623 4821 4854 4884 5075 5153 5291 5382 5729 6262 6336 6384 6409 7042 7322 8618 9186 9741 11001 11056 11060 11238 12374 12418 12990 13607 13613 13957 14351 15075 15963 18417 18558 18917 18960 18978 20281|0 1 2 3 4 5 6 7 8 9 10 11 12 13 14 15 16 17 18 19 20 21 22 23 24 25 26 27 28 29 30 31 32 33 34 35 36 37 38 39 40 41
0.865801,0.957049,
2
2239 2529 3024 3283 3422 3677 3877 4239 4240 4286 4303 4474 4569 4623 4821 4854 4884 5075 5153 5291 5382 5729 6262 6336 6384 6409 6423 7042 7322 8618 9186 9741 11001 11056 11060 11238 12374 12418 12990 13607 13613 13957 14351 15075 15963 18417 18558 18917 18960 18978 20281|0 1 2 3 4 5 7 8 9 10 11 12 13 14 15 16 17 18 19 20 21 22 23 24 25 26 27 28 29 30 31 32 33 34 35 36 37 38 39 40 41
0.904656,0.957496,
2
1125 1855 2101 4125 5063 5079 5142 5694 6037 6172 6629 7014 7170 7286 7465 7577 7741 7746 7932 8707 8754 9255 9464 9644 9885 9905 10142 10484 11105 11183 12749 13160 13365 13681 13971 14746 14925 14972 14981 15000 15050 15113 15395 15893 16204 16518 17077 19062 19434 19476 20083 20159 20385 20433 20502 20517 20554 20612 20766 21443 21473|0 1 2 3 4 5 6 7 8 10 11 12 13 14 15 16 17 18 19 21 23 25 26 28 30 31 32 33 34 35 36 37 39 41
0.734904,
1
2558 2589 3065 3207 3883 4913 5472 5473 5842 5850 6001 6041 6311 6467 6560 6610 6894 6905 7082 7170 7449 7938 7984 8219 8770 8771 8864 10423 10449 10577 10838 10884 11075 11108 11138 11236 12471 12812 12846 12943 13493 13724 13808 14493 15105 16043 16439 16540 16554 16715 17182 17211 17293 18882 19506 19877 19894 20184 20195 20780 20798 20812 21081 21114 21418 21473|0 1 2 3 4 5 6 8 9 10 11 13 14 15 16 17 19 21 23 25 28 30 31 32 33 34 35 36 39 40 41
0.665138,0.643275,0.621961,0.43208,0.561921,0.526316,
6
1125 1855 2101 5063 5142 5694 5927 6037 6172 6629 7014 7170 7286 7465 7577 7741 7932 8754 9255 9271 9464 9644 9885 9905 10142 10484 11183 13160 13365 13681 13971 14046 14818 14925 14972 14981 15000 15050 15350 15893 16204 16518 17077 19062 19434 19476 20083 20159 20385 20417 20433 20502 20517 20554 20612 20766 21443 21473|0 1 2 3 4 5 6 7 8 9 10 11 12 13 14 15 16 18 19 21 23 25 26 28 30 31 32 33 34 35 36 37 39 41
0.733961,
1
2558 2589 3065 3207 3883 4569 4913 5472 5842 5850 6001 6041 6311 6467 6560 6905 7082 7170 7449 7938 7984 8219 8770 8771 8864 10423 10449 10577 10838 10884 11075 11138 11236 12471 12812 12846 12943 13493 13724 14493 15105 15956 16043 16380 16439 16540 17182 17211 18882 19506 19877 20184 20195 20612 20812 21081 21114 21418 21473|0 2 3 4 5 6 7 8 9 10 11 12 13 14 15 16 18 19 21 23 25 26 28 30 31 32 33 34 35 36 39 40 41
0.6553,0.853623,0.752089,0.496813,0.739884,0.608654,
6
2558 2589 3065 3207 3883 4913 5472 5842 5850 6001 6041 6311 6467 6560 6905 7082 7170 7449 7923 7938 7984 8219 8770 8771 8864 9901 10423 10449 10577 10838 10884 11075 11138 11236 12471 12812 12846 12943 13493 13724 14493 15105 15956 16043 16380 16439 16540 17182 17211 18882 19506 19877 20184 20195 20812 21081 21114 21418 21473|0 2 3 4 5 6 7 8 9 10 11 12 13 15 16 17 18 19 21 23 25 26 28 30 32 33 34 35 36 39 40 41
0.63479,0.854449,0.800194,0.483534,0.635359,0.595295,
6
2558 2589 3065 3207 3883 4913 5472 5842 5850 6001 6041 6311 6467 6560 6905 7082 7170 7449 7923 7938 7984 8219 8770 8771 8864 10423 10449 10577 10838 10884 11075 11138 11236 12471 12812 12943 13493 14493 15105 15956 16043 16439 16540 17182 17211 18882 19506 19877 20184 20195 20812 21081 21114 21268 21418 21473 21553|0 1 2 3 4 5 6 7 8 9 10 11 12 14 15 16 17 18 19 21 23 25 26 30 32 33 34 35 36 39 40 41
0.611707,0.75174,0.798645,0.52395,0.654649,0.645161,
6
2558 2589 3065 3207 3883 4913 5345 5472 5842 5850 6467 6629 6905 7911 7938 7984 8219 8770 8771 8864 10423 10449 10838 10884 11075 11138 11236 12471 12812 12846 12943 13493 13763 13929 14493 14589 15105 15326 15695 16043 16223 16439 16540 17211 18882 19877 20195 20225 20812 21081 21114 21268 21418 21473|0 1 2 4 5 6 7 8 10 11 12 13 14 15 16 17 18 19 21 23 26 27 29 30 31 32 33 34 35 36 39 40 41
0.417476,0.492885,0.476643,0.518935,0.573509,0.633181,
6
196 258 260 763 787 897 1372 1416 1538 1721 1904 1922 2370 3044 3395 3620 4792 5000 5293 5642 7744 7771 8296 8497 8793 8947 8993 9194 11523 11543 11629 11635 11844 12251 12311 12391 12426 12452 12619 13083 13301 14181 14968 15001 15270 16348 17535 17603 17640 18675 18812 18848 19006 19134 19598 20839 20864 20974 21904|4 8 10 11 12 13 14 15 17 18 19 20 21 22 23 24 25 26 27 28 29 30 32 33 34 36 37 38 40 41

0
2558 2589 3065 3207 3883 4569 4913 5472 5678 5842 5850 6467 6560 6905 7082 7449 7938 7984 8219 8770 8771 8864 10423 10449 10838 10884 11075 11138 11236 12471 12812 12943 13493 14493 15105 16043 16439 16540 17182 17211 18882 19877 20195 20612 20812 21081 21114 21418 21473|0 1 2 3 4 5 6 7 8 9 11 12 13 14 15 16 18 19 21 23 25 26 28 29 30 31 32 33 34 35 36 39 40 41
0.540519,0.732475,0.622182,0.643057,0.566547,0.70831,
6
1128 1797 1834 2058 3746 3994 4132 4627 4795 5108 5246 5318 6303 6359 6629 6862 7393 7396 7852 9506 9555 9596 10986 11008 11036 11042 11066 11147 11240 11572 13096 13293 13365 13784 13855 13924 14210 14662 14815 15125 15318 15335 15972 16252 16369 16626 16672 16697 18188 19574 20038 20072 20725 20963 21689 21984|0 2 3 5 6 7 9 10 11 12 13 14 15 16 17 19 21 23 24 26 29 31 33 35 36 39 41
0.436578,0.370616,0.479026,0.347826,0.343614,0.422931,
6
994 3201 3890 3891 4149 4510 4607 5294 5295 5320 5505 5982 5988 5994 6394 6531 7332 8176 9014 9922 9961 10116 10436 10813 10830 12342 12343 12695 13022 13371 13457 13490 13890 14472 15751 16371 16446 17202 17575 18239 19333 19369 19643 19890 20211 21174|0 1 2 3 5 6 7 8 9 10 11 13 14 15 16 17 18 20 21 23 24 25 28 29 30 31 32 33 35 36 38 39
0.867151,0.805161,0.546358,0.593525,0.591127,0.560241,
6
2558 3065 3883 4913 5472 5842 5850 6001 6467 6905 7938 7984 8219 8770 8771 8864 10423 10449 10838 10884 11075 11138 11236 12471 12812 12943 14493 15105 16043 16439 16540 17211 18882 19877 20195 20812 21081 21114 21418 21473|0 1 2 3 4 5 6 7 8 9 10 11 12 14 15 16 17 18 19 21 23 25 26 27 28 29 30 31 32 33 34 35 36 39 40 41
0.492611,0.587425,0.56933,0.623782,0.614778,0.697183,
6
901 3226 4800 5511 5735 5795 6129 6703 6932 7043 7068 7087 7246 7298 7428 7730 7788 9503 9702 10278 10466 10606 12664 13153 13350 13481 13648 14002 14214 15395 16169 16444 17039 17075 18198 19373 19583 20247 20251 20389 20706 20713 21448 21645|1 4 5 6 7 8 9 10 11 12 13 14 15 17 19 20 21 22 23 24 25 26 28 29 30 32 34 36 38 39 40 41
0.688406,0.839838,0.720607,0.460554,0.531034,
5
2166 3746 3994 4132 4627 4918 5108 5246 5318 6142 6287 6629 6862 7396 7741 7746 7852 9255 9506 9555 11008 11036 11042 11066 11147 11240 11572 13365 13924 14210 14662 14702 14815 14876 15125 15318 15735 15972 16019 16369 16626 16672 16697 19574 20038 20072 20963 21984|0 1 2 3 5 6 7 8 10 11 12 13 14 15 16 17 18 19 23 24 26 30 31 32 33 35 36 39 41
0.423664,0.460284,0.757244,0.500826,0.474295,0.271471,
6
901 4800 5511 5735 5795 6129 6703 7043 7068 7087 7246 7298 7428 7730 7746 7788 9503 9702 10278 10466 10606 12664 13153 13350 13481 13648 14214 14237 15395 16169 16444 17039 17075 18198 19583 20251 20282 20389 20706 20713 21636 21645|0 1 4 5 6 7 8 9 10 11 12 13 14 15 17 18 19 20 21 22 23 25 26 27 28 29 32 34 36 38 39 40 41
0.684274,0.737988,0.570602,0.544059,0.568384,
5
2000 3503 3937 4913 5436 5550 5673 5821 6037 7009 7170 7413 8009 8219 9461 9735 9977 10306 10423 10884 11008 11236 11263 12591 13185 13629 14609 14662 14742 16252 16512 16697 17293 18374 18520 19062 19412 19515 19574 20259 20313 20768 20928 20937 21114 21187|0 1 2 3 4 5 6 7 8 9 10 11 13 14 15 16 18 19 21 22 23 25 31 32 33 34 35 36 39 41
0.643678,0.488136,0.483815,0.564103,
4
3201 3890 3891 4149 4510 4607 5294 5295 5320 5505 5982 5988 5994 6394 6531 7332 9014 9922 9961 10116 10813 10830 12342 12343 12695 13022 13371 13457 13490 13890 14472 15751 16371 16446 17202 17575 19333 19369 19890 20211 21174|0 1 2 3 4 5 6 7 8 9 10 11 13 14 15 16 17 18 20 21 23 24 25 28 29 30 31 32 33 35 36 38 39
0.864295,0.88,0.585251,0.639587,0.638298,0.635582,
6
3746 4132 5318 5858 6142 6303 6629 6862 7393 7396 7741 7746 7852 9255 9506 9555 11008 11036 11042 11066 11147 11240 11572 13365 13784 13924 14662 14815 14876 15335 15577 15760 15972 16269 16369 16626 16672 16697 17025 19574 19868 20038 20072 20135 20963 21340 21418 21984|0 2 3 4 5 6 7 8 10 11 12 13 14 15 16 17 19 21 23 24 26 30 31 32 34 36 39 41
0.361368,0.463453,0.52319,0.710983,0.678917,0.313417,
6
2166 3746 3994 4132 5108 5246 5318 6142 6629 6862 7396 7741 7746 7852 9255 9506 9555 11008 11036 11042 11066 11147 11240 11572 13096 13365 13855 13924 14662 14702 14815 14876 15125 15335 15760 15972 16019 16369 16626 16672 16697 19574 20038 20072 20963 21984|0 1 2 3 5 6 7 10 11 12 13 14 15 16 17 18 19 21 23 24 26 30 31 32 33 35 36 39 41
0.465058,0.75627,0.518207,0.54104,0.537507,0.26503,
6
3503 3937 4913 5550 5673 6037 7009 7170 7413 7911 8009 8219 9735 10306 10823 10884 10992 11008 11236 11263 12591 13185 13629 14534 14609 14662 14742 16252 16512 16697 16826 17293 18374 19062 19412 19515 19574 20259 20313 20768 20937 21114 21187|0 1 2 3 4 5 6 7 8 10 11 12 13 14 15 16 18 19 21 22 23 25 28 30 31 32 33 34 36 39 41
0.638272,0.754589,0.644024,0.609475,
4
901 4800 5511 5735 5795 6129 6703 6932 7068 7087 7246 7298 7428 7730 7788 9503 9702 10278 10466 10606 12664 13153 13350 13481 13648 14002 15395 16169 16444 17039 17075 18198 19583 20247 20251 20389 20706 20713 21645|1 4 5 6 7 8 9 10 11 12 13 14 15 17 18 19 20 21 22 23 24 25 26 27 28 29 30 32 34 36 38 39 40 41
0.834225,0.733758,0.72751,0.506764,0.61875,
5
3201 3890 3891 4149 4510 4607 5294 5295 5320 5505 5982 5988 5994 6531 7332 9014 9922 9961 10116 10813 10830 12342 12343 12695 13022 13457 13490 13890 15751 16371 16446 17202 17575 18239 19333 19369 19890 20211 21174|0 1 2 3 4 5 6 7 8 9 10 11 13 14 15 16 17 18 20 21 23 24 25 26 28 29 30 31 32 33 35 36 38 39
0.797954,0.878151,0.625153,0.685408,0.684739,0.608924,
6
3890 3891 4149 4607 4720 5505 5858 5982 5988 5994 6531 7170 7332 9014 9922 9961 10577 10813 10830 12342 12343 12695 13022 13457 13490 13890 14472 14876 15751 16371 16446 17202 17293 18239 19333 19369 19890 20211 21174|0 1 2 3 4 5 6 7 8 9 10 11 13 14 15 16 17 18 19 21 23 25 26 28 29 30 31 32 33 34 35 36 38 39
0.534557,0.580796,0.625153,0.849265,0.684739,0.644295,
6
745 973 1046 1922 2185 2718 2927 3568 4373 4732 4806 5586 5620 5816 6402 6541 6695 6724 7767 8296 11503 11523 11629 12036 12060 12391 12447 12476 13134 13759 14236 14261 14968 15270 16245 16629 17106 17320 17568 17593 17640 17661 18195 18347 18626 19012 19134 19644 19825 20448 21193|0 4 8 10 11 12 13 15 17 18 19 21 22 23 24 25 26 28 29 30 31 32 34 38 40 41

0
311 1594 2026 3916 5842 6037 6077 6287 6783 6812 7015 7037 7170 7413 7706 8044 8219 8864 9461 9573 9977 10474 10884 10992 13405 13763 14230 14398 15038 15655 15809 16177 16252 16715 16730 16797 16957 17024 17293 19675 19864 20042 20432 20599 20670 20689 21114 21473 21557|0 1 2 4 5 6 7 8 9 11 13 14 15 16 18 19 20 21 23 28 31 32 33 34 36 39 41
0.483986,0.456509,0.40237,0.396324,0.278481,
5
3746 4132 5318 6037 6142 6629 6862 7393 7396 7421 7741 7852 9255 9506 9555 11008 11036 11042 11066 11147 11240 11572 13365 13924 14662 14815 14876 15335 15577 15972 16019 16269 16369 16626 16672 16697 19574 20038 20072 20135 20963 21340 21418 21984|0 1 2 3 4 5 6 7 8 9 10 11 12 13 14 15 16 18 19 21 23 24 26 30 31 32 34 36 39 41
0.329159,0.494028,0.702857,0.536082,0.869565,0.26503,
6
3242 4800 5511 5735 5795 6129 6703 6932 7043 7087 7246 7298 7428 7433 7788 9503 9702 10278 10466 10606 12664 13153 13350 13481 13648 14002 15395 16169 16444 16480 17039 17075 18198 19373 19583 20247 20251 20389 20706 20713 21645|1 4 5 7 8 9 10 11 12 13 14 15 17 18 19 20 21 22 23 24 25 26 28 29 30 32 34 35 36 38 39 41
0.717884,0.571926,0.733246,0.395178,0.693527,
5
1237 1543 3053 3333 4535 4858 5436 5710 5801 6360 6552 6783 6917 7334 7463 7852 7856 9582 10029 10825 10861 11230 11395 13096 13663 13725 13855 13869 13972 14014 14421 14804 14815 14826 14894 15624 16076 16371 17182 17293 18089 19341 20030 20152 20882|0 2 3 4 5 6 7 10 11 12 13 14 15 16 18 19 21 23 25 26 27 30 31 32 33 35 36 39 41
0.580467,0.646707,0.284683,0.675469,0.37037,0.415233,
6
3815 4800 5511 5795 6129 6703 6890 6932 7068 7087 7246 7298 7730 7746 7788 9503 9547 10278 10466 10892 12664 12775 13153 13481 13648 14002 14214 14237 15395 16169 16444 17039 18198 19583 20247 20251 20282 20389 20706 21465 21636 21645|4 5 6 7 8 9 10 11 12 13 14 15 16 17 18 19 20 21 23 25 26 27 28 32 33 34 36 38 39 40 41
0.461046,0.549684,0.518156,0.398942,0.512397,
5
167 1904 1922 2184 2405 3044 3410 4079 4121 4123 5035 5293 5592 5736 5839 5939 6535 6724 7512 7771 8355 8582 8793 9883 10276 10579 11380 11447 11629 11717 12619 12658 14181 15270 16005 16480 16815 16936 17640 18450 18812 18896 19300 20833 21182 21260 21392|4 6 8 10 11 12 13 15 17 18 19 21 22 23 24 25 26 27 28 29 30 32 33 34 36 38 41

0
1543 3053 3333 4535 4858 5264 5436 5801 6123 6360 6552 6783 6917 6939 7334 7463 7852 7999 8030 10106 10825 10861 11230 11395 13725 13869 13972 14014 14421 14804 14815 14826 14894 16076 16371 17024 17182 17293 18089 20030 20152 20882|0 2 3 4 5 6 7 8 9 10 11 12 13 14 15 16 18 19 21 23 25 26 27 30 31 32 34 36 39 41
0.574818,0.610304,0.257506,0.542802,0.472795,0.424528,
6
1417 1857 3970 4221 4920 5247 5544 5969 6030 6122 6368 6390 6761 7579 9260 9550 9773 10536 10722 10823 10992 13838 13843 13906 14640 14663 15784 16029 16199 16356 17373 17403 17906 17949 18636 19139 19203 19820 19931 20135 20177 20675 20689 21398 21657|0 1 3 4 5 6 7 8 10 11 12 14 15 17 18 19 21 23 25 26 30 31 32 34 35 36 39 41
0.375563,0.262626,
2
4132 5318 6037 6142 6629 6862 7393 7396 7421 7741 7852 9255 9506 9555 11008 11036 11042 11066 11147 11240 11572 13365 13924 14662 14815 14876 15335 15760 15972 16269 16369 16626 16672 16697 19574 20038 20072 20135 20768 20963 21418 21984|0 1 2 3 4 5 6 7 8 9 10 11 12 13 14 15 16 18 19 21 23 24 26 30 31 32 34 36 39 41
0.323209,0.465798,0.668571,0.530303,0.869565,0.257375,
6
901 3242 4800 5511 5735 5795 6129 6362 6703 6932 7087 7246 7298 7428 7433 7746 7788 9503 10278 10466 12664 13153 13350 13481 13648 14002 15395 16169 16444 16480 17039 18198 19583 20247 20251 20389 20706 21636 21645|1 4 5 7 8 9 10 11 12 13 14 15 16 17 18 19 20 21 22 23 25 26 27 28 29 32 34 35 36 38 39 41
0.525,0.56872,0.623426,0.6917,0.506418,
5
3503 3937 4913 5550 5812 6037 7009 7170 7911 8009 8219 9735 10823 10884 10992 11008 11236 11263 12054 12591 13185 13629 14534 14609 14742 16252 16512 16697 16826 17293 19062 19412 19515 19574 20259 20313 20768 20937 21114|0 1 2 3 4 5 6 7 8 10 11 12 13 14 15 16 17 18 19 21 22 23 25 26 28 30 31 33 34 36 39 41
0.474986,0.749494,0.721358,0.681881,
4
3746 4132 4627 5246 5318 6862 7396 8241 8631 8866 9555 9925 11036 11047 11048 11066 11147 11572 12882 13053 13293 13784 13924 14044 14052 14210 14491 14494 14549 14587 14752 15318 15735 15929 16353 16369 16391 16514 16545 16672 20072 20648 21801 21984|0 1 2 4 5 6 7 9 12 14 15 16 17 18 19 22 23 24 26 27 29 31 32 35 36 39 40 41

0
3626 4913 5429 5436 5821 6000 6284 6812 6903 6917 7009 7323 7334 7413 7463 7852 7856 8100 8219 8864 9255 9389 10119 10359 11075 11138 11197 11236 11302 12846 13345 13597 14367 15004 15061 15309 15655 15755 16465 16979 19219 21473 21618 21984|3 4 5 6 7 8 9 10 11 12 13 14 15 16 17 18 21 23 25 30 31 32 34 35 36 38 39 41
0.528497,0.713656,0.526852,0.346247,0.369537,
5
519 638 2085 2966 3330 3394 3517 3868 5764 6383 6663 7559 8232 8436 8521 8976 9594 9908 11633 11883 11999 12015 12224 12540 12728 13083 13121 13209 13262 13558 14222 16407 16597 17407 17687 18172 18425 18440 18649 18741 19442 20807 21838 22161|2 4 8 9 10 12 13 15 18 19 20 21 22 23 24 25 26 27 28 29 30 31 32 34 36 38 40 41

0
3353 3730 3890 3891 3905 4892 4906 5127 5222 5294 5295 5356 5982 5988 8176 9099 12194 12195 12343 12575 12695 13091 13490 13808 13890 15092 15124 17127 18285 18618 19369 19401 20746 21224 21475 21987|0 1 2 3 4 5 6 7 8 9 10 11 12 13 14 15 17 18 19 20 21 23 24 25 26 28 30 31 32 33 34 35 36 38
0.799412,0.868421,
2
3353 3730 3890 3891 3905 4892 5127 5222 5294 5295 5356 5982 5988 8176 9099 9776 9922 12194 12195 12343 12575 12695 13006 13091 13490 13808 13890 15092 15124 17127 18285 18618 19369 20746 21224 21475 21987|0 1 2 3 4 5 6 7 8 10 11 12 13 14 15 16 17 18 19 20 21 23 24 25 26 28 30 32 33 34 35 36 38
0.801769,0.822995,
2
158 255 605 1046 1330 1711 1741 1876 1922 2927 3284 4098 4513 4948 5066 5586 5813 6932 8255 8342 8545 9915 10060 11503 11629 11635 12251 12391 12429 13435 14301 15270 16009 16034 16295 16365 17106 17535 18202 18401 18848 19012 20864 21083 21370 22008|2 4 8 10 11 12 13 15 17 18 20 21 22 23 24 25 26 28 29 30 32 34 36 38 40 41
0.843354,0.625352,
2
3353 3730 3890 3891 3905 4892 5127 5222 5294 5295 5356 5982 5988 6394 8176 9099 12194 12195 12343 12575 12695 13091 13490 13808 13890 15092 15124 17127 18285 18618 19369 20746 21224 21475 21987|0 1 2 3 4 5 6 7 8 9 10 11 12 13 14 15 16 17 18 19 20 21 23 24 25 28 30 31 32 33 34 35 36 38
0.867749,0.819894,
2
3890 3891 4149 4607 4720 5505 5982 5988 5994 6531 7332 9014 9922 9961 10813 10830 12342 12343 12695 13022 13457 13490 13890 14472 14876 15751 16371 16446 17202 18239 19333 19369 19890 20211 21174|0 1 2 3 4 5 6 7 8 9 10 11 13 14 15 16 17 18 19 20 21 23 25 26 28 29 30 32 33 34 35 36 38 39
0.576923,0.631043,0.681758,0.846774,0.753314,0.747734,
6
3201 3890 3891 4149 4607 5505 5982 5988 5994 6531 7332 7674 9014 9922 9961 10813 10830 12342 12343 12695 13022 13457 13490 13890 14472 15751 16371 16446 17202 18239 19333 19369 19811 19890 20211 21174|0 1 2 3 4 5 6 7 8 9 10 11 13 14 15 17 18 19 20 21 23 24 25 26 29 30 31 32 34 35 36 38 39
0.576608,0.632184,0.683367,0.683367,0.756098,0.570265,
6
167 194 492 605 763 787 1330 1607 1711 1897 1922 2184 2199 2534 2548 3180 4939 5325 5592 5620 6633 8582 8789 8810 9282 9702 11372 11503 12049 12060 12391 13098 13435 15270 17106 17147 17265 17328 17568 18878 18971 20528 20621 20690|4 8 10 11 12 13 15 16 17 18 19 21 22 23 24 25 26 27 28 29 30 32 34 36 38 40 41
0.783206,
1
3503 3937 4913 5550 7009 7170 7911 8009 8219 9735 9839 10884 11008 11236 11263 12591 13185 13629 14534 14609 14742 16252 16512 16697 16826 17293 18793 19062 19412 19515 19574 20259 20313 20768 20821 20937 21114|2 3 4 5 6 7 8 10 11 12 13 14 15 16 17 18 19 21 22 23 25 26 28 30 31 32 33 34 35 36 39 41
0.468383,0.635309,0.719323,0.713459,
4
3135 3503 3937 4913 5436 5550 7009 7170 7286 7911 8009 8219 9735 10423 10884 11008 11236 11263 12591 13185 13629 14534 14609 14742 16252 16512 16697 16826 17293 19062 19412 19515 19574 20259 20313 20768 20937 21114|0 1 2 3 4 5 6 7 8 10 11 13 14 15 17 18 19 21 22 23 25 26 30 31 32 33 34 35 36 39 41
0.554289,0.603678,0.682825,0.71657,
4
1543 3053 3333 4535 4858 5436 6284 6360 6552 6783 6917 6939 7334 7463 7852 7856 10029 10825 10861 11230 11395 13725 13869 13972 14014 14421 14804 14815 14826 14894 15624 15760 16371 17182 17293 18089 19341 20152 20882|0 3 4 5 6 7 8 10 11 12 13 14 15 16 17 18 19 21 23 25 26 27 30 31 32 33 34 36 39 41
0.637795,0.607895,0.286024,0.607595,0.473684,0.423529,
6
1594 3916 5842 6287 6552 6783 6812 7015 7037 7413 7706 8044 8219 8839 8864 9573 10474 10584 10884 12846 13405 14230 14398 14511 15038 15655 15809 16177 16252 16671 16715 16730 16957 17024 19864 20042 20432 20496 21114 21143 21187 21473 21557|0 1 2 3 4 5 6 8 9 11 12 13 14 15 16 18 19 20 21 28 31 33 34 35 36 39 41
0.478873,0.346811,0.318182,0.315548,0.363924,
5
167 194 240 325 492 763 1330 1607 1711 1897 1922 2184 2199 3180 4939 5325 5424 5592 5620 6633 8582 8789 8810 9282 9702 11503 12049 12060 12391 13098 13435 15270 17106 17147 17265 17328 17568 18878 18971 20528 20690|4 8 10 11 12 13 15 16 17 18 19 20 21 22 23 24 25 26 27 28 29 30 32 34 36 38 40 41
0.779635,
1
525 819 1417 1857 2030 3552 3970 4221 4351 5247 5544 5889 5969 6030 6390 6690 6761 7579 9118 9260 9550 9773 10536 10823 10992 11155 13838 13843 16194 16760 17373 17403 17906 17949 18025 18636 19203 20177 20675 20689 21398|1 2 3 4 6 8 10 11 12 14 15 16 17 19 21 23 24 26 30 31 32 34 35 36 38 39 40 41
0.371381,0.390071,
2
310 525 1417 1634 1857 2030 3281 3552 4057 4221 4783 4811 4920 5627 5825 5889 5969 6030 6390 6761 7579 9118 9550 10378 10536 10722 10823 10992 11155 13843 15784 16194 16760 17373 17403 17949 18636 19203 19644 20135 20177 20675 20689 21398|2 3 6 8 10 11 12 13 14 15 16 17 21 23 25 26 28 29 30 31 32 34 35 39 40 41
0.266667,0.399516,
2
1594 2661 3916 4801 6287 6311 6783 6812 7015 7037 7170 8044 8219 8864 9572 10474 10884 10992 12846 13405 13763 14398 15655 15809 16177 16252 16671 16730 16797 17024 17293 19675 19864 20042 20142 20432 20492 20496 20670 20689 21114 21473 21557 21711|0 1 2 4 5 6 8 11 13 14 15 18 19 20 21 23 25 26 28 30 31 32 34 36 39 41
0.45518,0.350806,0.494785,0.442875,0.43607,0.275344,
6
1594 3916 4079 6287 6348 6783 6812 7015 7037 7170 7706 8044 8219 8864 9744 9815 10526 10884 10992 12846 13763 13972 14398 14511 15655 16252 16671 16730 16797 17006 17024 17293 19675 19864 20042 20432 20496 20670 20689 21114 21473 21557|0 1 2 4 8 10 11 13 14 15 16 17 18 19 20 21 23 26 28 30 31 32 33 34 36 39 41
0.396111,0.317114,0.489362,0.55788,0.491573,0.258303,
6
158 255 605 1046 1330 1711 1741 1770 1876 1922 2927 3284 4098 4513 5066 5586 5813 6932 8255 8545 9915 10060 11503 11629 11635 12251 12391 12429 13435 15270 16009 16034 16295 16365 17106 17535 18202 18401 18848 19012 20864 21083|2 4 8 10 11 12 13 15 17 18 19 20 21 22 23 24 25 26 28 29 30 32 34 36 38 40 41
0.840032,0.733025,
2
3890 3891 4149 4607 4720 5320 5505 5982 5988 5994 6531 7332 9014 9922 9961 10116 10813 10830 13022 13371 13490 13890 14472 14876 15751 16371 16446 17202 19333 19369 19890 20211 21174|0 1 2 3 4 5 6 7 8 9 10 11 13 14 15 16 17 18 20 21 22 23 25 26 28 29 30 32 33 34 35 36 38 39
0.541958,0.624837,0.604167,0.639148,0.746606,0.563758,
6
1237 1543 3053 3333 4149 4351 4535 4835 5264 5436 5825 6041 6552 6783 6917 7323 7334 7346 7463 7852 9832 10825 11155 11395 12425 13663 13972 14352 14826 14894 15624 16371 17293 17672 18025 18026 18089 20152 20882 21939|0 1 2 3 6 7 8 10 11 12 13 14 15 16 17 21 23 24 25 26 27 30 31 32 33 37 39 41
0.283368,0.260959,0.292359,0.286848,
4
2026 3937 5436 5821 6000 6284 6812 6903 6917 7009 7323 7334 7463 7477 7852 7856 8100 8864 9255 9389 10051 10119 10306 10359 11075 11138 11197 11236 11302 12846 13345 13427 13597 15061 15309 15655 16979 19219 21473 21618|0 1 4 5 6 7 8 9 10 11 12 14 15 16 18 21 23 25 26 31 32 33 34 35 36 38 39 41
0.523077,0.475561,0.362025,0.330827,0.314453,
5
3074 3354 3964 4224 4344 4421 5264 5436 5752 6360 6917 6933 7323 7334 7463 7852 8615 8631 9046 9207 9360 9780 11047 11048 13353 13663 14494 14752 15318 16353 16476 16477 16514 16622 19338 20657|0 1 2 4 5 6 7 9 10 12 14 15 16 17 18 19 20 22 23 26 28 29 31 32 33 35 36 37 39 40 41
0.388098,0.388098,0.364616,0.445816,0.383744,0.458547,0.365079,
7
1543 3053 3333 4535 4858 5436 5710 5801 6360 6552 6783 6917 7334 7463 7852 9582 10029 10825 10861 11230 11395 13808 13869 13972 14804 14815 14826 14894 15624 16371 17182 17293 18089 19341 20030 20152 20882|0 1 2 3 4 5 6 8 10 11 13 14 15 16 18 19 21 23 25 26 27 30 31 32 33 34 35 36 39 41
0.663934,0.537572,0.605042,0.278788,0.367322,0.417112,
6
488 605 1374 1668 1711 1904 1922 2450 2594 3044 3211 3751 5592 5839 8255 8434 8789 8947 9883 10579 11447 11503 11756 12150 12213 12391 12447 14322 15270 15707 17106 17535 17568 17818 18006 18183 18361 18390 18848 20864 21182|4 8 10 11 13 15 17 18 19 20 21 22 23 24 25 26 27 28 29 30 32 34 36 38 39 40 41

0
1797 3746 4132 4627 4795 5246 5318 6303 6349 6629 6862 7393 7396 7421 7746 9555 9925 11036 11042 11066 11147 11240 11572 12985 13293 13365 13784 13924 14210 15318 15335 16369 16672 18188 19868 20072 20725 20963 21401 21689 21984|0 2 3 4 5 7 10 11 12 13 14 15 16 19 21 22 23 24 26 27 29 31 32 35 36 39 41
0.409639,0.271069,0.311296,0.267172,0.270727,0.264506,0.250129,
7
191 4263 4341 4495 5901 6890 6948 7041 7616 7680 7705 9484 9617 9839 9990 10206 10659 10995 11216 11261 11663 12309 12775 13344 13585 13725 14261 15696 16039 16380 16470 16643 16833 17105 18640 19868 20000 20101 20991 21295 22245|1 2 4 5 6 8 10 11 12 13 14 15 18 19 21 23 25 26 28 30 31 32 34 36 38 39 41
0.391651,0.403247,0.469058,0.39521,0.417344,0.369231,0.361149,
7
4913 5436 5472 5821 5968 6000 6812 6917 7009 7323 7413 7463 7852 7856 8100 8219 8864 9255 9389 10119 10359 11075 11138 11197 11236 11302 12846 13345 13597 14367 15061 15655 16465 16979 19219 21473 21618 21984|0 2 3 4 5 6 7 8 10 11 12 13 14 15 16 17 18 21 23 25 30 31 32 34 35 36 38 39 41
0.706395,0.469974,0.436828,0.446897,0.50905,
5
158 255 605 1046 1330 1711 1741 1770 1922 2185 2927 4513 5066 5586 5813 6932 7729 8255 8545 9915 9931 10060 11374 11503 11629 11635 12060 12251 12391 12429 13435 15270 16009 16034 16075 16295 17106 17535 18202 18401 18848 19012 20864 21083|2 4 8 10 11 12 13 15 17 18 19 20 21 22 23 25 26 28 30 32 34 36 38 40 41
0.627562,0.739875,
2
191 528 2303 4263 4341 4495 5141 5901 6349 6890 6948 7616 7705 9484 9617 9990 10206 10659 10778 10974 11053 11216 12309 13434 13435 13585 13725 13943 14261 14301 14602 16034 16380 16470 16643 16684 16833 17025 17105 18640 20000 20101 20991 21295|1 4 10 11 12 13 15 17 18 19 20 21 22 23 25 26 28 30 31 32 34 36 38 39 41
0.401258,0.269637,0.331844,0.332268,0.494203,0.311011,0.340599,
7
1594 3916 4405 6077 6287 6783 6812 7015 7037 7041 7170 7680 8044 8219 8864 9461 9573 9744 10526 10884 10992 11663 12846 14398 15655 16252 16671 16730 16797 17293 19864 20042 20432 20496 20670 20689 21114 21473 21557|0 2 3 4 5 8 10 11 13 14 15 16 17 18 19 20 21 23 25 26 28 31 32 33 34 36 39 41
0.383333,0.308815,0.430981,0.551724,0.636792,
5
3053 3333 4535 4858 6123 6552 6783 6939 7449 8030 10029 10655 10825 10861 11395 13725 13869 13972 14014 14421 14480 14804 14815 14826 14876 14894 16371 16626 17024 17182 17293 18089 19341 20152 20560 20882|0 2 3 4 5 6 8 10 11 12 13 14 15 16 17 18 19 21 23 26 27 28 30 31 32 34 36 38 39 41
0.359116,0.467532,0.47093,0.366422,0.478723,
5
191 2303 4263 4341 4811 5375 6890 7041 7616 7705 7711 8559 9484 9617 9990 10659 10778 11053 11216 11261 12309 12775 13585 14201 15696 16039 16380 16470 16643 18640 19135 19868 20000 20070 20101 20495 21295 22245|0 1 4 6 8 10 11 12 13 14 15 16 18 19 21 23 26 27 28 29 30 32 34 36 38 39 41
0.400129,0.258718,0.47076,0.330719,0.328982,0.440529,0.337282,
7
3074 3964 4224 4344 4421 5264 5436 5715 5752 6222 6360 6398 6859 6917 6933 7323 7334 7463 7852 8615 9207 9360 9780 11011 13663 15229 16476 16477 18993 19338 20657 21428|0 1 4 5 6 7 8 10 11 12 13 14 15 16 18 19 20 21 22 23 25 26 28 29 30 31 32 34 36 39 40 41
0.379267,0.693069,0.692181,0.671074,0.613139,0.684211,0.664323,
7
3074 3964 4224 4344 4421 5264 5436 5715 6222 6360 6390 6859 6917 6933 7323 7334 7463 7852 8615 9046 9207 9360 9780 13663 14816 15229 15402 16476 16477 19338 20657 21428|1 3 4 5 6 7 8 10 11 12 13 14 15 16 17 18 19 20 21 22 23 25 26 28 29 30 31 32 36 39 40 41
0.379267,0.693069,0.652733,0.596215,0.778872,0.648323,0.622222,
7
3074 3964 4224 4344 4421 5264 5436 5752 6222 6360 6398 6859 6917 6933 7323 7334 7463 7674 7852 8615 9046 9207 9360 9780 11011 13663 14816 15402 16476 16477 19338 20657 21268 21428|1 2 4 5 6 7 8 10 11 12 13 14 15 16 18 19 20 21 22 23 25 26 28 30 31 32 34 36 39 41
0.363464,0.699086,0.660163,0.717949,0.656879,0.655113,0.670213,
7
4913 5429 5821 5968 6000 6284 6812 6903 7009 8100 8219 8864 9255 9389 10051 10119 10359 10378 11075 11138 11197 11236 11302 12846 13597 14740 15004 15061 15309 15655 15755 16465 16979 21473 21618 21863|3 4 5 6 8 10 11 12 13 14 15 16 17 18 19 21 23 25 26 28 30 31 32 34 36 38 39 41
0.518395,0.356608,0.438005,0.42532,0.457666,
5
3074 3964 4224 4344 4421 5264 5436 5752 6222 6360 6859 6917 6933 7323 7334 7463 7852 8615 9046 9207 9360 9780 11011 13353 13663 16476 16477 19338 20657 20786 21268 21428|0 1 2 4 5 6 7 8 10 11 12 13 14 15 16 17 18 20 21 22 23 26 28 29 30 31 32 34 36 39 41
0.438596,0.6733,0.598575,0.713073,0.595588,0.711172,0.729302,
7
1594 3626 3916 4405 6287 6783 6812 7015 7037 7041 8044 8219 8864 9744 10526 10884 11663 12846 14398 15655 16252 16671 16730 16797 17024 19864 20042 20432 20492 20496 21114 21473 21557|0 2 3 4 5 8 10 11 12 13 14 15 16 17 18 19 20 21 23 25 26 28 30 31 32 34 35 36 39 41
0.256203,0.343489,0.411168,0.471698,0.625,0.256757,
6
3053 3333 4535 4709 4858 6552 6783 8030 10029 10106 10616 10825 10861 11230 11395 13096 13855 13869 13900 13972 14352 14804 14815 14826 14894 16371 17024 17182 17293 18089 19341 20152 20882|0 1 2 3 4 6 7 10 11 12 13 14 15 16 17 18 19 21 23 25 26 27 28 30 31 32 34 36 39 41
0.401664,0.41744,0.418605,0.412698,0.475687,
5
901 1118 3204 5241 5450 6010 6368 6462 6579 7157 7428 8081 9605 9931 10079 10384 10451 10896 13350 13584 13680 13953 14911 15171 15241 15734 15748 15859 15871 15941 16100 16230 16462 19204 19823 19841 19989 20180 20345 20560 21352 21711 21838|1 4 5 10 11 13 15 17 18 19 21 23 25 26 28 30 32 33 34 36 38 39 41
0.388889,0.370096,0.349345,0.278729,
4
3883 4913 5472 5614 5647 5821 5947 5968 6000 6812 7009 8100 8219 8864 9255 9389 10119 10306 10359 11075 11138 11197 11236 11302 12846 13597 15061 15655 15755 16979 19219 19723 21473 21618|0 2 3 4 5 7 8 11 12 13 15 16 18 19 21 23 26 27 28 30 31 32 33 34 35 36 38 39 41
0.330636,0.320388,0.440816,0.419355,0.710526,
5
901 1118 3204 4811 5450 5483 5769 6010 6368 6579 6948 7157 7428 8081 9605 10079 10378 10451 10722 13350 13584 13746 14911 15171 15734 15859 15871 15941 16136 16230 16465 19382 19841 20089 20135 20345 20560 21352 21400 21711 21838|2 4 5 8 10 11 12 13 14 15 18 19 21 23 25 26 28 30 32 33 34 36 39 41
0.383299,0.801572,0.801572,
3
167 240 324 356 404 867 925 1578 1698 1844 1897 1922 2184 3163 3284 4440 4646 6971 8174 8810 8876 9143 11372 11503 12340 12391 12447 12452 13301 13429 14492 14964 17106 17231 17265 17640 18390 18812 19718|4 7 11 12 13 15 17 18 19 20 21 22 23 24 26 27 28 29 30 32 34 37 38 40 41

0
52 108 115 244 290 336 460 560 576 784 956 1019 1077 6084 7303 8189 8350 8627 10516 10761 11120 11343 11356 11369 11424 11669 11775 12253 12370 12462 12595 12727 12736 12757 12857 12962 12967 13649 13772 17171 20968 22240|4 8 10 11 12 13 15 17 18 19 21 22 23 25 26 28 30 32 34 36 38 39 41
0.75976,0.373233,
2
191 466 2303 4263 4341 4495 5901 6890 7041 7616 7680 7705 7711 9484 9617 9990 10659 10778 11216 11261 11663 12309 13585 13725 14201 14480 15362 16380 16470 16643 16833 18640 20000 20101 20495 21295 22245|0 1 2 4 6 8 10 11 13 14 15 16 18 21 22 23 26 28 30 31 32 34 36 38 39 41
0.467742,0.320988,0.472834,0.388336,0.44,0.462133,0.429238,
7
3074 3217 3964 4224 4344 4421 5264 5436 6222 6360 6859 6917 6933 7323 7334 7463 7852 8615 9046 9207 9360 9780 13663 14816 15402 16476 16477 18993 19338 20657 21428|1 2 3 4 5 6 7 8 10 11 12 13 14 15 16 17 19 20 21 22 23 25 26 28 29 30 31 36 39 40 41
0.375,0.613636,0.77957,0.649254,0.593648,0.684832,0.658228,
7
191 1120 2303 4263 4341 4495 4618 5901 6094 6434 6890 7616 7705 8559 9484 9617 9990 10206 10659 11216 11261 11835 12309 13344 13585 13725 14261 14480 15531 16380 16470 16643 16833 18640 20000 20070 21295 21459|1 4 5 6 8 11 12 14 15 16 18 19 20 21 22 23 26 28 30 32 34 36 38 39 41
0.398658,0.326019,0.337333,0.392806,0.393939,0.323529,0.486885,
7
191 2303 3299 4263 4341 4495 5141 6890 6948 7616 7705 9484 9617 9990 10206 10659 10778 10974 11128 11216 11261 12309 13344 13435 13585 13725 14261 15362 16034 16380 16470 16643 17105 18640 20000 20495 21295 22245|1 4 8 10 11 13 14 15 18 19 20 21 22 23 24 26 28 30 31 32 34 36 38 39 41
0.420478,0.48784,0.335106,0.444611,0.393939,0.323529,0.407722,
7
191 2303 4263 4495 6844 7616 7668 7680 7705 7711 9484 9617 9990 10206 10659 10778 11216 11261 11663 12309 13585 13725 14201 16039 16380 16470 17025 18640 19135 20000 20070 20101 21295|0 1 4 6 8 9 10 11 12 13 14 15 16 17 18 19 21 23 26 28 30 31 32 34 35 36 38 41
0.357513,0.290964,0.431655,0.450301,0.308824,0.308824,0.337719,
7
325 2327 2386 3135 4063 4939 5336 5460 6039 6579 6948 7666 8201 9702 10638 11218 12049 13097 13098 13535 13914 13919 14695 14703 14720 15387 15508 16029 17013 17075 17147 19368 19820 20283 20528 20588 20621 20637 20690 21200 21211|0 4 5 8 10 11 15 16 18 19 21 23 25 26 28 30 31 32 34 36 39 41
0.296425,
1
3883 5472 5821 5947 5968 6000 6812 7009 8100 8219 8864 9255 9389 10119 10359 11075 11138 11197 11236 11302 12846 13597 15061 15655 16465 16979 19219 19723 20042 21473 21618|0 2 3 4 5 7 8 11 12 13 16 17 18 19 21 23 25 26 27 28 30 31 32 34 35 36 38 39 41
0.35061,0.298886,0.498523,0.447094,0.706679,
5
3074 3964 4224 4344 4421 5264 5436 5752 6222 6360 6859 6917 6933 7323 7334 7463 7852 8615 9046 9207 9360 9780 13663 15516 16476 16477 19338 20657|0 1 2 4 5 6 7 8 10 11 12 13 14 15 16 17 19 20 21 22 23 25 26 28 29 30 32 34 36 39 40 41
0.439522,0.679443,0.641702,0.640678,0.702873,0.678058,0.651769,
7
1032 1052 1237 1379 1534 3799 4108 4109 4370 4481 4768 5003 5668 5688 6029 6281 7852 9051 10042 10298 11048 11054 11283 12899 14143 14549 15578 15735 15771 15800 15861 15929 16200 16353 16545 16622 16742 19493 19676 21939|1 6 7 10 12 13 14 15 16 17 20 23 25 26 29 30 32 33 34 37 39 40
0.600592,
1
3074 3964 4224 4344 4421 5264 5436 6222 6360 6398 6859 6917 6933 7323 7334 7463 7852 8615 9207 9360 9780 13663 16476 16477 19338 20657 20786 21268 21428|0 1 2 3 4 5 6 7 8 10 11 12 13 14 15 16 20 21 22 23 25 26 28 29 30 31 32 36 39 41
0.354558,0.663158,0.622222,0.661417,0.725926,0.657633,0.657895,
7
1268 2695 5629 5732 5806 5844 6045 7472 7484 7501 7788 7834 10958 10990 13186 13556 13799 15524 15584 15658 15814 15872 15959 16061 16108 16829 18827 19124 19372 19421 19587 20100 20307 20691 20828 22188|0 4 10 11 12 15 19 20 21 24 25 26 27 29 30 32 33 34 35 36 38 39 40 41

0
191 4263 4341 4495 5141 5901 6890 7616 7668 7705 8559 9484 9617 9990 10659 10974 11216 11261 11835 12309 13585 13725 16380 16403 16470 16643 16833 18640 20000 20070 20536 21295 21765|0 1 2 4 5 8 10 11 13 14 15 16 18 19 20 21 22 23 26 28 30 32 34 36 38 41
0.355556,0.324254,0.33518,0.42527,0.476726,0.398792,0.34375,
7
901 1118 4811 5450 5769 6368 6579 6948 7157 7428 9605 10079 10378 10451 10722 13350 13584 13746 14911 15171 15734 15859 15871 15941 16136 16230 16465 19841 20345 20560 21352 21400 21711 21838|0 2 4 5 8 10 11 12 13 14 15 18 19 21 23 25 26 28 30 32 33 34 36 39 41
0.353607,0.796098,0.732452,
3
901 3204 4811 5450 5769 6010 6368 6579 6948 7428 8081 9605 10079 10378 10451 10722 13350 13584 13746 15171 15859 15871 15941 16136 16230 16465 19841 20135 20345 20560 21352 21400 21711 21838|2 4 5 6 8 10 11 12 13 14 15 18 19 21 23 25 26 28 30 32 33 34 36 39 41
0.333565,0.796098,0.732452,
3
1594 3626 4801 6287 6783 6812 6907 7706 8044 10526 10992 11225 11288 13134 13771 13972 14191 14201 14398 15153 15655 15913 16159 16177 16252 16671 16730 16797 17024 19864 20042 20142 20492 20496 20670 21557|4 5 6 8 13 14 15 16 17 18 19 20 23 26 28 30 31 32 34 36 39 40 41
0.278481,0.265152,0.279216,
3
161 234 335 386 491 585 609 778 1035 1336 1776 2806 3994 4551 4835 5840 7242 8572 8649 8960 10113 10457 10509 11449 11670 12268 12420 13125 14127 15078 15208 16783 17295 17533 17830 20412|0 1 2 3 4 5 6 7 9 10 11 13 14 16 17 18 31 33 35 36 38 39 41

0
52 108 115 244 336 460 576 784 956 1019 1077 6084 7303 8189 11343 11356 11369 11424 11669 11775 12253 12370 12462 12595 12727 12736 12757 12857 12962 12967 13772 20968 22240|2 4 8 10 11 12 13 15 17 18 19 21 22 23 25 26 28 30 32 34 36 38 39 41
0.752976,0.48046,0.25974,
3
1032 1237 1638 1847 2523 2822 3354 3994 4108 4109 5003 6749 7242 7883 11047 11048 11054 12899 14044 14143 14491 14549 14587 15735 15771 15800 15861 15929 16441 16545 16622 16645 16742 16844 19082 19676|0 1 2 5 6 7 9 10 12 14 15 16 18 19 26 30 33 34 35 36 39 41

0
2405 2919 3242 3930 4464 5035 5070 5293 5523 5736 5947 6423 6535 6724 7157 7381 7512 7713 10225 10282 10466 13179 13670 14761 14819 15915 16005 16480 16936 18450 18896 19300 19572 20257 21260 21392|1 4 6 8 11 12 13 15 18 19 20 22 23 25 26 29 30 32 34 36 39 41
0.375681,
1
1032 1237 1379 1534 2822 3799 4108 4109 4370 4481 5003 5688 6029 6281 10042 10298 11048 11054 11283 12899 14143 14549 15771 15800 15929 16545 16622 16645 16742 19493 19676|1 5 6 7 10 12 13 14 15 16 17 19 20 22 23 25 26 29 30 32 33 34 39 40
0.582775,
1
730 2405 3242 5035 5070 5293 5736 5947 6535 6724 7157 7381 7512 7713 13561 13584 13670 15058 15986 16005 16480 16936 18450 19300 19572 20257 20742 20839 21260 21392|1 2 4 5 6 8 10 11 12 13 15 17 19 21 23 24 25 26 30 32 34 36 39 41
0.359375,
1
637 1172 2415 2481 3450 3676 3785 4795 5345 6411 7449 7706 8972 9394 9874 10986 13090 13210 13353 13699 14201 14480 15087 15376 16470 16626 16672 18634 20421 20946|0 2 3 4 5 6 8 9 11 12 14 15 16 18 19 25 26 31 33 35 38 39 41

0
571 867 979 1684 2037 3678 4440 4770 5002 5315 5448 6410 6610 6971 7034 7157 7539 10869 12917 13725 14492 14944 15387 15508 15709 16087 20208 22036|4 7 8 9 10 11 12 13 14 15 17 18 19 20 26 28 30 32 34 36 38 39 41
0.4561,
1
1764 1765 1811 2058 2164 2627 3263 3499 3798 4434 5137 7993 8686 8797 8816 10462 11258 12458 13678 15967 16910 19005 19216 19854 19894|0 2 4 5 6 8 9 10 12 13 14 15 16 19 21 23 25 28 29 30 31 34 38 39 41

0
571 979 2037 3678 4440 4770 5448 6410 6411 6610 6971 7034 7157 10869 13725 14492 14944 15387 15507 15700 15709 16087 16721 16936 18672 19864 20208|2 4 5 7 8 9 10 11 12 14 15 17 18 19 21 26 30 32 34 36 38 39 41
0.454545,
1
4151 4263 4356 4513 4986 5082 5429 5727 6182 6419 6537 6932 7336 7518 8025 8545 8917 9568 9673 10377 10602 13169 13295 15229 15309 16083 16249 16253 16295 16343 16356 16444 16807 16877 19855 19931 20272 20735 20762 21471 21863|2 4 5 6 10 11 14 17 19 21 23 25 27 30 41

0
1683 3225 3226 3231 4377 4542 4711 4768 4783 4828 5449 5825 6029 6541 6645 8102 9032 9033 9578 9832 10107 10815 10945 11155 11528 16200 17709 19987 22231|10 11 12 13 14 16 17 20 22 23 25 26 29 30 32 33 36 39 40 41

0
1282 3226 4768 4783 4835 4864 5153 5668 5840 7852 8103 9151 9162 9360 9864 10107 13355 13465 13668 13718 15151 15404 17644 18020 18041 18771 20412 20772 21426|0 1 3 4 6 7 10 11 14 15 16 21 23 25 29 30 31 32 39 41

0
1485 3135 5325 6039 6948 9484 9664 13098 13914 13919 14720 15199 15387 16029 16721 18971 19262 19368 19820 20283 20528 20588 20621 20637 20690|0 2 4 8 10 11 14 15 16 17 18 19 21 23 26 28 30 31 32 34 36 39 41
0.282627,
1
901 5241 5450 6462 6579 7313 7428 9605 13350 13584 13680 15004 15241 15734 15859 15871 15941 16100 16465 18990 19363 19811 20345 21352 21711|1 2 4 5 7 10 11 15 17 18 19 21 23 24 27 28 30 32 33 35 36 39 41
0.259681,
1
187 1128 2360 3217 3418 3941 4029 4372 4569 5812 8771 9874 10604 10838 12520 13001 13090 13699 13999 14341 17448 18326 18464 19220 19299 19305 21241 22091|0 1 2 3 5 6 8 9 11 14 15 16 22 31 32 33 35 36 38 39

0
4210 4513 4948 5429 5813 6182 6932 7095 7334 7544 8545 13169 13906 15309 15514 15748 16034 16295 16343 16356 16815 16877 20014 21863|2 4 10 11 12 13 14 15 16 17 18 20 21 23 24 25 26 30 31 32 34 39 41

0
994 995 1016 3439 3440 4141 4965 5294 5295 5668 5988 6239 8375 9988 10042 10952 11083 13457 13621 14805 15037 16648 16926 19643 19676|0 1 3 7 8 13 14 15 16 17 20 21 23 25 28 30 32 33 36 38 39 41
0.35,
1
1379 3225 3226 4711 4768 4783 5632 5825 6303 6318 8103 9832 10107 10444 10880 10981 11155 12331 15615 15993 18026 19277 19281 19373 19948 20798|1 3 7 8 10 11 12 13 14 16 17 18 21 23 26 29 30 31 32 39 41
0.3298,
1
1032 3949 5111 5280 5728 7139 7356 8431 9864 10224 10839 11048 11054 11298 12420 13096 13737 13855 14264 14549 15404 15578 15771 16645 16742 16844 17711 19082 19154 19241|0 2 3 5 6 7 8 9 10 12 14 16 17 18 19 23 39 41
0.273794,
1
1379 3225 3226 3657 4711 4768 4783 4835 5632 5825 6303 6318 7263 8103 9118 9832 10107 10444 10462 11155 12331 12582 13465 15615 16807 18026 19277 19281 19725 19876 19894|3 6 7 8 10 11 13 14 15 16 17 18 21 23 25 29 41
0.35443,0.339478,
2
1353 2450 3016 3211 3638 5548 5592 5982 6047 6766 8493 8951 8952 9092 10189 11711 11938 12932 13431 16245 17568 17818 19097 19149 21182|3 4 8 9 10 11 13 15 17 18 20 21 22 24 28 30 32 34 36 38 39

0
992 2520 4910 5253 5544 6434 6664 6806 7094 7620 7891 8751 9000 9535 10971 11476 12052 12448 12453 12716 13668 13838 14432 14491 15318 16862 17050 19898 20007 20263 20417 20648|2 5 6 8 9 13 14 16 18 19 23 25 32 39 40 41

0
115 244 460 1019 1077 4418 6084 7303 11356 11369 11669 12253 12370 12462 12595 12727 12736 12757 12857 12962 13772 20968 22240|2 4 6 7 8 10 11 12 15 16 17 18 19 21 22 23 25 32 34 36 39 41
0.348592,0.465479,0.319236,
3
4821 7742 8102 8499 9578 10815 10945 11461 11528 12449 12621 12990 13423 13627 13758 13957 14207 14927 15076 15983 16445 16877 18558 22231|3 4 7 10 11 12 15 16 18 19 21 23 24 25 28 30 32 34 36 39 41

0
3226 4497 4768 4917 4948 5206 5248 5388 5668 5755 6318 7544 9806 9881 10107 12249 12582 13345 13465 13895 19794 20412 21060 21654|3 7 8 10 11 14 15 16 19 20 21 22 23 25 28 30 32 38 39 40 41
0.338645,
1
12 4497 4768 4917 4948 5206 5248 5388 5964 7192 7854 9806 9832 9881 9988 12249 12582 13345 13895 15540 19794 20412 20713 21055 21060 21654|7 8 10 11 13 14 17 19 20 21 22 23 25 28 30 32 34 38
0.354167,
1
4513 4948 5813 6182 6907 6932 7544 8545 9915 10542 10728 12965 13771 15309 16075 16295 16343 16482 16815 16877 19186 20272 21863|0 2 4 10 11 12 13 14 15 17 18 21 23 26 27 28 32 34 35 41
0.253659,
1
244 460 6084 7303 11369 11669 12727 12736 12857 12962 12993 13772 14312 20968 22220 22222 22223 22240 22267 22268 22275|2 4 8 10 11 12 15 17 18 19 21 23 25 26 30 32 34 35 36 39 41
0.262892,0.320109,
2
1032 8866 9864 10839 11047 11048 11054 14044 14210 14549 15404 15578 15771 16523 16645 16742 16844 17711 18456 19154|0 1 2 5 7 8 9 12 14 16 17 18 19 22 23 26 27 29 32 39 40 41

0
1884 3941 3965 4372 4569 5417 5812 6716 7760 8619 8887 9874 10604 13699 13999 16672 18326 19220 19299 19305 19671 19997|0 2 3 4 5 8 13 15 18 19 27 28 30 32 33 34 35 36 38 41

0
887 1022 2060 3657 3780 3900 4230 5409 5673 5874 5906 6394 7222 12582 13621 13961 14699 14993 15038 15465 16768 19711 19894 22051|0 3 4 6 7 11 13 14 15 16 21 25 26 27 30 31 32 36

0
1032 1420 4793 5646 8631 8827 11047 11048 11283 11476 14044 14052 14210 14491 14494 14752 15318 16391 16763 16844 20290 20648 21011 21031|10 12 13 14 17 19 22 23 25 26 27 29 32 37 38 39 40 41

0
1128 1613 3941 3965 4372 4569 5039 5217 5917 7760 9394 9874 13699 13831 15974 18464 19220 19305 19855 19997 21231|0 4 8 11 12 13 15 18 20 22 26 27 29 30 31 32 34 36 38 41

0
3225 3226 4230 4768 4948 5668 5813 5825 6754 7343 7742 9832 10107 10444 11155 13209 13721 14352 16034 19411 19657|0 5 7 8 10 11 12 13 14 15 16 20 21 23 25 28 32 38 39 41

0
3251 3657 5409 5874 7222 10042 10838 11083 14304 16110 16280 16768 18374 19216 19463 19711 19894 21530 21643|0 3 5 6 7 8 9 10 12 13 14 15 17 19 20 25 26 28 29 35 36 38

0
1016 2378 3439 3440 4141 4965 6239 8375 10042 10628 10952 10953 11083 13621 14805 15394 16640 16648 19676|0 3 7 8 12 13 14 15 16 18 19 21 23 25 28 29 30 33 36 38 39 41
0.33871,
1
3794 3936 4465 5644 5678 6617 6619 6662 6840 8013 9709 11307 12189 13085 13090 15423 15783 15809 16177 17092 18503 18658|2 4 5 7 8 10 11 12 14 15 26 30 31 35 36 38 39 41

0
2661 6102 7413 8044 8631 10992 11048 11476 11976 13053 13771 14044 14052 14210 14381 14494 14549 14587 14752 15038 15655 16391 16797 20588 21011 21031|4 5 7 12 17 18 19 20 22 27 29 32 39 40 41

0
1962 2744 3192 5688 5811 7356 9046 10805 10839 11047 11048 14549 15578 15771 16356 16645 16742 16844 19154 20106 20382|4 5 6 8 10 12 16 17 18 19 20 22 23 26 32 37 39 41

0
2520 5544 5755 6806 7891 8039 8998 11476 12052 12448 13668 13838 14881 15954 16188 16862 18420 19139 19472 19898 20122 20333|0 1 2 5 8 13 16 18 24 25 26 31 32 36 39 40 41

0
2713 3936 4420 4726 5618 6840 6933 9088 9250 10595 12189 12831 13405 13883 15704 16224 16788 17092 18503 18658 20549 21629 21864|0 1 2 4 5 8 10 11 12 14 17 22 26 29 39 41

0
2292 2639 3794 4465 5253 5644 5678 5791 6619 6662 6663 9709 9880 10301 13090 16073 16177 16375 16595 17092 18503 18658 19472|4 5 6 7 10 14 18 21 23 28 30 32 34 35 38 39

0
5446 6097 6711 6789 7107 7687 7762 8326 9083 9566 10255 10275 10364 10629 13803 14499 14769 15736 16122 18918 19255 19280 19710 19872 19900 20100 20260 21288|4 8 11 15 19 20 22 23 25 26 30 34 39

0
3225 5972 8102 10492 10815 11461 11528 12449 12621 12990 13627 13678 14207 14927 14971 15087 15983 16073 20049|0 4 6 7 8 11 14 15 16 19 21 23 28 32 33 34 36 39 41

0
5307 5694 7644 7741 7749 10142 14090 14440 14552 14777 14972 15000 15349 15558 15893 17043 18755 20083 20159|0 4 5 6 7 8 9 11 13 15 16 18 21 28 32 33 34 39 41
0.63109,
1
3225 3226 3657 4768 4783 5632 6303 6318 9118 10107 10444 12582 13465 15615 19277 19876 19894 19948 21561|0 3 7 8 10 11 13 14 15 17 18 21 25 27 30 32 38 39 41
0.303989,
1
5694 7644 7741 7749 10142 14031 14090 14440 14777 14972 15000 15349 15558 17043 18755 19715 20083 20159|4 5 6 7 8 9 11 12 13 15 16 18 21 28 32 34 36 39 41
0.628176,
1
2235 4863 4864 5153 5840 8563 9360 9864 13626 13668 13878 15151 17644 18964 19082 19643 20562 21426|1 4 10 16 18 19 20 21 22 23 25 30 31 32 33 35 36 38

0
8631 8866 11046 11047 11048 14044 14052 14210 14494 14549 14752 15318 16391 16523 21011 21031|0 2 4 5 7 9 10 12 16 17 18 19 27 29 32 40 41

0
4108 4109 5003 5251 5764 5988 6030 9339 9340 10042 11083 13457 13839 14805 15037|0 1 2 3 4 7 8 9 11 13 16 20 21 24 30 32 36 40

0
354 1282 3844 5272 6031 6762 6823 8640 9247 9396 10064 11929 12814 13874 13898 14085 14833 17063 18707 20728 21045 21346 21623 21841|0 6 7 10 14 21 23 25 28 30 34

0
586 964 1135 1228 2181 3040 5778 6078 8547 12200 12859 13277 13362 14430 17259 17755 17782 18344 18680 19288 21106 21257|1 10 11 18 25 26 27 29 36 38 41

0
84 86 137 151 1869 2424 2771 3116 3231 3260 3319 3711 4839 5382 6477 11484 11585 14406 18131 18134 20834 21130|8 11 13 20 23 24 28 29 32 39 41

0
658 1480 1587 1693 2595 2902 3615 5357 5959 6392 9030 9301 13157 13911 14946 16383 17737 19166 20104 21608|1 4 11 13 19 21 27 32 35 36 38 41

0
395 1157 1606 3333 4271 4500 5475 5632 6798 6980 9244 9989 10064 11933 13285 13426 14684 15333 15481 15594 16119 16841 16964 17360 18025 18132 19211 19322 19343 19367|5 11 16 19 21 24 26 40

0
334 973 2179 2943 3406 3656 3926 4861 5178 5560 6195 6887 7940 8044 8954 9005 10314 12131 12266 13576 14528 14747 14902 15798 17046 17866 20176 21278 21520 21913|4 10 11 13 15 28 36 40

0
3287 3398 4008 4420 5129 5618 6617 7691 8567 9250 12831 14424 15704 16297 16803 19436 20202|0 2 4 5 6 8 9 10 11 14 19 36 39 41

0
506 1425 2202 7175 8796 9361 10097 10595 11004 11480 12348 12662 13162 13309 13547 21324 21745 21888|17 20 21 23 24 26 28 29 30 37 38 40 41

0
3989 4374 5248 5318 6420 6845 7847 9899 10654 10898 11260 12604 15322 17274 18813 19238 19788 20703 21178|0 8 11 13 14 18 20 22 25 35 39 41

0
414 854 1186 2746 4691 5436 7321 8410 10619 11245 11712 13926 17256 17346 17617 18085 18553 20862|0 2 5 8 15 18 21 25 30 35 36 41

0
157 1901 2800 4256 6444 7235 11373 11554 12433 12548 15331 15995 18409 19494 20746 20936 21117 21541|3 6 8 15 20 21 23 26 36 38 40 41

0
233 2288 2702 2760 4273 6750 9526 10727 12601 12857 16676 16756 18592 20348 21229 21766|4 11 12 16 18 19 21 25 27 29 34 35 41

0
1089 3920 4892 6116 7206 7298 7764 8033 12683 12977 13404 14313 15609 16126 16580 17216 17621 17833 18745 19260 20644 21431 21546|4 8 11 14 18 21 26 29 41

0
14 5219 6580 6674 7935 12114 12442 12947 13717 14488 15155 15844 17446 17482 17623 19070 19083 19225 20296 21770|1 5 8 15 21 26 28 30 34 41

0
1052 5601 5967 6484 7142 7143 8285 10711 12005 12364 14396 15431 15857 15883 16992 19735 20061 20575 20657 21252|2 4 6 8 11 12 17 18 22 24

0
14 359 486 725 2688 3894 4114 4818 5096 7036 7941 8629 9141 10098 16315 19083 20208 20454|5 6 11 15 18 20 23 28 29 30 31

0
3599 3942 4308 4988 8763 9105 11075 11215 14196 14432 14506 15527 15945 16174 16844 19777 19841 22184|1 6 11 12 14 16 23 25 26 39 41

0
1003 2295 5959 7043 7633 7890 11199 13224 13952 15790 17848 18673 19834 20175 20677|3 4 8 13 14 16 18 19 26 28 39 41

0
568 993 1266 1608 2199 3774 4147 4148 4996 8682 9745 10030 10975 11384 15619 16971|2 13 20 23 25 27 33 35 36 37 39

0
264 647 1581 2889 3566 4113 10172 10680 16063 17453 17824 18074 19923 20110 20964 22108|5 8 15 17 18 21 22 25 32 37 39

0
1518 3306 6901 7903 9281 9628 10432 11773 12700 13249 15712 16488 16846 17700 18288 18344 19916 20462 21714|4 8 16 20 21 23 32 40 41

0
337 1431 2105 4577 6865 7895 8847 9198 11574 15283 17854 20123 20715 22077|0 4 10 11 15 17 19 23 25 38 40 41

0
213 2180 2577 2751 4617 7578 10030 11290 11353 12903 13122 15480 17775 21980|0 1 2 11 12 15 17 25 27 30 32 40

0
7071 7251 8770 8771 9537 9566 10094 10319 10778 12525 13140 15457 17576 18784 19492|2 6 8 11 15 18 19 20 36 38 41

0
4114 6631 10235 10380 11261 11861 15557 16860 17809 17959 18467 19091 20279|0 7 9 10 11 15 22 31 33 38 39 41

0
3297 3524 4724 6250 6888 7758 7928 12965 13211 13913 14531 15941 17708 19380|3 5 11 15 16 17 19 25 36 37 40

0
233 1869 1907 1976 3333 4225 6150 7584 11173 11389 11587 11589 12777 22195|0 1 6 10 11 15 17 21 34 38 41

0
1289 1940 3317 3800 4515 8579 9231 11582 12104 14146 20312 21094 21865 21923|10 15 19 21 30 31 32 33 38 40 41

0
566 583 5401 9311 15691 20485 21637 21841|0 2 3 5 6 7 9 15 16 18 19 21 23 25 29 32 35 39 41

0
6087 6973 10801 14270 14528 15261 15990 16163 16461 19117 19122 20554|1 7 8 12 21 26 27 31 32 38 39 40

0
483 1265 7014 7035 7598 9209 10184 11352 12002 13658 13978 19387|14 18 19 21 25 27 28 32 33 36 40 41

0
1641 1660 4834 5578 6679 9058 9472 9917 15333 15340 16097 16954 17809 21151|0 6 8 22 26 28 29 31 38 39

0
969 3236 4926 10038 10583 11886 12963 16379 18657 20441 21129 21883|6 7 14 15 17 19 28 29 31 36 41

0
5790 7925 8023 11227 11267 12976 13138 13342 15312 15588 15616 17630|9 11 15 18 21 23 24 25 32 40 41

0
3450 3785 15788|0 1 2 3 4 5 6 7 8 9 10 11 12 13 14 15 16 17 18 19 20 21 22 23 24 25 26 27 28 29 30 31 32 33 34 35 36 37 38 39 40 41

0
4586 5676 7201 11443 13241 15144 17109 17761 18512 19527 20957|2 3 5 8 12 14 15 16 22 26 38

0
1220 1357 4732 5590 11611 17274 18216 19088 19825 19987 21049|4 7 10 11 12 15 20 23 25 32 37

0
3979 7662 7818 7909 9953 10697 15330 17128 20168 20171 21574|2 5 6 10 11 18 22 24 26 36 41

0
906 10284 10537 11351 12512 12959 14148 14208 14933 15752 15828 18090 20979|1 5 10 11 25 26 32 34 40

0
9555 11240 13924|0 1 2 3 4 5 6 7 8 9 10 11 12 13 14 15 16 18 19 20 21 22 23 24 25 26 29 30 31 32 33 34 35 36 38 39 40 41

0
1660 2342 3382 8515 10949 11683 12169 12410 17905 19098|5 8 9 12 13 14 24 33 35 37 40

0
3801 4233 5883 6968 9241 10367 11645 15761 17480 18939 20038|0 2 11 13 15 23 26 28 30 33

0
3176 3813 9524 10567 12237 15285 15688 19561|1 3 4 6 11 16 17 19 27 29 36 40

0
4449 12442 18914|0 3 4 5 6 11 12 13 14 15 16 17 19 22 24 28 30 35 38 39 40 41

0
12574 13266 22158|0 1 4 5 8 10 11 12 13 14 16 17 19 21 22 23 29 32 36 39 40

0
1058 4543 16270|2 5 7 8 9 12 13 17 19 21 23 24 25 26 30 32 33 37 38 39 41

0
8975 15661 16306|0 4 5 6 7 8 10 11 12 19 21 22 24 26 28 30 31 32 34 39

0
11209 13830 14357|0 1 3 11 12 13 15 17 20 25 26 28 30 32 34 35 36 37 41

0
12388 14451 21661|0 4 7 8 10 11 12 13 18 19 21 26 27 28 32 33 36 39 41

0
1316 4911 5201|1 4 10 11 12 14 15 18 20 24 26 27 28 31 36 39 40 41

0
10659 16380 20000|2 6 8 11 12 14 17 18 19 24 29 30 32 34 39 41

0
11021 18953 20456|3 4 5 9 11 14 18 23 26 28 29 30 32 34 41

0
6490 7252 12597|1 3 5 8 13 20 21 23 24 25 28 29 31 38 39

0
3655 13859 16680|3 4 5 7 8 11 12 13 14 18 20 23 25 29 34

0
12241 21174 21948|3 6 8 11 13 14 15 16 23 27 28 30 34 35 37

0
2859 17721 19596|4 8 10 11 13 15 17 18 21 23 25 26 27 32

0
9208 13266 21838|0 2 13 14 15 18 21 22 29 30 32 39 40 41

0
3485 10881 15518|0 3 6 11 12 20 23 25 30 34 35 38 41

0
4802 15957 20020|0 3 8 14 15 21 22 23 27 30 32 34

0
7982 9000 11250|0 1 11 16 19 20 21 25 28 31 32 34

0
4516 12808 22059|0 2 6 14 16 19 26 35 39

0
6832 7044 20350|5 7 15 22 35

0
