ROWS: 23 32 39 42 44 45 49 101 109 119 262 268 290 346 350 361 385 436 463 476 621 681 744 781 784 1192 2176 2562 2635 8131 8141 8350 8398 8423 8802 8843 10516 10893 11068 11110 11120 11382 11424 11576 11655 11775 11817 11921 11962 11965 12118 12172 12316 12466 12794 13180 13268 13319 13347 13381 13521 13695 13729 15334 17097 17111 17171 19125 20837 21150 21157 22230
COLS: 0 2 3 5 6 7 9 14 16 35 39
GO:0006414, 1.75711799909e-71, 5.0077862974e-69
GO:0044267, 8.25701346943e-22, 1.17662441939e-19
GO:0009059, 3.67527802525e-17, 3.49151412399e-15
GO:0042274, 4.0589717715e-15, 2.8920173872e-13
GO:0044249, 7.04421885527e-14, 3.48700225022e-12
GO:0010467, 7.34105736889e-14, 3.48700225022e-12
GO:0006364, 4.10476265591e-08, 1.67122479562e-06
GO:0044238, 5.22957532113e-07, 1.86303620815e-05
GO:0034660, 9.25486296689e-07, 2.93070660618e-05
GO:0042255, 0.000482720348544, 0.0137575299335
GO:0044085, 0.000722065332491, 0.0176686152654
GO:0006396, 0.000743941695385, 0.0176686152654
GO:0006413, 0.00135424801277, 0.0296892833569
ROWS: 42 51 58 108 109 216 252 290 336 361 460 560 576 621 744 781 2176 2635 8328 8350 8423 8627 10516 10761 11120 11314 11358 11424 11655 11921 11962 12118 12316 12466 12794 12967 13268 13649 15334 17083 17171 20837 21157
COLS: 20 22 24 27 37 38
GO:0006414, 5.97064115666e-44, 6.03034756822e-42
GO:0044267, 5.4672721804e-16, 2.7609724511e-14
GO:0009059, 4.3133967295e-13, 1.45217689893e-11
GO:0044249, 5.12441117638e-11, 1.29391382204e-09
GO:0010467, 8.59792769596e-11, 1.73678139458e-09
GO:0042274, 1.54282277258e-08, 2.5970850005e-07
GO:0006364, 1.29626636562e-06, 1.87032718468e-05
GO:0044238, 1.89282098192e-05, 0.000238968648968
GO:0034660, 5.6111729384e-05, 0.00062969829642
GO:0006396, 0.00403327535774, 0.0407360811132
ROWS: 1019 22240
COLS: 3 7 9 20 22 27 29 37 38 40
ROWS: 26 47 82 88 141 166 167 177 184 190 240 288 420 424 471 624 1771 1905 2173 3163 3554 8136 8137 8185 8186 8191 8212 8349 8417 8582 11385 11427 12145 12391 13706 17166 20838 22220 22221 22267
COLS: 0 3 5 6 7 9 16 35
