ROWS: 7741 14090 14972 19476
COLS: 24 25 27 29 37
GO:0017126, 0.000192455735181, 0.00923787528869
ROWS: 7277 11503 11650 17640
COLS: 7 8 16 29
ROWS: 3852 5986 15706 16910 20440
COLS: 17 26 30
GO:0010273, 0.000577311641381, 0.0340886743265
GO:0010038, 0.000582712381649, 0.0340886743265
ROWS: 1031 10609 13749
COLS: 5 7 20 40
ROWS: 11603 12573 13465
COLS: 18 19 26 41
ROWS: 3376 7702 19609
COLS: 5 15 27 38
ROWS: 8712 17515 17751
COLS: 2 3 9 14
GO:0032218, 0.000577311641381, 0.0216471030294
GO:0009051, 0.000865884121176, 0.0216471030294
GO:0006740, 0.00288433628217, 0.0480722713696
ROWS: 2918 8174 8378
COLS: 0 6 31 36
