GDS1490 QUBIC
19 167 405 457 468 495 496 497 531 536 550 556 689 751 787 808 891 894 941 942 964 1021 1090 1179 1184 1186 1195 1225 1285 1315 1423 1459 1469 1699 1707 1739 1920 2012 2076 2215 2288 2378 2749 2804 2938 2942 3084 3171 3299 3454 3924 4235 4369 4422 4433 4515 4691 4715 4841 4886 4899 4949 4953 4965 5031 5065 5072 5078 5082 5138 5174 5180 5206 5223 5233 5272 5289 5313 5331 5350 5367 5368 5387 5394 5413 5414 5436 5443 5447 5539 5571 5575 5643 5734 5741 5748 5752 5828 5842 5869 5880 5883 5911 5919 6024 6036 6054 6099 6123 6131 6157 6168 6262 6270 6360 6658 6957 7044 7091 7221 7352 7474 7780 7971 8044 8092 8126 8373 8460 8492 8514 8522 8525 8610 8904 8925 8979 9015 9134 9167 9335 9416 9433 9434 9444 9522 9671 9774 9834 9865 9903 9916 9932 10266 10272 10368 10408 10525 10527 10611 10736 10852 10863 10908 10914 10987 11204 11218 11219 11224 11340 11355 11437 11447 11502 11516 11549 11572 11586 11601 11632 11645 11765 11926 11928 11933 11935 12096 12148 12260 12270 12332 12333 12344 12351 12457 12459 12480 | 4 24 44
GDS1490 QUBIC
7 276 293 619 1231 1422 1624 1910 2078 2158 2259 2271 2339 2454 3074 3098 3459 3478 3541 4201 4821 4845 5276 5375 5477 5785 5877 5996 6161 6309 6374 6728 6925 6968 6981 7017 7391 7519 7594 8297 9243 9529 10429 10827 10895 10896 11019 11190 11216 11744 12158 | 4 5 24 44
GDS1490 QUBIC
372 485 862 1359 2135 3826 4644 4971 5085 5175 5266 5562 5738 5985 7377 7387 9338 9822 9896 9918 10730 11550 11553 | 15 23 24 44
GDS1490 QUBIC
706 863 933 975 2238 4649 4979 5730 7389 7644 8007 8465 8473 8720 8955 9576 10771 12265 12390 | 69 96 97
GDS1490 QUBIC
171 1368 3790 6127 6150 11953 12059 | 24 44 53 69 89 131 132 134
GDS1490 QUBIC
38 3123 6841 6842 11810 | 24 44 77 88 89 91 135 136
GDS1490 QUBIC
7106 7662 10694 | 10 14 15 21 23 24 26 33 35 38 44 84
GDS1490 QUBIC
4052 7698 9092 9583 10230 10922 | 12 22 32 33 41 45
GDS1490 QUBIC
1262 1702 7135 11958 11959 | 6 16 24 30 36 48 49
GDS1490 QUBIC
4667 8717 12189 | 2 4 17 24 26 27 33 34 38 44 46
GDS1490 QUBIC
95 3235 9236 10868 | 7 15 17 20 22 25 27 47
GDS1490 QUBIC
661 1442 2133 3945 7797 | 8 16 18 30 46 48
GDS1490 QUBIC
5465 7061 8600 | 2 9 11 19 20 29 30 32 35 49
GDS1490 QUBIC
2092 2283 6786 | 20 26 29 38 41 46 47 85 127 128
GDS1490 QUBIC
771 11234 12087 | 2 10 15 19 20 24 29 30 32
GDS1490 QUBIC
1130 7976 7977 | 0 1 11 21 31 34 39 41
GDS1490 QUBIC
389 10972 10974 | 1 3 9 17 20 29 61
GDS1490 QUBIC
1452 10346 10695 | 4 14 16 20 21 30 85
GDS1490 QUBIC
186 1032 7289 | 0 23 24 33 43 44 134
GDS1490 QUBIC
1435 8569 9528 | 2 16 24 32 41 45 61